0 0.0657675293 0.2248217881 0.0189393939 0.0473484848 0.0719625519 0.2152103157 2 0.0628484187 0.2405273525 2
0 0.0742290465 0.2721563842 0.0259592563 0.0468024123 0.0658705876 0.2813506632 2 0.0773143433 0.2602271250 2
0 0.0938642692 0.2214763143 0.0175107354 0.0452628596 0.0952363281 0.2059419460 2 0.0910010023 0.2274547120 2
0 0.1111709770 0.1424687488 0.0224497126 0.0492472619 0.1189827999 0.1327449855 2 0.1077839873 0.1487017839 2
0 0.1392637311 0.1136363636 0.0278172348 0.0399831650 0.1493466719 0.1048744527 2 0.1351476193 0.1213683016 2
0 0.1463192704 0.1579233999 0.0236742424 0.0578703704 0.1419530661 0.1732683997 2 0.1457435891 0.1470011926 2
0 0.1658329727 0.1539825685 0.0184761000 0.0659617700 0.1680501340 0.1383981598 2 0.1637033329 0.1689650447 2
0 0.1769649621 0.1790123457 0.0191761364 0.0460157127 0.1697488653 0.1858573758 2 0.1842224077 0.1747016532 2
0 0.1869081439 0.2178030303 0.0248579545 0.0673400673 0.1880718275 0.1988524344 2 0.1826708596 0.2332585999 2
0 0.1246585270 0.2193116962 0.0254498106 0.0420875421 0.1321857070 0.2095548445 2 0.1174236359 0.2296312612 2
0 0.1371922348 0.2525953984 0.0165719697 0.0547138047 0.1389422610 0.2729544468 2 0.1339688697 0.2446093673 2
0 0.1158854167 0.2814604377 0.0213068182 0.0431397306 0.1120529084 0.2858445974 2 0.1192210955 0.2734307255 2
0 0.1244645407 0.3195493612 0.0262914408 0.0466920736 0.1181341596 0.3359368737 2 0.1280468258 0.3160098730 2
0 0.1518284551 0.2860553162 0.0251783170 0.0607469960 0.1580560199 0.2698262827 2 0.1466012103 0.2973991825 2
0 0.1071593337 0.3708784785 0.0142045455 0.0494528620 0.1119680629 0.3564915504 2 0.1054236089 0.3837564362 2
0 0.0756392045 0.4208754209 0.0236742424 0.0357744108 0.0837398052 0.4244101397 2 0.0715868444 0.4301471306 2
0 0.0640980114 0.5066287879 0.0147964015 0.0578703704 0.0616640596 0.4886928238 2 0.0637527151 0.5141348830 2
0 0.0809659091 0.5045244108 0.0213068182 0.0557659933 0.0784910000 0.4828673798 2 0.0805037044 0.5075167970 2
0 0.0975114827 0.5173435543 0.0134470143 0.0472919582 0.0972192363 0.5272136978 2 0.0986249642 0.5028179972 2
0 0.1167732008 0.5445075758 0.0254498106 0.0389309764 0.1096121201 0.5581291453 2 0.1197979491 0.5364781076 2
0 0.0952342542 0.5758172161 0.0217185083 0.0363145668 0.1020357754 0.5881977626 2 0.0917056264 0.5714007724 2
0 0.0931581439 0.6664772727 0.0220170455 0.0264730640 0.0982652301 0.6717606247 2 0.0868352674 0.6649806407 2
0 0.1343132062 0.6057752668 0.0216278249 0.0627746390 0.1280699696 0.5882586363 2 0.1352026037 0.6167518779 2
0 0.1167387193 0.4761847985 0.0195312500 0.0379629630 0.1106809408 0.4658622647 2 0.1195323243 0.4831837687 2
0 0.1223958333 0.4017576899 0.0207450565 0.0564971751 0.1231969540 0.3880066427 2 0.1168531053 0.4128449920 2
0 0.1333494697 0.4471444673 0.0163312147 0.0714061519 0.1305566868 0.4251830030 2 0.1290294639 0.4643817223 2
0 0.1614583333 0.4927809165 0.0291313559 0.0376647834 0.1708347773 0.5029377366 2 0.1564718698 0.4895699063 2
0 0.1426995056 0.3746861268 0.0180967514 0.0651286880 0.1438273849 0.3580603576 2 0.1397355605 0.3938130357 2
0 0.1549350163 0.4151776644 0.0187330270 0.0739209282 0.1550943895 0.3910374221 2 0.1540333855 0.4303869656 2
0 0.1945925872 0.5006277464 0.0291313559 0.0376647834 0.1863111037 0.5028239485 2 0.2027017158 0.4986183389 2
0 0.1750582202 0.3943212787 0.0192689025 0.0677337053 0.1753000947 0.3797669022 2 0.1741407026 0.4077746605 2
0 0.1634557067 0.3360831128 0.0181190406 0.0648215928 0.1637199493 0.3170710382 2 0.1629859966 0.3449529496 2
0 0.1842999647 0.3090733811 0.0196415960 0.0613887055 0.1895802514 0.3281231367 2 0.1815881465 0.2976330240 2
0 0.1883827684 0.4362837414 0.0247175141 0.0423728814 0.1982740752 0.4366203722 2 0.1856572466 0.4391692264 2
0 0.2095692090 0.4198053986 0.0185381356 0.0612052731 0.2085815070 0.3992358888 2 0.2108723413 0.4313802932 2
0 0.2221486582 0.3695856874 0.0216278249 0.0612052731 0.2246848551 0.3559977677 2 0.2183850609 0.3875603729 2
0 0.2312730707 0.3003522501 0.0328145029 0.0404408468 0.2413591525 0.2928158856 2 0.2235624238 0.3037167553 2
0 0.2027277542 0.2510985562 0.0242761299 0.0580665411 0.2014726204 0.2275821590 2 0.2045774141 0.2609759398 2
0 0.2153072034 0.1196641557 0.0282485876 0.0541431262 0.2185007357 0.1054636694 2 0.2093248604 0.1347390811 2
0 0.1823500284 0.0944401779 0.0176553672 0.0415881984 0.1826712067 0.1113976472 2 0.1842277992 0.0891606115 2
0 0.2411281780 0.1110326428 0.0189795198 0.0541431262 0.2391687385 0.1324660125 2 0.2420163919 0.1013168963 2
0 0.2606827464 0.0974087695 0.0187121909 0.0578503832 0.2619796913 0.1121985609 2 0.2599657376 0.0875901517 2
0 0.2728602186 0.0453696057 0.0357521186 0.0360954175 0.2609338593 0.0427549364 2 0.2772131013 0.0412802422 2
0 0.2234728107 0.1655681105 0.0269244350 0.0643440050 0.2199042700 0.1593875385 2 0.2308276893 0.1807947645 2
0 0.2532662429 0.1569365976 0.0291313559 0.0674827370 0.2571013400 0.1441053266 2 0.2469034385 0.1750637320 2
0 0.2329625706 0.2263810421 0.0326624294 0.0588512241 0.2364656351 0.2439999971 2 0.2340974195 0.2141920569 2
0 0.2693767655 0.2510985562 0.0366348870 0.0721908349 0.2730933791 0.2286177982 2 0.2721371320 0.2697954490 2
0 0.2704932234 0.3130235334 0.0257359021 0.0529652788 0.2775078988 0.3229812132 2 0.2653415646 0.3014563881 2
0 0.2854872881 0.1879315756 0.0264830508 0.0494350282 0.2785731227 0.2008561783 2 0.2838728052 0.1807839511 2
0 0.2862830289 0.1217672541 0.0178294225 0.0567799571 0.2862695790 0.1033596454 2 0.2862721968 0.1308860505 2
0 0.2968943106 0.1312545773 0.0203036723 0.0604205901 0.3028633603 0.1072155678 2 0.2941885403 0.1421514603 2
0 0.3207973002 0.1173544234 0.0231636694 0.0520779400 0.3189820961 0.1347609756 2 0.3244066422 0.1077729735 2
0 0.3126490935 0.1793082428 0.0257434796 0.0491734548 0.3163807035 0.1896478808 2 0.3065253110 0.1659964824 2
0 0.2996731082 0.2360754437 0.0191694487 0.0620803135 0.3015694752 0.2504713491 2 0.2978351408 0.2196377333 2
0 0.3236670198 0.2259887006 0.0260416667 0.0753295669 0.3300703630 0.2105182130 2 0.3213098101 0.2463212391 2
0 0.3181497175 0.2997489014 0.0467867232 0.0753295669 0.3150260796 0.2758399203 2 0.3182826960 0.3134719327 2
0 0.2907303972 0.3673077289 0.0334381955 0.0723430158 0.2974199759 0.3454036886 2 0.2898556509 0.3836778799 2
0 0.2507429542 0.4001475023 0.0258503151 0.0721091916 0.2476127511 0.3813970561 2 0.2465196967 0.4211530743 2
0 0.2316384181 0.4645323289 0.0273658192 0.0627746390 0.2283626090 0.4452255471 2 0.2329778428 0.4768515535 2
0 0.1752604167 0.6250000000 0.0239583333 0.0370370370 0.1665734363 0.6142159706 2 0.1781079007 0.6244688279 2
0 0.1851017725 0.7193997172 0.0215515842 0.0411959486 0.1788500629 0.7090055154 2 0.1907884405 0.7278094845 2
0 0.2208245056 0.7179849341 0.0233933616 0.0455116133 0.2146491467 0.7023739755 2 0.2225871493 0.7246878291 2
0 0.2155278955 0.6422630257 0.0172139831 0.0635593220 0.2165050873 0.6249805694 2 0.2154855402 0.6545851966 2
0 0.2362613366 0.6670342287 0.0207682872 0.0518964549 0.2351668649 0.6557595759 2 0.2305585511 0.6825217686 2
0 0.2521627825 0.6705116133 0.0198622881 0.0666980540 0.2541962126 0.6480961219 2 0.2475093681 0.6820157596 2
0 0.2506179379 0.5771343377 0.0220692090 0.0698367859 0.2530110415 0.5564853527 2 0.2485300690 0.5871883123 2
0 0.2699023444 0.5047484660 0.0196938988 0.0717962255 0.2708156964 0.4814727030 2 0.2694883219 0.5152993694 2
0 0.2753405547 0.4092439285 0.0185279302 0.0667615543 0.2739705480 0.3914080588 2 0.2732069990 0.4237734511 2
0 0.2886621494 0.4560514871 0.0185381356 0.0698367859 0.2864807802 0.4327471110 2 0.2896509641 0.4666153608 2
0 0.2983899863 0.5030573788 0.0266881647 0.0626234722 0.3046571233 0.4827553491 2 0.2936909468 0.5119240767 2
0 0.3079978814 0.6026365348 0.0247175141 0.0721908349 0.3073165889 0.5824924098 2 0.3041320776 0.6150880814 2
0 0.2931464652 0.6478590544 0.0314683690 0.0335348730 0.2830141615 0.6433493701 2 0.2954262792 0.6580500469 2
0 0.2771009887 0.6932674200 0.0317796610 0.0431575643 0.2848412901 0.6841903128 2 0.2669606224 0.7012312240 2
0 0.2521627825 0.8070464532 0.0251588983 0.0682674200 0.2457702221 0.7914039993 2 0.2550783096 0.8223903995 2
0 0.1460098870 0.8733521657 0.0273658192 0.0549278092 0.1410081645 0.8544191853 2 0.1482771678 0.8819344858 2
0 0.1402763065 0.7403130885 0.0211776130 0.0462256748 0.1458028773 0.7287584573 2 0.1379411184 0.7480280929 2
0 0.3430879237 0.8729598242 0.0269244350 0.0525737602 0.3509731600 0.8875330350 2 0.3395135461 0.8663537878 2
0 0.2804113701 0.7470182046 0.0260416667 0.0627746390 0.2787002931 0.7272638850 2 0.2802946466 0.7630669111 2
0 0.3099841102 0.7552573760 0.0260416667 0.0651286880 0.3018447467 0.7338336284 2 0.3128143184 0.7657169690 2
0 0.3262408055 0.7312990682 0.0154484463 0.0557124922 0.3294392674 0.7150910756 2 0.3266837630 0.7417027935 2
0 0.3842580327 0.6049666938 0.0358471088 0.0392976156 0.3976674297 0.6151299867 2 0.3781795530 0.6003596731 2
0 0.3472400878 0.5517274235 0.0175733959 0.0645345709 0.3456669180 0.5320327239 2 0.3478207675 0.5643920264 2
0 0.3282644423 0.5003470563 0.0247917369 0.0716294547 0.3318902905 0.4844449088 2 0.3230703883 0.5172977719 2
0 0.3267422340 0.4542508933 0.0225395433 0.0456727269 0.3343892055 0.4376952318 2 0.3237992809 0.4622162096 2
0 0.3657508172 0.5177835064 0.0280357032 0.0623165852 0.3638313384 0.5409715551 2 0.3639979405 0.5083915913 2
0 0.3972697792 0.4558667747 0.0196454906 0.0785363816 0.3966885653 0.4358183476 2 0.3969769203 0.4716524381 2
0 0.3532774390 0.4027053260 0.0215955285 0.0738425849 0.3554511492 0.3840305925 2 0.3497457617 0.4200042852 2
0 0.3225635593 0.4088198368 0.0273658192 0.0706214689 0.3274378336 0.3881066674 2 0.3179031801 0.4240215779 2
0 0.3492673023 0.3429064658 0.0286899718 0.0784682988 0.3566046849 0.3191459367 2 0.3459412667 0.3536771136 2
0 0.3476863444 0.2697084724 0.0290591294 0.0623296881 0.3486959974 0.2471728962 2 0.3559439241 0.2837309142 2
0 0.3660440037 0.2307315490 0.0296307425 0.0712063640 0.3600195299 0.2057856313 2 0.3671890839 0.2403058267 2
0 0.3941943473 0.0802900803 0.0193036131 0.0634550635 0.3973996486 0.0610756217 2 0.3927413842 0.0889999944 2
0 0.3961975524 0.1337088837 0.0240384615 0.0537425537 0.3890061721 0.1476897582 2 0.4011114349 0.1214042722 2
0 0.4241820025 0.1364268677 0.0270499024 0.0569230612 0.4272400222 0.1466967059 2 0.4192380209 0.1246606936 2
0 0.4420891608 0.1091038591 0.0269522145 0.0550375550 0.4347398360 0.1211295686 2 0.4446671308 0.0961159125 2
0 0.4297523284 0.2174530256 0.0333278119 0.0568949100 0.4376763829 0.2019478687 2 0.4220177242 0.2254842534 2
0 0.3958333333 0.2360139860 0.0254953380 0.0666925667 0.3972260733 0.2640001396 2 0.3892916707 0.2273889635 2
0 0.3920108920 0.3363140606 0.0262291631 0.0821075306 0.3967629041 0.3141832713 2 0.3922673398 0.3555492325 2
0 0.4175043706 0.2793965294 0.0375145688 0.0407925408 0.4057516916 0.2774561683 2 0.4272942804 0.2749416573 2
0 0.4180295037 0.3328382658 0.0280448718 0.0718725719 0.4171463589 0.3488217146 2 0.4185874826 0.3211521409 2
0 0.4262456294 0.3859103859 0.0265879953 0.0699300699 0.4359585776 0.3640705337 2 0.4218427499 0.3958103909 2
0 0.3987470862 0.5419580420 0.0305944056 0.0712250712 0.3916026790 0.5178518760 2 0.3986481724 0.5566126681 2
0 0.4077951443 0.5880817843 0.0389693326 0.0344142865 0.4197730151 0.5899962915 2 0.4028199992 0.5829639294 2
0 0.3688811189 0.6442631443 0.0225815851 0.0543900544 0.3727941893 0.6253377836 2 0.3629062636 0.6586852979 2
0 0.3443270670 0.6573371439 0.0149770073 0.0517596529 0.3458575012 0.6426591558 2 0.3439359856 0.6701240191 2
0 0.3603219697 0.6902356902 0.0178467366 0.0518000518 0.3638948484 0.7081564401 2 0.3576629624 0.6823056538 2
0 0.3704924242 0.7373219373 0.0189393939 0.0543900544 0.3693240841 0.7209816553 2 0.3668521027 0.7507100596 2
0 0.3512164918 0.7604895105 0.0185751748 0.0705775706 0.3546674679 0.7418018847 2 0.3491955258 0.7721596325 2
0 0.3823572867 0.7142633339 0.0241781819 0.0546770646 0.3770670876 0.6957542040 2 0.3869111760 0.7272658519 2
0 0.4092817164 0.6394995308 0.0235800166 0.0663349917 0.4080127622 0.6217776207 2 0.4092541786 0.6507834155 2
0 0.4093552848 0.7031477696 0.0265879953 0.0569800570 0.4017718076 0.6854242921 2 0.4124284146 0.7129388692 2
0 0.3782087523 0.7943185201 0.0308785327 0.0346354861 0.3660274935 0.7930162231 2 0.3833115910 0.8012950770 2
0 0.3728875291 0.8608521109 0.0174825175 0.0692825693 0.3717682478 0.8451416955 2 0.3726943753 0.8762595796 2
0 0.3905521562 0.8326858327 0.0127476690 0.0660450660 0.3880078660 0.8561109527 2 0.3899883505 0.8291669867 2
0 0.4035573154 0.8169826534 0.0132626495 0.0586013857 0.4020280765 0.7996556943 2 0.4007925825 0.8319644431 2
0 0.4349868881 0.8485495985 0.0331439394 0.0407925408 0.4245073282 0.8386356651 2 0.4403679720 0.8528194597 2
0 0.4351689977 0.7844470344 0.0269522145 0.0628075628 0.4413670584 0.7652793842 2 0.4320477922 0.7946831149 2
0 0.4586143024 0.8129231879 0.0353292541 0.0407925408 0.4724447627 0.8200211696 2 0.4500053583 0.8076345273 2
0 0.4877986597 0.8589096089 0.0236742424 0.0679875680 0.4939722948 0.8430081440 2 0.4825212043 0.8788761100 2
0 0.5236499611 0.8927289543 0.0290889666 0.0599189368 0.5137775978 0.9105116469 2 0.5267697697 0.8814151812 2
0 0.5116705247 0.7923525377 0.0295138889 0.0524691358 0.5019107404 0.7788373623 2 0.5160946349 0.7984789667 2
0 0.5402462121 0.7763532764 0.0382430070 0.0466200466 0.5289308073 0.7662183513 2 0.5455678463 0.7825842682 2
0 0.3754370629 0.9349909350 0.0371503497 0.0310800311 0.3879332855 0.9319074948 2 0.3637984876 0.9437833478 2
0 0.5619588946 0.8352657965 0.0217698564 0.0750899976 0.5636961374 0.8114575563 2 0.5596254531 0.8491096226 2
0 0.5894157925 0.8197358197 0.0229458042 0.0608650609 0.5858091231 0.7971110269 2 0.5910506958 0.8299916383 2
0 0.6143544379 0.8130870936 0.0262030483 0.0540426150 0.6085013092 0.7960621808 2 0.6174687097 0.8271356591 2
0 0.6436844406 0.8271820772 0.0265879953 0.0602175602 0.6389874508 0.8105220763 2 0.6494518260 0.8354219230 2
0 0.6442307692 0.9074721575 0.0254953380 0.0602175602 0.6531463477 0.8922431823 2 0.6412330590 0.9284481318 2
0 0.6996842443 0.8776915875 0.0249512392 0.0576364773 0.6910764226 0.8599650835 2 0.7007118227 0.8888655034 2
0 0.7086509324 0.8079435379 0.0210314685 0.0567055167 0.7130955897 0.7922551913 2 0.7056113242 0.8220363681 2
0 0.7316433566 0.7714970215 0.0203962704 0.0757575758 0.7303147359 0.7431563428 2 0.7300109314 0.7842036985 2
0 0.7526988358 0.7998627397 0.0149585624 0.0639725697 0.7528397378 0.7812517084 2 0.7540531710 0.8099846354 2
0 0.7635125291 0.7844470344 0.0200320513 0.0641025641 0.7601411654 0.7654935149 2 0.7649397176 0.7935231532 2
0 0.7029672987 0.7580421499 0.0280395197 0.0466037602 0.7133747748 0.7487587964 2 0.6995501856 0.7627821706 2
0 0.6893028846 0.7532051282 0.0308493590 0.0562678063 0.6979797142 0.7367112645 2 0.6859012239 0.7619025605 2
0 0.6394959207 0.7316757317 0.0276806527 0.0543900544 0.6428660884 0.7487652418 2 0.6385309514 0.7236464232 2
0 0.6268587779 0.7701890581 0.0171602932 0.0526893101 0.6270080578 0.7593682164 2 0.6261516974 0.7884174559 2
0 0.6106729114 0.7421205297 0.0273295144 0.0412952234 0.6020317755 0.7553914811 2 0.6169330188 0.7321131100 2
0 0.5874125874 0.7494819995 0.0196678322 0.0550375550 0.5876751229 0.7334703610 2 0.5841437209 0.7602828581 2
0 0.5556067197 0.7192437192 0.0281714813 0.0800310800 0.5542977024 0.6990039200 2 0.5546083544 0.7397041365 2
0 0.5212222673 0.7089947090 0.0238433442 0.0740740741 0.5216460986 0.6870928642 2 0.5199887369 0.7275801195 2
0 0.4458764427 0.6753126472 0.0342365967 0.0641025641 0.4423991642 0.6611711429 2 0.4442857516 0.6910034958 2
0 0.4355802517 0.7237384886 0.0244026807 0.0375550376 0.4399019600 0.7111680062 2 0.4329602191 0.7294939581 2
0 0.4799842800 0.7023089543 0.0348783844 0.0364248645 0.4682138403 0.7020365020 2 0.4872654462 0.7036699165 2
0 0.4474844583 0.7134339226 0.0215828857 0.0482979179 0.4448525730 0.7006159193 2 0.4499440490 0.7251509626 2
0 0.4830638112 0.6539756540 0.0287733100 0.0699300699 0.4868516900 0.6342961890 2 0.4801212531 0.6748449938 2
0 0.4670921798 0.6184423534 0.0200320513 0.0731675732 0.4677732730 0.6397562344 2 0.4666974072 0.6053285264 2
0 0.4325553883 0.5703731282 0.0326515691 0.0749601907 0.4240146355 0.5453590836 2 0.4339346584 0.5811646880 2
0 0.4269238149 0.5131000968 0.0360333226 0.0491966318 0.4138586003 0.5047830631 2 0.4307884096 0.5195985411 2
0 0.4559294872 0.4147241647 0.0203962704 0.0796425796 0.4568534335 0.3934470288 2 0.4568534335 0.4309214365 2
0 0.4717730186 0.4513079513 0.0185751748 0.0699300699 0.4678452686 0.4274738956 2 0.4709300522 0.4640342934 2
0 0.4516742750 0.3377069438 0.0285852923 0.0736672546 0.4453719144 0.3130345702 2 0.4512580970 0.3525863758 2
0 0.4577615262 0.2871600772 0.0266335227 0.0499789562 0.4653298341 0.3023021364 2 0.4554426795 0.2805547986 2
0 0.4909239597 0.2975654226 0.0340250965 0.0536846370 0.4829288514 0.3122437557 2 0.4974349106 0.2826938554 2
0 0.5200238831 0.3581634358 0.0253627730 0.0719356556 0.5136320991 0.3317653751 2 0.5254740190 0.3714257176 2
0 0.4811251368 0.3848551915 0.0197899562 0.0804994328 0.4825556388 0.3543579966 2 0.4815822404 0.3991224151 2
0 0.5030732402 0.4060846561 0.0203373016 0.0767195767 0.4998884995 0.3808481451 2 0.5018370272 0.4227813739 2
0 0.4981249145 0.5458971903 0.0345041393 0.0766283525 0.4955255922 0.5175949599 2 0.4933745171 0.5602067339 2
0 0.5181220689 0.5143298060 0.0263235029 0.0692239859 0.5252495040 0.5404171151 2 0.5188151878 0.5019227884 2
0 0.5076135358 0.5999984664 0.0233695652 0.0695621501 0.5099663598 0.5819103236 2 0.5033972397 0.6146415635 2
0 0.5314407270 0.6521021519 0.0272817460 0.0608465608 0.5242641803 0.6329545721 2 0.5353258768 0.6594158854 2
0 0.5626489481 0.6445247455 0.0254957546 0.0703546057 0.5604026893 0.6242242317 2 0.5624720289 0.6628457002 2
0 0.5873015873 0.6847442681 0.0307539683 0.0784832451 0.5864504591 0.6620982709 2 0.5878143106 0.6997732127 2
0 0.6356646825 0.6393298060 0.0282738095 0.0652557319 0.6378236937 0.6223614548 2 0.6343344970 0.6581838742 2
0 0.6164140050 0.6971581854 0.0341733761 0.0407796887 0.6064018401 0.7038253812 2 0.6241426589 0.6943107521 2
0 0.5761914461 0.5540948637 0.0253987652 0.0887893746 0.5742044514 0.5326951052 2 0.5758944833 0.5700423469 2
0 0.5230201863 0.4494151405 0.0296066253 0.0396330270 0.5318626755 0.4471136651 2 0.5109972175 0.4480295700 2
0 0.5466145833 0.4856481481 0.0223958333 0.0583333333 0.5522059173 0.5026407812 2 0.5440800316 0.4779453876 2
0 0.5572916667 0.4578703704 0.0156250000 0.0712962963 0.5570972206 0.4350955411 2 0.5570972206 0.4750811065 2
0 0.5799600857 0.4620370370 0.0296631620 0.0759259259 0.5864091208 0.4385050521 2 0.5719728287 0.4758545451 2
0 0.5497395833 0.3898148148 0.0213541667 0.0814814815 0.5531746079 0.3630118997 2 0.5479464710 0.4013515702 2
0 0.5715168033 0.3869236243 0.0203125000 0.0731481481 0.5720646437 0.3564301639 2 0.5712684672 0.4007463099 2
0 0.6072218343 0.4965989034 0.0244413408 0.0765311401 0.6084681671 0.4694238013 2 0.6066847356 0.5110721641 2
0 0.6363648504 0.5324133428 0.0220619658 0.0889007597 0.6383151125 0.5048600228 2 0.6341401383 0.5549300799 2
0 0.6760416667 0.6104166667 0.0312500000 0.0634259259 0.6677923192 0.5954728066 2 0.6825653761 0.6274197309 2
0 0.6580729167 0.7097222222 0.0255208333 0.0768518519 0.6586700184 0.6882774873 2 0.6579509021 0.7266303602 2
0 0.6927083333 0.6930555556 0.0239583333 0.0583333333 0.6872235920 0.7060280682 2 0.6975944629 0.6824618452 2
0 0.7219576720 0.6981505977 0.0165013228 0.0685234176 0.7251131224 0.6821238041 2 0.7194662819 0.7161575357 2
0 0.7446373457 0.6570726370 0.0232253086 0.0752335228 0.7508969932 0.6364370543 2 0.7440285031 0.6680823336 2
0 0.7548600053 0.6876223756 0.0215299894 0.0706151215 0.7603898562 0.6731200970 2 0.7505282110 0.7073536635 2
0 0.8239583333 0.7937500000 0.0375000000 0.0412037037 0.8132978055 0.7886321823 2 0.8311342324 0.7977983986 2
0 0.8262561275 0.7380718954 0.0226102941 0.0523965142 0.8338036851 0.7218324625 2 0.8228348196 0.7454332304 2
0 0.7828125000 0.7337962963 0.0218750000 0.0620370370 0.7846076422 0.7133895314 2 0.7846076422 0.7390417283 2
0 0.7799479167 0.6743589744 0.0234375000 0.0623931624 0.7806452491 0.6505730639 2 0.7828224309 0.6867516087 2
0 0.8033854167 0.7083333333 0.0192708333 0.0648148148 0.8107250574 0.6854725567 2 0.8010213185 0.7204368223 2
0 0.8270500470 0.6869360902 0.0218084273 0.0539055973 0.8334641407 0.6735596110 2 0.8249929273 0.7002049633 2
0 0.8488420959 0.6549197266 0.0185175250 0.0579876013 0.8464931047 0.6387388707 2 0.8499098233 0.6672641404 2
0 0.7082312782 0.5921296296 0.0173916104 0.0657407407 0.7103323056 0.5670675345 2 0.7072788824 0.6034902774 2
0 0.6893229167 0.5425925926 0.0234375000 0.0703703704 0.6841462690 0.5189429306 2 0.6916694910 0.5533129844 2
0 0.7066305446 0.5156226531 0.0350036982 0.0499835634 0.6976948558 0.5048853439 2 0.7130242016 0.5236550506 2
0 0.6501358696 0.4512882448 0.0212862319 0.0619967794 0.6505732877 0.4725893245 2 0.6516789965 0.4366406217 2
0 0.5983592471 0.4238475805 0.0345929742 0.0372201735 0.5887257861 0.4244391308 2 0.6037749338 0.4237914480 2
0 0.5976562500 0.3754629630 0.0223958333 0.0638888889 0.5984186124 0.3921001884 2 0.6013223077 0.3594573388 2
0 0.5882515672 0.3342420722 0.0336434478 0.0413132598 0.5788825305 0.3396454455 2 0.5968361106 0.3301846911 2
0 0.5449971524 0.3155347076 0.0202264930 0.0587058302 0.5431723245 0.2976188266 2 0.5446591896 0.3302641789 2
0 0.5291755698 0.2959520418 0.0291488604 0.0567188984 0.5239324946 0.3156394934 2 0.5290893406 0.2842287595 2
0 0.5198673433 0.2346628680 0.0281250000 0.0685185185 0.5092307582 0.2075648360 2 0.5215955990 0.2378510633 2
0 0.5430535277 0.2204160890 0.0214471452 0.0599228134 0.5425511150 0.2397229689 2 0.5417528461 0.2086793060 2
0 0.5736265110 0.2751799656 0.0347222222 0.0438596491 0.5605331719 0.2882140230 2 0.5795617216 0.2692716274 2
0 0.4725635593 0.1704802260 0.0316384181 0.0647520402 0.4770427456 0.1803624522 2 0.4699179632 0.1569042663 2
0 0.5171968844 0.1761344678 0.0349568318 0.0404571238 0.5283469783 0.1793620942 2 0.5089828400 0.1659402687 2
0 0.5109658448 0.1252146219 0.0375654625 0.0447402283 0.4986524789 0.1362964609 2 0.5165474936 0.1201912242 2
0 0.5122798103 0.0716658027 0.0245596206 0.0680530748 0.5136342514 0.0492531626 2 0.5072244924 0.0872229308 2
0 0.4732686426 0.0599737670 0.0385416667 0.0444444444 0.4616413103 0.0607284718 2 0.4829912475 0.0595361542 2
0 0.5549479167 0.1212962963 0.0401041667 0.0388888889 0.5693682026 0.1262002664 2 0.5452917452 0.1164818037 2
0 0.5630004785 0.1746422559 0.0250000000 0.0574074074 0.5676702048 0.1893187979 2 0.5639867447 0.1579411751 2
0 0.5879973638 0.2218116979 0.0387820513 0.0378205128 0.5758476040 0.2268081696 2 0.5933940077 0.2154105057 2
0 0.6006517414 0.1870575791 0.0361612064 0.0323506295 0.6132347505 0.1859605418 2 0.5953009736 0.1863127973 2
0 0.6278791861 0.1565636899 0.0224250389 0.0665022499 0.6307498487 0.1787806250 2 0.6260001072 0.1452766397 2
0 0.5813264271 0.0836401373 0.0271423436 0.0540003280 0.5857900752 0.0966756728 2 0.5785155344 0.0719084121 2
0 0.6093862098 0.0900198559 0.0201495382 0.0632120145 0.6090294630 0.1129402199 2 0.6080320762 0.0815445188 2
0 0.6261629189 0.0515456594 0.0169091711 0.0580197923 0.6262729218 0.0704473306 2 0.6264791314 0.0413641308 2
0 0.5571347071 0.0297910716 0.0208375678 0.0595821431 0.5558316693 0.0492671183 2 0.5598287133 0.0115514206 2
0 0.6532801689 0.0963479251 0.0365282865 0.0329858756 0.6386582602 0.0936314693 2 0.6618592311 0.0945751942 2
0 0.6623230128 0.1634095351 0.0250690741 0.0738909284 0.6673233048 0.1464785386 2 0.6560631912 0.1800174343 2
0 0.6242346533 0.2570009895 0.0349276399 0.0434054283 0.6139002049 0.2643717837 2 0.6313235055 0.2544473111 2
0 0.6276041667 0.3134259259 0.0281250000 0.0638888889 0.6166538191 0.2905880774 2 0.6309160874 0.3244455446 2
0 0.6258789062 0.3677083333 0.0288411458 0.0631944444 0.6283175957 0.3915233880 2 0.6242628191 0.3598360596 2
0 0.6462771203 0.2987098413 0.0196375740 0.0780245478 0.6450471634 0.2808316880 2 0.6481260045 0.3123530120 2
0 0.6693848619 0.3308678501 0.0216469428 0.0691431076 0.6692377870 0.3091094606 2 0.6680182268 0.3388501984 2
0 0.6823143116 0.2970813205 0.0249547101 0.0595410628 0.6885170016 0.3135767984 2 0.6790456853 0.2845703395 2
0 0.6695345873 0.2285373254 0.0362796266 0.0325675338 0.6607992781 0.2299534802 2 0.6799491970 0.2245677920 2
0 0.6905133929 0.1810846561 0.0283482143 0.0492063492 0.6821256759 0.1894303269 2 0.6964313292 0.1697173425 2
0 0.7120122354 0.1882814031 0.0281911376 0.0506368803 0.7017904953 0.2040123732 2 0.7151175121 0.1834521550 2
0 0.7225216748 0.1426668927 0.0378787879 0.0335753367 0.7336150623 0.1471193067 2 0.7152688976 0.1430179685 2
0 0.7038508199 0.3005540681 0.0177083333 0.0611111111 0.7033368188 0.3179201961 2 0.7036635774 0.2874227310 2
0 0.6872848601 0.3591188245 0.0262001812 0.0364734300 0.6792287603 0.3637794974 2 0.6910826705 0.3545935612 2
0 0.6681272645 0.4105565560 0.0206295290 0.0642693118 0.6662151550 0.4253073406 2 0.6717371420 0.3910955396 2
0 0.6924693035 0.4521604938 0.0226700886 0.0524691358 0.6861450792 0.4691905189 2 0.6961720996 0.4433798937 2
0 0.7185371374 0.3887587753 0.0158397766 0.0602997327 0.7230117122 0.4031716724 2 0.7210771913 0.3693533812 2
0 0.7520948186 0.4141599261 0.0320512821 0.0451092118 0.7411241332 0.4173586110 2 0.7564618987 0.4067814317 2
0 0.7274270655 0.4941565443 0.0195790187 0.0653517423 0.7283971403 0.5153679059 2 0.7270991260 0.4807352098 2
0 0.7449022714 0.5472626606 0.0324910579 0.0346966547 0.7554543267 0.5440827445 2 0.7370791635 0.5464080998 2
0 0.7497395833 0.5935185185 0.0286458333 0.0555555556 0.7425099998 0.6063582216 2 0.7553873320 0.5853852475 2
0 0.7519153723 0.4668721236 0.0277890779 0.0392998028 0.7456273681 0.4572106906 2 0.7557017147 0.4705356931 2
0 0.7761060159 0.4840498660 0.0150976605 0.0661997468 0.7761614225 0.4586554670 2 0.7765650516 0.4905911813 2
0 0.7854166667 0.5606481481 0.0218750000 0.0601851852 0.7795920840 0.5844733576 2 0.7873324867 0.5515774627 2
0 0.8129202927 0.5240154712 0.0222343091 0.0482653540 0.8084695618 0.5371162672 2 0.8189647588 0.5115798018 2
0 0.8149886435 0.5877743877 0.0185189536 0.0575536062 0.8168105683 0.6120623377 2 0.8141627650 0.5767646599 2
0 0.8462935406 0.4890603567 0.0199129189 0.0781207133 0.8458376310 0.4663333183 2 0.8460539582 0.5060620081 2
0 0.8627703059 0.5283052039 0.0174709916 0.0568448195 0.8621088773 0.5364888046 2 0.8592279563 0.5083906049 2
0 0.7911458333 0.4393518519 0.0322916667 0.0472222222 0.7807484411 0.4256710278 2 0.7973250798 0.4444849403 2
0 0.8107565325 0.4177091741 0.0234375000 0.0555555556 0.8157737616 0.4346847761 2 0.8071592178 0.4099963519 2
0 0.7591226708 0.3601851852 0.0291666667 0.0500000000 0.7547222938 0.3551686431 2 0.7674953990 0.3694549712 2
0 0.7250000000 0.3268518519 0.0218750000 0.0555555556 0.7194121317 0.3390746022 2 0.7304031012 0.3167626039 2
0 0.7297290581 0.2752351949 0.0291936452 0.0505812791 0.7194824951 0.2909907530 2 0.7357388172 0.2709265551 2
0 0.7398955210 0.1905548042 0.0189484747 0.0605548221 0.7386382933 0.2109287388 2 0.7397704672 0.1789820409 2
0 0.7645055770 0.2257160434 0.0270404333 0.0590158611 0.7596417496 0.2426087124 2 0.7688173027 0.2111011558 2
0 0.7682842813 0.2886855771 0.0259314374 0.0644081913 0.7607442733 0.3036212979 2 0.7738621768 0.2776008784 2
0 0.7909676307 0.2299984034 0.0159852757 0.0680520746 0.7899180394 0.2477197588 2 0.7904142719 0.2129498062 2
0 0.7890761582 0.3322293447 0.0190304487 0.0663105413 0.7918158554 0.3138836384 2 0.7879670167 0.3398846824 2
0 0.8200047348 0.3563341751 0.0250000000 0.0629629630 0.8257203361 0.3761716980 2 0.8204179359 0.3474433498 2
0 0.8448959894 0.3907407407 0.0167150558 0.0703703704 0.8450514478 0.4114070201 2 0.8440167124 0.3709373680 2
0 0.8192928792 0.2547348768 0.0225143298 0.0485743680 0.8157655471 0.2623718447 2 0.8255600642 0.2463523680 2
0 0.8354899491 0.3009436474 0.0271269024 0.0577981146 0.8431984581 0.3202349036 2 0.8336788665 0.2904888508 2
0 0.7593085106 0.1622832939 0.0182845745 0.0635342790 0.7591080041 0.1835086954 2 0.7580096357 0.1481783216 2
0 0.7857802543 0.1613362782 0.0278201220 0.0586849916 0.7940891759 0.1740313075 2 0.7824705635 0.1477818498 2
0 0.7629466364 0.0537062901 0.0144349395 0.0425977654 0.7611846368 0.0678343503 2 0.7637453508 0.0473020404 2
0 0.7835423106 0.1007703593 0.0160527235 0.0517070143 0.7876835297 0.1197648228 2 0.7820157872 0.0922401765 2
0 0.7907433262 0.0605979792 0.0135416667 0.0462962963 0.7895429836 0.0746342945 2 0.7923897437 0.0539505879 2
0 0.8046421486 0.0857037371 0.0188257885 0.0475592855 0.7989814478 0.0979755698 2 0.8072461169 0.0797791702 2
0 0.8158854167 0.0513888889 0.0192708333 0.0435185185 0.8196399962 0.0324198616 2 0.8141834657 0.0599875489 2
0 0.8239389354 0.1041951169 0.0180167598 0.0508690255 0.8231772619 0.1129690567 2 0.8268491884 0.0866158068 2
0 0.8388772693 0.1189319526 0.0130208333 0.0564814815 0.8369595432 0.1392776346 2 0.8397465746 0.1097092550 2
0 0.8180699755 0.1821878499 0.0314651542 0.0508728822 0.8055660444 0.1676047586 2 0.8253686501 0.1867477100 2
0 0.8457427132 0.2313980647 0.0276340750 0.0425425425 0.8562401353 0.2194366220 2 0.8409323965 0.2425720626 2
0 0.8744791667 0.1699074074 0.0145833333 0.0490740741 0.8747969394 0.1852523852 2 0.8744689431 0.1598290294 2
0 0.9317005622 0.1474990202 0.0209738757 0.0449980404 0.9366873323 0.1335464248 2 0.9276846246 0.1505245041 2
0 0.9518229167 0.1467592593 0.0192708333 0.0250000000 0.9597022731 0.1485431705 2 0.9495862034 0.1458604559 2
0 0.9502604167 0.1759259259 0.0255208333 0.0277777778 0.9544778676 0.1749696550 2 0.9422651718 0.1762855010 2
0 0.9386248973 0.1119086749 0.0182820355 0.0348650855 0.9445715814 0.1235453725 2 0.9366412594 0.1057814514 2
0 0.8825185748 0.2166488269 0.0283859193 0.0265377717 0.8897615945 0.2107214385 2 0.8765071484 0.2203264130 2
0 0.8739495270 0.2658928252 0.0239407206 0.0540078726 0.8818540068 0.2799569475 2 0.8734184259 0.2582665234 2
0 0.8594696970 0.3496632997 0.0171875000 0.0592592593 0.8565370884 0.3665031814 2 0.8575668730 0.3320009986 2
0 0.8656791126 0.4175925926 0.0208333333 0.0611111111 0.8689234289 0.4320542001 2 0.8607544651 0.4095441663 2
0 0.8909900701 0.3262374524 0.0194704050 0.0597092420 0.8930502844 0.3446241529 2 0.8906681468 0.3134073439 2
0 0.8913742612 0.3922321793 0.0185840603 0.0630763038 0.8945387194 0.4182511546 2 0.8920935383 0.3894710920 2
0 0.8951036634 0.2356414385 0.0193739936 0.0304168903 0.8903826572 0.2375220488 2 0.8994852876 0.2408184746 2
0 0.9164670304 0.2556310839 0.0148632706 0.0499166784 0.9133866448 0.2408719748 2 0.9181241622 0.2605634401 2
0 0.9291402476 0.2277531759 0.0130208333 0.0509259259 0.9289145531 0.2419023116 2 0.9325465402 0.2199772554 2
0 0.9480731933 0.2818670977 0.0145199515 0.0450813247 0.9522258974 0.2943565959 2 0.9472241523 0.2712159919 2
0 0.9210585246 0.3277934335 0.0140625000 0.0527777778 0.9209140824 0.3427914532 2 0.9232422371 0.3143205512 2
0 0.9361979167 0.3000000000 0.0140625000 0.0500000000 0.9348299865 0.2854538973 2 0.9343621277 0.3087428707 2
0 0.9281250000 0.3722222222 0.0135416667 0.0407407407 0.9252673479 0.3617252852 2 0.9307133238 0.3808951204 2
0 0.9151093402 0.4247341975 0.0278314028 0.0352185519 0.9051794702 0.4310131532 2 0.9176906866 0.4156588861 2
0 0.9016988027 0.4720790184 0.0136769095 0.0601531527 0.9024754363 0.4570092813 2 0.9014069644 0.4864568798 2
0 0.9190126092 0.4712669367 0.0182291667 0.0490740741 0.9182864378 0.4901105415 2 0.9196640222 0.4658533946 2
0 0.9367509080 0.4473544143 0.0169642857 0.0615324319 0.9322119954 0.4646940431 2 0.9382164523 0.4295995002 2
0 0.9494791667 0.4505952381 0.0125000000 0.0509259259 0.9505665053 0.4357797632 2 0.9498176836 0.4672454018 2
0 0.9638020833 0.4620370370 0.0130208333 0.0611111111 0.9625391120 0.4423705288 2 0.9621306638 0.4783865829 2
0 0.9311415756 0.5151404732 0.0158418489 0.0450253485 0.9289034280 0.4995168814 2 0.9334260635 0.5241480953 2
0 0.9559895833 0.5342592593 0.0130208333 0.0574074074 0.9559890882 0.5167396317 2 0.9559123495 0.5442973701 2
0 0.8448922267 0.5942747872 0.0308817618 0.0545491143 0.8409496073 0.5780272934 2 0.8506225489 0.6061403947 2
0 0.8779486332 0.6133646874 0.0220458554 0.0578091319 0.8735695049 0.5917384670 2 0.8806469977 0.6218244934 2
0 0.9046875000 0.5685185185 0.0281250000 0.0351851852 0.9164318083 0.5804047435 2 0.9019125218 0.5666286414 2
0 0.7741505456 0.8956238977 0.0194072421 0.0495811287 0.7750409270 0.8862661666 2 0.7699589919 0.9103026454 2
0 0.8462788761 0.7480394936 0.0198146967 0.0383125472 0.8411631444 0.7597758065 2 0.8488062844 0.7419814887 2
0 0.8033267306 0.8913421969 0.0164707977 0.0498575499 0.8031129962 0.8763636050 2 0.8015801253 0.9005340902 2
0 0.8932429453 0.6101802861 0.0162588183 0.0396825397 0.8887151851 0.6199605130 2 0.8966121157 0.6015591412 2
0 0.9239583333 0.5560185185 0.0187500000 0.0453703704 0.9180127881 0.5406628908 2 0.9277165271 0.5609329232 2
0 0.9432291667 0.5861111111 0.0166666667 0.0425925926 0.9460110207 0.5967977222 2 0.9373568699 0.5741248592 2
0 0.9516255938 0.3591855811 0.0115845210 0.0535563473 0.9518002426 0.3405503140 2 0.9519577604 0.3705866685 2
0 0.9400267455 0.3471805138 0.0140625000 0.0462962963 0.9396489928 0.3332718214 2 0.9401979808 0.3534853241 2
0 0.8833333333 0.6745370370 0.0270833333 0.0305555556 0.8755555153 0.6780088296 2 0.8911080095 0.6752160136 2
0 0.6841145833 0.9240740741 0.0223958333 0.0425925926 0.6761890045 0.9275169717 2 0.6912581267 0.9282098049 2
0 0.7403054972 0.0546364795 0.0222776611 0.0423573038 0.7456022566 0.0695596313 2 0.7348123222 0.0507221143 2
0 0.8925540123 0.5227317264 0.0264550265 0.0548696845 0.8919427380 0.5394977531 2 0.8912487675 0.5048130191 2
0 0.3790064103 0.0544871795 0.0256410256 0.0391737892 0.3711966060 0.0641038035 2 0.3845822922 0.0474460606 2
0 0.8533621274 0.1580380440 0.0182079946 0.0474254743 0.8506808396 0.1752342865 2 0.8556890846 0.1477347245 2
0 0.5763134058 0.3083735910 0.0330615942 0.0402576490 0.5650927917 0.3183689595 2 0.5813997102 0.3038426905 2
0 0.7178135784 0.0883641880 0.0302136841 0.0383200057 0.7108016903 0.0909525279 2 0.7259611084 0.0848770771 2
0 0.3039539870 0.7031130715 0.0178179825 0.0653021442 0.3043697312 0.7261705634 2 0.3043697312 0.6976163939 2
0 0.8765841321 0.4719228500 0.0236667635 0.0542693681 0.8679342321 0.4926280266 2 0.8797632945 0.4655492945 2
0 0.4938993025 0.2381591783 0.0325005403 0.0567617321 0.5025692552 0.2575300543 2 0.4884303891 0.2341306598 2
0 0.4579678363 0.2452891488 0.0351790936 0.0584795322 0.4502117032 0.2355663412 2 0.4672503013 0.2597504048 2
0 0.6666314752 0.5421046046 0.0306165541 0.0531781782 0.6598812709 0.5321997659 2 0.6731117424 0.5528664593 2
0 0.3159863083 0.5540248667 0.0211925287 0.0472541507 0.3177974111 0.5647581169 2 0.3124282593 0.5397161122 2
0 0.9021487520 0.2817140812 0.0218900966 0.0375738057 0.9104007090 0.2767088848 2 0.8947830646 0.2737744042 2
0 0.5493289263 0.5243945869 0.0150240385 0.0534188034 0.5511526617 0.5125353079 2 0.5511526617 0.5372897439 2
0 0.2940487005 0.5523422240 0.0266836791 0.0488109313 0.3048815932 0.5390658841 2 0.2873143219 0.5524111631 2
0 0.3953118401 0.1757891825 0.0298108553 0.0414230019 0.3850215617 0.1817185104 2 0.4012757404 0.1709592433 2
0 0.3741776316 0.1399853801 0.0445449561 0.0743177388 0.3710744708 0.1223335498 2 0.3713328522 0.1572625283 2
0 0.3353587963 0.6064814815 0.0271990741 0.0360082305 0.3245501619 0.6130332608 2 0.3425356285 0.6012533060 2
0 0.8518016582 0.7865173847 0.0162096088 0.0472411187 0.8531884909 0.7722125764 2 0.8511730069 0.7930017543 2
0 0.1654045356 0.7423753269 0.0284569473 0.0227423514 0.1578099640 0.7405825963 2 0.1701071947 0.7401436598 2
0 0.8633540251 0.6345630726 0.0204740792 0.0218390178 0.8673312694 0.6390676867 2 0.8615511403 0.6325211310 2
0 0.1582352183 0.0694771786 0.0201776453 0.0532406641 0.1626897627 0.0839767637 2 0.1565727503 0.0576358508 2
0 0.0949948248 0.0708063073 0.0149526971 0.0485736101 0.0933323567 0.0544942740 2 0.0940120248 0.0818018260 2
0 0.0477945972 0.1616703739 0.0182151038 0.0534068051 0.0533539421 0.1483017565 2 0.0453338591 0.1777842462 2
0 0.0736760168 0.1742801798 0.0194385063 0.0456736931 0.0764626558 0.1542659191 2 0.0724128334 0.1833526441 2
0 0.0721494824 0.0656106226 0.0115543569 0.0478486308 0.0733361828 0.0484527802 2 0.0715690459 0.0774519504 2
0 0.0441784234 0.0983555190 0.0140011619 0.0519568466 0.0456057263 0.1170841497 2 0.0476447304 0.0863933613 2
0 0.0608982574 0.0269450623 0.0246039835 0.0352823238 0.0530820748 0.0366114524 2 0.0670832367 0.0180036515 2
0 0.1320595025 0.0763644816 0.0209337760 0.0456736931 0.1324360386 0.0909848965 2 0.1388249183 0.0685105396 2
0 0.1899046910 0.0100288797 0.0301772615 0.0200577594 0.2007481151 0.0064039834 2 0.1836204802 0.0105121992 2
0 0.1621429698 0.0170370125 0.0206619088 0.0169161826 0.1675490495 0.0158287137 2 0.1568102942 0.0177619918 2
0 0.5355754513 0.0209564316 0.0208148341 0.0419128632 0.5368554022 0.0343156847 2 0.5356591864 0.0060898257 2
0 0.5087193198 0.0170128465 0.0164207801 0.0326723984 0.5110867395 0.0250359503 2 0.5093467893 0.0041565477 2
0 0.4926541419 0.0216043818 0.0135933610 0.0381822408 0.4928466239 0.0348956682 2 0.4932816115 0.0103430374 2
0 0.4325508243 0.0565831809 0.0398013611 0.0365389545 0.4420955386 0.0499752367 2 0.4202374141 0.0604149379 2
0 0.4657229751 0.0192361162 0.0229455934 0.0384722325 0.4727665110 0.0057998340 2 0.4586294155 0.0256159337 2
0 0.4351150759 0.0188494606 0.0230543403 0.0359589711 0.4354163048 0.0041565477 2 0.4340025952 0.0231026723 2
0 0.3821596912 0.0138712698 0.0327328134 0.0277425395 0.3764798412 0.0236826557 2 0.3886594927 0.0041565477 2
0 0.3321948459 0.0347371394 0.0187044648 0.0489119338 0.3329310623 0.0149829046 2 0.3304298839 0.0406955022 2
0 0.3554960416 0.0175928299 0.0135933610 0.0338323652 0.3552535361 0.0285158507 2 0.3550360423 0.0086030872 2
0 0.6788952759 0.0389865146 0.0263371370 0.0560726143 0.6796960098 0.0583381744 2 0.6779968397 0.0258651453 2
0 0.7080115295 0.0511731903 0.0231481481 0.0418378126 0.7151841514 0.0640020749 2 0.7035023568 0.0398360997 2
0 0.7333440322 0.0169917013 0.0244255706 0.0339834026 0.7245869341 0.0075518672 2 0.7405166541 0.0215228216 2
0 0.8551617867 0.0938319505 0.0220892117 0.0438008300 0.8617385266 0.0847697098 2 0.8496319394 0.0964751040 2
0 0.9182359334 0.1055373447 0.0148677386 0.0422904566 0.9190855184 0.1149771788 2 0.9190855184 0.0972302907 2
0 0.8914740038 0.1068589215 0.0123189834 0.0487095437 0.8910492113 0.0930767638 2 0.8901996262 0.1127116186 2
0 0.8784116335 0.0819377596 0.0189032677 0.0471991703 0.8774558503 0.0964751040 2 0.8770310577 0.0704211620 2
0 0.9647490165 0.2251166314 0.0168217843 0.0549775935 0.9622852198 0.2416340754 2 0.9648339750 0.2126349052 2
0 0.9667880206 0.2806560838 0.0120641079 0.0419883819 0.9672128132 0.2908299594 2 0.9665331451 0.2730075527 2
0 0.9678075227 0.3494868226 0.0205599586 0.0335302906 0.9607559667 0.3406299927 2 0.9706111534 0.3581503247 2
0 0.9699314854 0.4144872543 0.0125738590 0.0453112035 0.9690819003 0.3983806319 2 0.9703166023 0.4217883863 2
0 0.9859886431 0.3745167314 0.0093454357 0.0471236516 0.9865833527 0.3901279514 2 0.9850540995 0.3653578268 2
0 0.9743102468 0.4773852462 0.0146128631 0.0425925312 0.9702713194 0.4914860927 2 0.9746891618 0.4709450138 2
0 0.9662001078 0.5577491967 0.0164819503 0.0434987553 0.9678924812 0.5452674705 2 0.9629648879 0.5664126988 2
0 0.9798716306 0.5605766158 0.0100251038 0.0434987553 0.9801265062 0.5499073377 2 0.9787671701 0.5692401179 2
0 0.9524300331 0.6537243671 0.0163120332 0.0622273861 0.9492016098 0.6327845496 2 0.9544690372 0.6669189895 2
0 0.9910861535 0.6711480352 0.0096852697 0.0549775935 0.9913410290 0.6514165165 2 0.9901516099 0.6819260601 2
0 0.9932950747 0.2963518847 0.0086657677 0.0444049794 0.9927003651 0.3116610300 2 0.9938897842 0.2868909054 2
0 0.9774078340 0.2560792871 0.0248078839 0.0289991702 0.9706111534 0.2562846979 2 0.9836947634 0.2544722497 2
0 0.9848841825 0.2020200006 0.0241282158 0.0211452283 0.9796167551 0.2046420089 2 0.9891321079 0.2040378595 2
0 0.8978866719 0.1936162827 0.0125738590 0.0359468881 0.8994159250 0.2046963824 2 0.8990760910 0.1856656769 2
0 0.9655986016 0.1284768966 0.0096852697 0.0332282159 0.9644941410 0.1179601663 2 0.9644941410 0.1318556021 2
0 0.8859080618 0.7250604496 0.0180112034 0.0567900417 0.8832738088 0.7047247815 2 0.8831038918 0.7385571467 2
0 0.0481204981 0.2515166872 0.0254195851 0.0662147720 0.0471009960 0.2748803520 2 0.0480525313 0.2420146257 2
