0 0.0656409441 0.2257219494 0.0189393939 0.0473484848 0.0718359668 0.2161104770 2 0.0627218335 0.2414275138 2
0 0.0768641218 0.2696133274 0.0259592563 0.0468024123 0.0685056629 0.2788076064 2 0.0799494186 0.2576840682 2
0 0.0938642692 0.2214763143 0.0175107354 0.0452628596 0.0935624365 0.2132562864 2 0.0897710331 0.2347690524 2
0 0.1111709770 0.1424687488 0.0224497126 0.0492472619 0.1189827999 0.1327449855 2 0.1077839873 0.1487017839 2
0 0.1392637311 0.1136363636 0.0278172348 0.0399831650 0.1424084985 0.1084600720 2 0.1322432677 0.1246670714 2
0 0.1458551247 0.1601237942 0.0236742424 0.0578703704 0.1396323377 0.1768440405 2 0.1454341587 0.1536023755 2
0 0.1658329727 0.1539825685 0.0184761000 0.0659617700 0.1680501340 0.1383981598 2 0.1637033329 0.1689650447 2
0 0.1769649621 0.1790123457 0.0191761364 0.0460157127 0.1697488653 0.1858573758 2 0.1834227644 0.1655160071 2
0 0.1869081439 0.2178030303 0.0248579545 0.0673400673 0.1906822953 0.1983723483 2 0.1820407467 0.2308581698 2
0 0.1262823548 0.2157687991 0.0254498106 0.0420875421 0.1338095349 0.2060119474 2 0.1190474637 0.2260883641 2
0 0.1371922348 0.2525953984 0.0165719697 0.0547138047 0.1389422610 0.2729544468 2 0.1339688697 0.2446093673 2
0 0.1158854167 0.2814604377 0.0213068182 0.0431397306 0.1120529084 0.2858445974 2 0.1192210955 0.2734307255 2
0 0.1272990079 0.3126206638 0.0262914408 0.0466920736 0.1215023857 0.3211458223 2 0.1328638261 0.3043366516 2
0 0.1518284551 0.2860553162 0.0251783170 0.0607469960 0.1580560199 0.2698262827 2 0.1466012103 0.2973991825 2
0 0.1071593337 0.3708784785 0.0142045455 0.0494528620 0.1074067768 0.3563740293 2 0.1068118264 0.3865769417 2
0 0.0756392045 0.4208754209 0.0236742424 0.0357744108 0.0837398052 0.4244101397 2 0.0715868444 0.4301471306 2
0 0.0640980114 0.5066287879 0.0147964015 0.0578703704 0.0616640596 0.4886928238 2 0.0637527151 0.5141348830 2
0 0.0809659091 0.5045244108 0.0213068182 0.0557659933 0.0800564367 0.4910838522 2 0.0798328029 0.5182512206 2
0 0.1004971591 0.5039983165 0.0153882576 0.0505050505 0.1004213205 0.4901454341 2 0.0991385906 0.5170302518 2
0 0.1167732008 0.5445075758 0.0254498106 0.0389309764 0.1096121201 0.5581291453 2 0.1214217770 0.5371341997 2
0 0.0948906069 0.5762401666 0.0210312137 0.0371604678 0.1014768901 0.5868562714 2 0.0919050447 0.5714278862 2
0 0.0931581439 0.6664772727 0.0220170455 0.0264730640 0.0982652301 0.6717606247 2 0.0868352674 0.6649806407 2
0 0.1343132062 0.6057752668 0.0216278249 0.0627746390 0.1280699696 0.5882586363 2 0.1341117303 0.6171994157 2
0 0.1194010417 0.4810185185 0.0195312500 0.0379629630 0.1133432632 0.4706959847 2 0.1221946467 0.4880174887 2
0 0.1223958333 0.4017576899 0.0207450565 0.0564971751 0.1231969540 0.3880066427 2 0.1168531053 0.4128449920 2
0 0.1350404870 0.4471444673 0.0163312147 0.0714061519 0.1322477041 0.4251830030 2 0.1307204813 0.4643817223 2
0 0.1614583333 0.4927809165 0.0291313559 0.0376647834 0.1708347773 0.5029377366 2 0.1564718698 0.4895699063 2
0 0.1426995056 0.3746861268 0.0180967514 0.0651286880 0.1438273849 0.3580603576 2 0.1397355605 0.3938130357 2
0 0.1548375706 0.4139202762 0.0185381356 0.0714061519 0.1549952857 0.3906012805 2 0.1539453201 0.4286121598 2
0 0.1945925872 0.5006277464 0.0291313559 0.0376647834 0.1863111037 0.5028239485 2 0.2027017158 0.4986183389 2
0 0.1750582202 0.3943212787 0.0192689025 0.0677337053 0.1753000947 0.3797669022 2 0.1741407026 0.4077746605 2
0 0.1634557067 0.3360831128 0.0181190406 0.0648215928 0.1637199493 0.3170710382 2 0.1629859966 0.3449529496 2
0 0.1841896186 0.3134808537 0.0198622881 0.0525737602 0.1895292344 0.3297952112 2 0.1787065111 0.3028086803 2
0 0.1883827684 0.4362837414 0.0247175141 0.0423728814 0.1982740752 0.4366203722 2 0.1838650835 0.4413357526 2
0 0.2095692090 0.4198053986 0.0185381356 0.0612052731 0.2052270712 0.3993813386 2 0.2101360017 0.4281803977 2
0 0.2221486582 0.3695856874 0.0216278249 0.0612052731 0.2246848551 0.3559977677 2 0.2183850609 0.3875603729 2
0 0.2312730707 0.3003522501 0.0328145029 0.0404408468 0.2413591525 0.2928158856 2 0.2235624238 0.3037167553 2
0 0.2027277542 0.2510985562 0.0242761299 0.0580665411 0.2014726204 0.2275821590 2 0.2045774141 0.2609759398 2
0 0.2153072034 0.1196641557 0.0282485876 0.0541431262 0.2185007357 0.1054636694 2 0.2093248604 0.1347390811 2
0 0.1848516949 0.0835687382 0.0176553672 0.0415881984 0.1869518361 0.0974624382 2 0.1850060955 0.0841202167 2
0 0.2411281780 0.1110326428 0.0189795198 0.0541431262 0.2391687385 0.1324660125 2 0.2420163919 0.1013168963 2
0 0.2606827464 0.0974087695 0.0187121909 0.0578503832 0.2619796913 0.1121985609 2 0.2599657376 0.0875901517 2
0 0.2737934236 0.0451852689 0.0357521186 0.0360954175 0.2618670643 0.0425705996 2 0.2781463063 0.0410959054 2
0 0.2234728107 0.1655681105 0.0269244350 0.0643440050 0.2199042700 0.1593875385 2 0.2308276893 0.1807947645 2
0 0.2532662429 0.1569365976 0.0291313559 0.0674827370 0.2571013400 0.1441053266 2 0.2469034385 0.1750637320 2
0 0.2329625706 0.2263810421 0.0326624294 0.0588512241 0.2419598953 0.2441684035 2 0.2322028471 0.2229491919 2
0 0.2693767655 0.2510985562 0.0366348870 0.0721908349 0.2730933791 0.2286177982 2 0.2721371320 0.2697954490 2
0 0.2704932234 0.3130235334 0.0257359021 0.0529652788 0.2775078988 0.3229812132 2 0.2653415646 0.3014563881 2
0 0.2854872881 0.1879315756 0.0264830508 0.0494350282 0.2785731227 0.2008561783 2 0.2882508037 0.1807839511 2
0 0.2862830289 0.1217672541 0.0178294225 0.0567799571 0.2862695790 0.1033596454 2 0.2851049389 0.1352039180 2
0 0.2968943106 0.1312545773 0.0203036723 0.0604205901 0.3028633603 0.1072155678 2 0.2941885403 0.1421514603 2
0 0.3211751866 0.1200922639 0.0271898566 0.0575536211 0.3161267684 0.1364716818 2 0.3234604594 0.1075352958 2
0 0.3114627472 0.1797831332 0.0281161723 0.0482236739 0.3155382875 0.1899230620 2 0.3039591214 0.1693378779 2
0 0.2996731082 0.2360754437 0.0191694487 0.0620803135 0.3002417119 0.2556348733 2 0.2994153602 0.2272091543 2
0 0.3236670198 0.2259887006 0.0260416667 0.0753295669 0.3300703630 0.2105182130 2 0.3213098101 0.2463212391 2
0 0.3181497175 0.2997489014 0.0467867232 0.0753295669 0.3150260796 0.2758399203 2 0.3182826960 0.3134719327 2
0 0.2907303972 0.3673077289 0.0334381955 0.0723430158 0.2933468778 0.3477505285 2 0.2897586724 0.3850922126 2
0 0.2507429542 0.4001475023 0.0258503151 0.0721091916 0.2476127511 0.3813970561 2 0.2465196967 0.4211530743 2
0 0.2316384181 0.4645323289 0.0273658192 0.0627746390 0.2283626090 0.4452255471 2 0.2329778428 0.4768515535 2
0 0.1752604167 0.6250000000 0.0239583333 0.0370370370 0.1654616807 0.6207438077 2 0.1788027480 0.6270629243 2
0 0.1848785872 0.7195241599 0.0213852097 0.0398577385 0.1786131177 0.7166578404 2 0.1912035979 0.7278812670 2
0 0.2208245056 0.7179849341 0.0233933616 0.0455116133 0.2146491467 0.7023739755 2 0.2225871493 0.7246878291 2
0 0.2155278955 0.6422630257 0.0172139831 0.0635593220 0.2165050873 0.6249805694 2 0.2154855402 0.6545851966 2
0 0.2362613366 0.6670342287 0.0207682872 0.0518964549 0.2351668649 0.6557595759 2 0.2305585511 0.6825217686 2
0 0.2521627825 0.6705116133 0.0198622881 0.0666980540 0.2541962126 0.6480961219 2 0.2475093681 0.6820157596 2
0 0.2506179379 0.5771343377 0.0220692090 0.0698367859 0.2530110415 0.5564853527 2 0.2495331440 0.5864945226 2
0 0.2699023444 0.5047484660 0.0196938988 0.0717962255 0.2708156964 0.4814727030 2 0.2694883219 0.5152993694 2
0 0.2753405547 0.4092439285 0.0185279302 0.0667615543 0.2739705480 0.3914080588 2 0.2732069990 0.4237734511 2
0 0.2903425141 0.4547237916 0.0185381356 0.0698367859 0.2881611448 0.4314194154 2 0.2913313288 0.4652876653 2
0 0.2989495056 0.5002354049 0.0278072034 0.0682674200 0.3056636639 0.4839440211 2 0.2953517631 0.5118480045 2
0 0.2940120909 0.5448243392 0.0357521186 0.0266792216 0.3032383772 0.5417937515 2 0.2848853464 0.5458491607 2
0 0.3079978814 0.6026365348 0.0247175141 0.0721908349 0.3101150989 0.5797475111 2 0.3040355772 0.6130294074 2
0 0.3329244467 0.6086130599 0.0295494583 0.0402016377 0.3216102950 0.6194772960 2 0.3383218506 0.6046185468 2
0 0.2931464652 0.6478590544 0.0314683690 0.0335348730 0.2830141615 0.6433493701 2 0.2984380430 0.6555532493 2
0 0.2771009887 0.6932674200 0.0317796610 0.0431575643 0.2848412901 0.6841903128 2 0.2669606224 0.7012312240 2
0 0.2521627825 0.8070464532 0.0251588983 0.0682674200 0.2457702221 0.7914039993 2 0.2550783096 0.8223903995 2
0 0.1460098870 0.8733521657 0.0273658192 0.0549278092 0.1410081645 0.8544191853 2 0.1482771678 0.8819344858 2
0 0.1402763065 0.7403130885 0.0211776130 0.0462256748 0.1458028773 0.7287584573 2 0.1379411184 0.7480280929 2
0 0.3430879237 0.8729598242 0.0269244350 0.0525737602 0.3509731600 0.8875330350 2 0.3395135461 0.8663537878 2
0 0.2804113701 0.7470182046 0.0260416667 0.0627746390 0.2787002931 0.7272638850 2 0.2802946466 0.7630669111 2
0 0.3099841102 0.7552573760 0.0260416667 0.0651286880 0.3018447467 0.7338336284 2 0.3128143184 0.7657169690 2
0 0.3245497881 0.7325015694 0.0154484463 0.0557124922 0.3233543377 0.7111301091 2 0.3233543377 0.7398601728 2
0 0.3644950565 0.5998901444 0.0361935028 0.0337413685 0.3774042125 0.6026088616 2 0.3586433361 0.5986577499 2
0 0.3503707627 0.5512397991 0.0238347458 0.0635593220 0.3482370772 0.5318427266 2 0.3507859450 0.5623536178 2
0 0.3282644423 0.5003470563 0.0247917369 0.0716294547 0.3318902905 0.4844449088 2 0.3230703883 0.5172977719 2
0 0.3274187853 0.4433458883 0.0211864407 0.0674827370 0.3281318809 0.4241947750 2 0.3251550551 0.4581927319 2
0 0.3657508172 0.5177835064 0.0280357032 0.0623165852 0.3712451313 0.5417120088 2 0.3636647363 0.5040969598 2
0 0.3972697792 0.4558667747 0.0196454906 0.0785363816 0.3966885653 0.4358183476 2 0.3969769203 0.4716524381 2
0 0.3532774390 0.4027053260 0.0215955285 0.0738425849 0.3554511492 0.3840305925 2 0.3497457617 0.4200042852 2
0 0.3225635593 0.4088198368 0.0273658192 0.0706214689 0.3274378336 0.3881066674 2 0.3179031801 0.4240215779 2
0 0.3492673023 0.3429064658 0.0286899718 0.0784682988 0.3566046849 0.3191459367 2 0.3459412667 0.3536771136 2
0 0.3476863444 0.2697084724 0.0290591294 0.0623296881 0.3440606955 0.2520162137 2 0.3521514043 0.2807343553 2
0 0.3660440037 0.2307315490 0.0296307425 0.0712063640 0.3600195299 0.2057856313 2 0.3671890839 0.2403058267 2
0 0.3751833442 0.1359204943 0.0472416884 0.0721492281 0.3718923194 0.1187837251 2 0.3721663431 0.1526935141 2
0 0.3941943473 0.0802900803 0.0193036131 0.0634550635 0.3973996486 0.0610756217 2 0.3927413842 0.0889999944 2
0 0.3961975524 0.1337088837 0.0240384615 0.0537425537 0.3871957489 0.1473207691 2 0.3986182766 0.1254814709 2
0 0.3996257649 0.1692344114 0.0310223631 0.0496835341 0.3914365088 0.1804822199 2 0.4068217295 0.1624439543 2
0 0.4241820025 0.1364268677 0.0270499024 0.0569230612 0.4272400222 0.1466967059 2 0.4179043540 0.1243817568 2
0 0.4420891608 0.1091038591 0.0269522145 0.0550375550 0.4347398360 0.1211295686 2 0.4446671308 0.0961159125 2
0 0.4339350368 0.2115384615 0.0289277659 0.0527065527 0.4424908766 0.1963619673 2 0.4268020941 0.2207805692 2
0 0.3958333333 0.2360139860 0.0254953380 0.0666925667 0.3972260733 0.2640001396 2 0.3909855319 0.2250116144 2
0 0.3919202542 0.3362086409 0.0264104385 0.0818966913 0.3967051086 0.3141346801 2 0.3921784744 0.3553944199 2
0 0.4175043706 0.2793965294 0.0375145688 0.0407925408 0.4057516916 0.2774561683 2 0.4272942804 0.2749416573 2
0 0.4187020281 0.3225902755 0.0280448718 0.0718725719 0.4171463589 0.3336205290 2 0.4203168309 0.2965569642 2
0 0.4262456294 0.3859103859 0.0265879953 0.0699300699 0.4359585776 0.3640705337 2 0.4218427499 0.3958103909 2
0 0.3987470862 0.5419580420 0.0305944056 0.0712250712 0.3916026790 0.5178518760 2 0.3986481724 0.5566126681 2
0 0.3985875276 0.5804045816 0.0394267191 0.0297387797 0.4127642232 0.5856418681 2 0.3921612315 0.5780305196 2
0 0.3688811189 0.6442631443 0.0225815851 0.0543900544 0.3727941893 0.6253377836 2 0.3632697903 0.6561002193 2
0 0.3475491311 0.6773691219 0.0135264465 0.0611967075 0.3466264628 0.6528758959 2 0.3479673766 0.6884719012 2
0 0.3603219697 0.6902356902 0.0178467366 0.0518000518 0.3638948484 0.7081564401 2 0.3576629624 0.6823056538 2
0 0.3721590909 0.7336182336 0.0189393939 0.0543900544 0.3680825373 0.7189582527 2 0.3713542775 0.7436457536 2
0 0.3512164918 0.7604895105 0.0185751748 0.0705775706 0.3513654339 0.7402923835 2 0.3493842135 0.7721596325 2
0 0.3815129206 0.7109119727 0.0235189634 0.0483647032 0.3755119487 0.6971616841 2 0.3857835786 0.7155527930 2
0 0.4092817164 0.6394995308 0.0235800166 0.0663349917 0.4096604069 0.6235116628 2 0.4101409047 0.6528327380 2
0 0.4098950643 0.7023252484 0.0265879953 0.0569800570 0.4027992774 0.6842620411 2 0.4143659807 0.7109084176 2
0 0.3782087523 0.7943185201 0.0308785327 0.0346354861 0.3672812622 0.8001868643 2 0.3857295736 0.7955635628 2
0 0.3728875291 0.8608521109 0.0174825175 0.0692825693 0.3717682478 0.8451416955 2 0.3726943753 0.8762595796 2
0 0.3887864551 0.8350401007 0.0127476690 0.0660450660 0.3874280840 0.8605572272 2 0.3894022048 0.8234731873 2
0 0.4035573154 0.8169826534 0.0132626495 0.0586013857 0.4020280765 0.7996556943 2 0.4007925825 0.8319644431 2
0 0.4349868881 0.8485495985 0.0331439394 0.0407925408 0.4245073282 0.8386356651 2 0.4403679720 0.8528194597 2
0 0.4351689977 0.7844470344 0.0269522145 0.0628075628 0.4413670584 0.7652793842 2 0.4320477922 0.7946831149 2
0 0.4586143024 0.8129231879 0.0353292541 0.0407925408 0.4724447627 0.8200211696 2 0.4500053583 0.8076345273 2
0 0.4877986597 0.8589096089 0.0236742424 0.0679875680 0.4939722948 0.8430081440 2 0.4825212043 0.8788761100 2
0 0.5236499611 0.8927289543 0.0290889666 0.0599189368 0.5149703549 0.9124617638 2 0.5275844267 0.8837840717 2
0 0.5116705247 0.7923525377 0.0295138889 0.0524691358 0.5019107404 0.7788373623 2 0.5160946349 0.7984789667 2
0 0.5402462121 0.7763532764 0.0382430070 0.0466200466 0.5289308073 0.7662183513 2 0.5455678463 0.7825842682 2
0 0.3754370629 0.9349909350 0.0371503497 0.0310800311 0.3879332855 0.9319074948 2 0.3637984876 0.9437833478 2
0 0.5624635781 0.8349520850 0.0207604895 0.0744625745 0.5641202730 0.8113427772 2 0.5602383274 0.8486802373 2
0 0.5894157925 0.8197358197 0.0229458042 0.0608650609 0.5858091231 0.7971110269 2 0.5910506958 0.8299916383 2
0 0.6143544379 0.8130870936 0.0262030483 0.0540426150 0.6078173549 0.7997088124 2 0.6199005471 0.8260166730 2
0 0.6436844406 0.8271820772 0.0265879953 0.0602175602 0.6389874508 0.8105220763 2 0.6494518260 0.8354219230 2
0 0.6442307692 0.9074721575 0.0254953380 0.0602175602 0.6531463477 0.8922431823 2 0.6412330590 0.9284481318 2
0 0.6996842443 0.8776915875 0.0249512392 0.0576364773 0.6910764226 0.8599650835 2 0.7007118227 0.8888655034 2
0 0.7096081002 0.8084045584 0.0229458042 0.0576275576 0.7144573211 0.7924611167 2 0.7062918194 0.8227265403 2
0 0.7316433566 0.7714970215 0.0203962704 0.0757575758 0.7303147359 0.7431563428 2 0.7300109314 0.7842036985 2
0 0.7526988358 0.7998627397 0.0149585624 0.0639725697 0.7528397378 0.7812517084 2 0.7551338184 0.8096805833 2
0 0.7635125291 0.7844470344 0.0200320513 0.0641025641 0.7601411654 0.7654935149 2 0.7649397176 0.7935231532 2
0 0.7022354087 0.7597770003 0.0280395197 0.0466037602 0.7095526825 0.7469907410 2 0.6966226255 0.7677449207 2
0 0.6893028846 0.7532051282 0.0308493590 0.0562678063 0.6979797142 0.7367112645 2 0.6842012882 0.7620616188 2
0 0.6394959207 0.7316757317 0.0276806527 0.0543900544 0.6441505734 0.7464817128 2 0.6350788978 0.7207920120 2
0 0.6281588378 0.7668975965 0.0197604130 0.0461063869 0.6256805506 0.7510737267 2 0.6269131952 0.7786849660 2
0 0.6079963235 0.7328431373 0.0229779412 0.0473856209 0.6007310824 0.7480713457 2 0.6117935483 0.7266276367 2
0 0.5874125874 0.7494819995 0.0196678322 0.0550375550 0.5876751229 0.7334703610 2 0.5874544103 0.7610676141 2
0 0.5556067197 0.7192437192 0.0281714813 0.0800310800 0.5542977024 0.6990039200 2 0.5546083544 0.7397041365 2
0 0.5222173660 0.7054519555 0.0218531469 0.0757575758 0.5226058202 0.6830523414 2 0.5210867980 0.7244597617 2
0 0.4465194468 0.6673108182 0.0342365967 0.0641025641 0.4430421683 0.6531693139 2 0.4449287557 0.6830016668 2
0 0.4365710798 0.7239901275 0.0244026807 0.0375550376 0.4418068986 0.7116275975 2 0.4322524848 0.7303746942 2
0 0.4745053812 0.7024072742 0.0291648456 0.0420349327 0.4648694050 0.6926866417 2 0.4796976436 0.7064283450 2
0 0.4504699777 0.7066969572 0.0215828857 0.0482979179 0.4465444681 0.6929903570 2 0.4532820825 0.7141092184 2
0 0.4830638112 0.6539756540 0.0287733100 0.0699300699 0.4868516900 0.6342961890 2 0.4801212531 0.6748449938 2
0 0.4663097319 0.6100962424 0.0200320513 0.0731675732 0.4649368994 0.6303668595 2 0.4648390934 0.5995905751 2
0 0.4325553883 0.5703731282 0.0326515691 0.0749601907 0.4260001687 0.5448246716 2 0.4357467362 0.5847274347 2
0 0.4225880586 0.5077112868 0.0350980362 0.0387809406 0.4098619667 0.5011550983 2 0.4280828150 0.5060461989 2
0 0.4559294872 0.4147241647 0.0203962704 0.0796425796 0.4568534335 0.3934470288 2 0.4568534335 0.4309214365 2
0 0.4717730186 0.4513079513 0.0185751748 0.0699300699 0.4678452686 0.4274738956 2 0.4709300522 0.4640342934 2
0 0.4516742750 0.3377069438 0.0285852923 0.0736672546 0.4453719144 0.3130345702 2 0.4512580970 0.3525863758 2
0 0.4600015847 0.2918290113 0.0266335227 0.0499789562 0.4675698926 0.3069710705 2 0.4576827380 0.2852237327 2
0 0.4909239597 0.2975654226 0.0340250965 0.0536846370 0.4829288514 0.3122437557 2 0.4974349106 0.2826938554 2
0 0.5200238831 0.3581634358 0.0253627730 0.0719356556 0.5136320991 0.3317653751 2 0.5235508343 0.3722804663 2
0 0.4811251368 0.3848551915 0.0197899562 0.0804994328 0.4825556388 0.3543579966 2 0.4815822404 0.3991224151 2
0 0.5030732402 0.4060846561 0.0203373016 0.0767195767 0.4998884995 0.3808481451 2 0.5018370272 0.4227813739 2
0 0.4981249145 0.5458971903 0.0345041393 0.0766283525 0.4978815316 0.5183233663 2 0.4951158636 0.5567468035 2
0 0.5171130952 0.5105820106 0.0243055556 0.0617283951 0.5236941446 0.5338445792 2 0.5177530799 0.4995184280 2
0 0.5121527778 0.5970017637 0.0243055556 0.0740740741 0.5145998363 0.5777403920 2 0.5077676120 0.6125946379 2
0 0.5321727511 0.6528251386 0.0272817460 0.0608465608 0.5249962043 0.6336775588 2 0.5354258797 0.6615047366 2
0 0.5626489481 0.6445247455 0.0254957546 0.0703546057 0.5604026893 0.6242242317 2 0.5624720289 0.6628457002 2
0 0.5873015873 0.6847442681 0.0307539683 0.0784832451 0.5864504591 0.6620982709 2 0.5878143106 0.6997732127 2
0 0.6356646825 0.6393298060 0.0282738095 0.0652557319 0.6378236937 0.6223614548 2 0.6343344970 0.6581838742 2
0 0.6284938861 0.6958941285 0.0341733761 0.0407796887 0.6166977283 0.7022695659 2 0.6360243186 0.6896989553 2
0 0.5761914461 0.5540948637 0.0253987652 0.0887893746 0.5742044514 0.5326951052 2 0.5758944833 0.5700423469 2
0 0.5479231735 0.5175935147 0.0198412698 0.0679012346 0.5506110338 0.4996145328 2 0.5493403061 0.5349528655 2
0 0.5230201863 0.4494151405 0.0296066253 0.0396330270 0.5335799972 0.4589958041 2 0.5134873339 0.4459561195 2
0 0.5466145833 0.4856481481 0.0223958333 0.0583333333 0.5522059173 0.5026407812 2 0.5440800316 0.4779453876 2
0 0.5572916667 0.4578703704 0.0156250000 0.0712962963 0.5570972206 0.4350955411 2 0.5570972206 0.4750811065 2
0 0.5809895833 0.4615740741 0.0276041667 0.0750000000 0.5869909745 0.4383290646 2 0.5735567421 0.4752230760 2
0 0.5497395833 0.3898148148 0.0213541667 0.0814814815 0.5531746079 0.3630118997 2 0.5479464710 0.4013515702 2
0 0.5716145833 0.3950936884 0.0203125000 0.0731481481 0.5686423430 0.3644263968 2 0.5729618999 0.4089951716 2
0 0.6072218343 0.4965989034 0.0244413408 0.0765311401 0.6084681671 0.4694238013 2 0.6066847356 0.5110721641 2
0 0.6363648504 0.5324133428 0.0220619658 0.0889007597 0.6383151125 0.5048600228 2 0.6341401383 0.5549300799 2
0 0.6760416667 0.6104166667 0.0312500000 0.0634259259 0.6677923192 0.5954728066 2 0.6825653761 0.6274197309 2
0 0.6580729167 0.7097222222 0.0255208333 0.0768518519 0.6586700184 0.6882774873 2 0.6579509021 0.7266303602 2
0 0.6927083333 0.6930555556 0.0239583333 0.0583333333 0.6872235920 0.7060280682 2 0.6975944629 0.6824618452 2
0 0.7219576720 0.6981505977 0.0165013228 0.0685234176 0.7251131224 0.6821238041 2 0.7194662819 0.7161575357 2
0 0.7446373457 0.6570726370 0.0232253086 0.0752335228 0.7508969932 0.6364370543 2 0.7440285031 0.6680823336 2
0 0.7548600053 0.6876223756 0.0215299894 0.0706151215 0.7603898562 0.6731200970 2 0.7505282110 0.7073536635 2
0 0.8239583333 0.7937500000 0.0375000000 0.0412037037 0.8132978055 0.7886321823 2 0.8311342324 0.7977983986 2
0 0.8262561275 0.7380718954 0.0226102941 0.0523965142 0.8338036851 0.7218324625 2 0.8228348196 0.7454332304 2
0 0.7828125000 0.7337962963 0.0218750000 0.0620370370 0.7846076422 0.7133895314 2 0.7846076422 0.7390417283 2
0 0.7799479167 0.6743589744 0.0234375000 0.0623931624 0.7806452491 0.6505730639 2 0.7828224309 0.6867516087 2
0 0.8033854167 0.7083333333 0.0192708333 0.0648148148 0.8093388090 0.6936360196 2 0.8012812401 0.7176643254 2
0 0.8270500470 0.6869360902 0.0218084273 0.0539055973 0.8334641407 0.6735596110 2 0.8249929273 0.7002049633 2
0 0.8488420959 0.6549197266 0.0185175250 0.0579876013 0.8464931047 0.6387388707 2 0.8514601097 0.6658861080 2
0 0.7082312782 0.5921296296 0.0173916104 0.0657407407 0.7103323056 0.5670675345 2 0.7072788824 0.6034902774 2
0 0.6893229167 0.5425925926 0.0234375000 0.0703703704 0.6841462690 0.5189429306 2 0.6916694910 0.5533129844 2
0 0.7056153562 0.5172469546 0.0350036982 0.0499835634 0.6971872615 0.5069516162 2 0.7135317958 0.5224477606 2
0 0.6526543932 0.4485620613 0.0215790486 0.0709754470 0.6530978285 0.4729480644 2 0.6526539034 0.4358411292 2
0 0.5977572812 0.4224206984 0.0345929742 0.0372201735 0.5881238201 0.4230122487 2 0.6031729679 0.4223645658 2
0 0.5976562500 0.3754629630 0.0223958333 0.0638888889 0.6005536825 0.3977177950 2 0.5991872376 0.3579390667 2
0 0.5886967239 0.3358248516 0.0336434478 0.0413132598 0.5793276872 0.3412282249 2 0.5980618577 0.3350871027 2
0 0.5466026559 0.3130336443 0.0234375000 0.0537037037 0.5444881319 0.2966443154 2 0.5462110407 0.3265080669 2
0 0.5278645833 0.2953703704 0.0317708333 0.0555555556 0.5235320294 0.3104376128 2 0.5321013087 0.2809519206 2
0 0.5203125000 0.2370370370 0.0281250000 0.0685185185 0.5137975285 0.2167778306 2 0.5242389496 0.2465755703 2
0 0.5416655871 0.2166711365 0.0213422043 0.0674127185 0.5411656328 0.2383912324 2 0.5403712698 0.2034673431 2
0 0.5728709795 0.2769655621 0.0347222222 0.0438596491 0.5603818554 0.2848001459 2 0.5797167355 0.2643911058 2
0 0.4718750000 0.1634259259 0.0312500000 0.0694444444 0.4778962690 0.1782092751 2 0.4715838878 0.1503192772 2
0 0.5171968844 0.1761344678 0.0349568318 0.0404571238 0.5283469783 0.1793620942 2 0.5089828400 0.1659402687 2
0 0.5076507505 0.1345180584 0.0362318841 0.0402576490 0.4957745106 0.1444895942 2 0.5130342501 0.1299979613 2
0 0.5129320549 0.0722906145 0.0258641098 0.0668034512 0.5143584374 0.0502895262 2 0.5076082228 0.0875620750 2
0 0.4701388089 0.0613648042 0.0385416667 0.0444444444 0.4585114766 0.0621195090 2 0.4798614138 0.0609271914 2
0 0.5549479167 0.1212962963 0.0401041667 0.0388888889 0.5693682026 0.1262002664 2 0.5452917452 0.1164818037 2
0 0.5630004785 0.1746422559 0.0250000000 0.0574074074 0.5660586910 0.1923201358 2 0.5622217534 0.1618974840 2
0 0.5899852773 0.2246389526 0.0387820513 0.0378205128 0.5758109324 0.2280357523 2 0.5964105078 0.2230991833 2
0 0.5990768298 0.1867724868 0.0374944885 0.0355085244 0.6121237809 0.1855683625 2 0.5935287764 0.1859550033 2
0 0.6278791861 0.1565636899 0.0224250389 0.0665022499 0.6307498487 0.1787806250 2 0.6260001072 0.1452766397 2
0 0.5805414790 0.0835418752 0.0255724474 0.0538038038 0.5847469525 0.0965299702 2 0.5778931666 0.0718528454 2
0 0.6096788753 0.0885996504 0.0195642071 0.0603716035 0.6123233907 0.1097727522 2 0.6082026763 0.0789269947 2
0 0.6261629189 0.0515456594 0.0169091711 0.0580197923 0.6239389201 0.0676494075 2 0.6284724915 0.0307328771 2
0 0.5555088141 0.0367401211 0.0212740385 0.0588912631 0.5527310960 0.0595253753 2 0.5589010607 0.0287029737 2
0 0.6532801689 0.0963479251 0.0365282865 0.0329858756 0.6386582602 0.0936314693 2 0.6599082801 0.0975792944 2
0 0.6629565012 0.1630562875 0.0263360507 0.0745974235 0.6719717112 0.1408224262 2 0.6594441448 0.1792911545 2
0 0.6242346533 0.2570009895 0.0349276399 0.0434054283 0.6139002049 0.2643717837 2 0.6313235055 0.2544473111 2
0 0.6276041667 0.3134259259 0.0281250000 0.0638888889 0.6166538191 0.2905880774 2 0.6309160874 0.3244455446 2
0 0.6258789062 0.3677083333 0.0288411458 0.0631944444 0.6308123482 0.3855260953 2 0.6213906856 0.3550303984 2
0 0.6462771203 0.2987098413 0.0196375740 0.0780245478 0.6450471634 0.2808316880 2 0.6481260045 0.3123530120 2
0 0.6693848619 0.3308678501 0.0216469428 0.0691431076 0.6692377870 0.3091094606 2 0.6680182268 0.3388501984 2
0 0.6848958333 0.2972222222 0.0197916667 0.0592592593 0.6860581036 0.3142029292 2 0.6831271784 0.2850521053 2
0 0.6667739424 0.2349285354 0.0333414283 0.0404866062 0.6587460845 0.2366890403 2 0.6757649110 0.2329788926 2
0 0.6905133929 0.1810846561 0.0283482143 0.0492063492 0.6821256759 0.1894303269 2 0.6964313292 0.1697173425 2
0 0.7120122354 0.1882814031 0.0281911376 0.0506368803 0.7017904953 0.2040123732 2 0.7151175121 0.1834521550 2
0 0.7274481141 0.1408377108 0.0389680413 0.0433786175 0.7415351591 0.1540780996 2 0.7210624566 0.1348358425 2
0 0.7038508199 0.3005540681 0.0177083333 0.0611111111 0.7033368188 0.3179201961 2 0.7036635774 0.2874227310 2
0 0.6945312500 0.3537037037 0.0338541667 0.0370370370 0.6831398335 0.3554470654 2 0.7047405199 0.3447994543 2
0 0.6685111563 0.4120863467 0.0213973126 0.0612097304 0.6665278825 0.4261349108 2 0.6713553490 0.3944245466 2
0 0.6935096154 0.4490384615 0.0224358974 0.0591880342 0.6872507228 0.4682492546 2 0.6960329303 0.4387114999 2
0 0.7161189863 0.3903350515 0.0158397766 0.0602997327 0.7169752175 0.4031716724 2 0.7171275445 0.3753718907 2
0 0.7470238095 0.4133597884 0.0342261905 0.0436507937 0.7353086848 0.4164550571 2 0.7516872272 0.4062198468 2
0 0.7255051838 0.4907398658 0.0195790187 0.0653517423 0.7264752587 0.5119512274 2 0.7251772443 0.4773185313 2
0 0.7464147814 0.5526294212 0.0334658531 0.0308952444 0.7583510651 0.5466920211 2 0.7406863747 0.5541116225 2
0 0.7497395833 0.5935185185 0.0286458333 0.0555555556 0.7425099998 0.6063582216 2 0.7553873320 0.5853852475 2
0 0.7519153723 0.4668721236 0.0277890779 0.0392998028 0.7442572569 0.4610067333 2 0.7582807475 0.4681710991 2
0 0.7795349482 0.4872006332 0.0169717702 0.0654448828 0.7795972326 0.4620958020 2 0.7800509651 0.4936673590 2
0 0.7854166667 0.5606481481 0.0218750000 0.0601851852 0.7795920840 0.5844733576 2 0.7886893393 0.5530077190 2
0 0.8102864583 0.5250000000 0.0242187500 0.0462962963 0.8023043295 0.5377160787 2 0.8144969365 0.5196728454 2
0 0.8149886435 0.5877743877 0.0185189536 0.0575536062 0.8143320304 0.6048134282 2 0.8144914141 0.5766384214 2
0 0.8462935406 0.4890603567 0.0199129189 0.0781207133 0.8458376310 0.4663333183 2 0.8460539582 0.5060620081 2
0 0.8649429563 0.5327038017 0.0213045635 0.0584019204 0.8660322786 0.5523533832 2 0.8618780350 0.5226527868 2
0 0.7911458333 0.4393518519 0.0322916667 0.0472222222 0.7807484411 0.4256710278 2 0.7973250798 0.4444849403 2
0 0.8111979167 0.4279100529 0.0234375000 0.0555555556 0.8182968391 0.4419811344 2 0.8086176612 0.4188769942 2
0 0.7591226708 0.3601851852 0.0291666667 0.0500000000 0.7499006580 0.3494541119 2 0.7643655652 0.3593793503 2
0 0.7250000000 0.3268518519 0.0218750000 0.0555555556 0.7194121317 0.3390746022 2 0.7273583056 0.3138580834 2
0 0.7341312057 0.2707545311 0.0297207447 0.0529353822 0.7269751261 0.2834336622 2 0.7432663696 0.2592218671 2
0 0.7379585169 0.1980902463 0.0146177653 0.0657407407 0.7369886309 0.2202090060 2 0.7378620444 0.1855263909 2
0 0.7629158359 0.2307540635 0.0238609511 0.0489398210 0.7586239096 0.2447625721 2 0.7668589827 0.2238416181 2
0 0.7682842813 0.2886855771 0.0259314374 0.0644081913 0.7607442733 0.3036212979 2 0.7738621768 0.2776008784 2
0 0.7947350621 0.2292070137 0.0159852757 0.0680520746 0.7939087996 0.2411064236 2 0.7945455749 0.2124818580 2
0 0.7890761582 0.3322293447 0.0190304487 0.0663105413 0.7918158554 0.3138836384 2 0.7879670167 0.3398846824 2
0 0.8200047348 0.3563341751 0.0250000000 0.0629629630 0.8300127553 0.3731791617 2 0.8166305072 0.3444508136 2
0 0.8448959894 0.3907407407 0.0167150558 0.0703703704 0.8450514478 0.4114070201 2 0.8496607238 0.3739475074 2
0 0.8175298661 0.2617646380 0.0225143298 0.0485743680 0.8145934529 0.2721051606 2 0.8240074175 0.2512117180 2
0 0.8314158448 0.2988557161 0.0271269024 0.0577981146 0.8391243538 0.3181469723 2 0.8296047622 0.2884009195 2
0 0.7593085106 0.1622832939 0.0182845745 0.0635342790 0.7591080041 0.1835086954 2 0.7580096357 0.1481783216 2
0 0.7829649390 0.1571654407 0.0278201220 0.0586849916 0.7858113239 0.1710529204 2 0.7765555147 0.1446948800 2
0 0.7629466364 0.0537062901 0.0144349395 0.0425977654 0.7611846368 0.0678343503 2 0.7637453508 0.0473020404 2
0 0.7825055284 0.0962238775 0.0160527235 0.0517070143 0.7829867032 0.1137438064 2 0.7837437575 0.0832700908 2
0 0.7921843344 0.0589592092 0.0135416667 0.0462962963 0.7909221058 0.0742057414 2 0.7912934223 0.0523118180 2
0 0.8035613842 0.0880771805 0.0188257885 0.0475592855 0.7979006834 0.1003490133 2 0.8083268813 0.0858823104 2
0 0.8158854167 0.0513888889 0.0192708333 0.0435185185 0.8216760486 0.0352121620 2 0.8128337641 0.0594120986 2
0 0.8240749327 0.1023818199 0.0180167598 0.0508690255 0.8233132592 0.1111557597 2 0.8255572142 0.0873411256 2
0 0.8394057765 0.1130260943 0.0130208333 0.0564814815 0.8374880504 0.1333717762 2 0.8402750818 0.1038033966 2
0 0.8168191057 0.1813567342 0.0289634146 0.0492106508 0.8079973603 0.1687622445 2 0.8226134686 0.1844235945 2
0 0.8456238621 0.2299362249 0.0278717772 0.0338244322 0.8562115807 0.2204260033 2 0.8429547029 0.2332158366 2
0 0.8744791667 0.1699074074 0.0145833333 0.0490740741 0.8747969394 0.1852523852 2 0.8744689431 0.1598290294 2
0 0.9317005622 0.1474990202 0.0209738757 0.0449980404 0.9366873323 0.1335464248 2 0.9290228649 0.1505245041 2
0 0.9518229167 0.1467592593 0.0192708333 0.0250000000 0.9597022731 0.1485431705 2 0.9495862034 0.1458604559 2
0 0.9502604167 0.1759259259 0.0255208333 0.0277777778 0.9553660637 0.1727327168 2 0.9415990248 0.1772065932 2
0 0.9384398564 0.1092769829 0.0182291667 0.0314814815 0.9429318911 0.1216760541 2 0.9359010960 0.1025558381 2
0 0.8740390223 0.2208931768 0.0283859193 0.0265377717 0.8822699510 0.2205189712 2 0.8683568989 0.2239546057 2
0 0.8739495270 0.2658928252 0.0239407206 0.0540078726 0.8818540068 0.2799569475 2 0.8703664263 0.2595175585 2
0 0.8594696970 0.3496632997 0.0171875000 0.0592592593 0.8565370884 0.3665031814 2 0.8575668730 0.3320009986 2
0 0.8656791126 0.4175925926 0.0208333333 0.0611111111 0.8689234289 0.4320542001 2 0.8607544651 0.4095441663 2
0 0.8909900701 0.3262374524 0.0194704050 0.0597092420 0.8930502844 0.3446241529 2 0.8891516484 0.3155357627 2
0 0.8913742612 0.3922321793 0.0185840603 0.0630763038 0.8908186830 0.4169020892 2 0.8911663421 0.3896209882 2
0 0.8951036634 0.2356414385 0.0193739936 0.0304168903 0.8897083883 0.2337261645 2 0.8988672078 0.2346251898 2
0 0.9152935523 0.2541138596 0.0172102269 0.0529511269 0.9113923201 0.2356891828 2 0.9180458154 0.2609819027 2
0 0.9291402476 0.2277531759 0.0130208333 0.0509259259 0.9299331322 0.2422249492 2 0.9292523852 0.2140268961 2
0 0.9463858576 0.2719037821 0.0145199515 0.0450813247 0.9505385617 0.2843932803 2 0.9453560306 0.2575030414 2
0 0.9214818254 0.3300510381 0.0140625000 0.0527777778 0.9213373833 0.3450490577 2 0.9236655380 0.3165781558 2
0 0.9361979167 0.3000000000 0.0140625000 0.0500000000 0.9348299865 0.2854538973 2 0.9343621277 0.3087428707 2
0 0.9281250000 0.3722222222 0.0135416667 0.0407407407 0.9252673479 0.3617252852 2 0.9307133238 0.3808951204 2
0 0.9176319176 0.4231648315 0.0278314028 0.0352185519 0.9086706579 0.4234341033 2 0.9236034002 0.4179639614 2
0 0.9006227954 0.4778113588 0.0158289242 0.0486884719 0.9015216296 0.4656137859 2 0.9002850373 0.4894489218 2
0 0.9165854368 0.4709170741 0.0182291667 0.0490740741 0.9158592654 0.4897606788 2 0.9172368497 0.4655035319 2
0 0.9363095238 0.4520625122 0.0169642857 0.0615324319 0.9359859146 0.4715955499 2 0.9371170455 0.4321141891 2
0 0.9494791667 0.4505952381 0.0125000000 0.0509259259 0.9505665053 0.4357797632 2 0.9498176836 0.4672454018 2
0 0.9638020833 0.4620370370 0.0130208333 0.0611111111 0.9625391120 0.4423705288 2 0.9621306638 0.4783865829 2
0 0.9308185302 0.5118222786 0.0154829095 0.0417071539 0.9273970975 0.4995896337 2 0.9330280093 0.5188177418 2
0 0.9559895833 0.5342592593 0.0130208333 0.0574074074 0.9559890882 0.5167396317 2 0.9559123495 0.5442973701 2
0 0.8448922267 0.5942747872 0.0308817618 0.0545491143 0.8409496073 0.5780272934 2 0.8467712851 0.6020879179 2
0 0.8779486332 0.6133646874 0.0220458554 0.0578091319 0.8735695049 0.5917384670 2 0.8804924462 0.6223740098 2
0 0.9046875000 0.5685185185 0.0281250000 0.0351851852 0.9164318083 0.5804047435 2 0.9019125218 0.5666286414 2
0 0.7741505456 0.8956238977 0.0194072421 0.0495811287 0.7750409270 0.8862661666 2 0.7704765474 0.9112452524 2
0 0.8462788761 0.7480394936 0.0198146967 0.0383125472 0.8411631444 0.7597758065 2 0.8488062844 0.7419814887 2
0 0.8033267306 0.8913421969 0.0164707977 0.0498575499 0.8031129962 0.8763636050 2 0.8015801253 0.9005340902 2
0 0.8932429453 0.6101802861 0.0162588183 0.0396825397 0.8887151851 0.6199605130 2 0.8966121157 0.6015591412 2
0 0.9239583333 0.5560185185 0.0187500000 0.0453703704 0.9198928876 0.5406628908 2 0.9278378238 0.5614720198 2
0 0.9432291667 0.5861111111 0.0166666667 0.0425925926 0.9460110207 0.5967977222 2 0.9373568699 0.5741248592 2
0 0.9516255938 0.3591855811 0.0115845210 0.0535563473 0.9518002426 0.3405503140 2 0.9510613440 0.3696957597 2
0 0.9400267455 0.3471805138 0.0140625000 0.0462962963 0.9396489928 0.3332718214 2 0.9401979808 0.3534853241 2
0 0.8833333333 0.6745370370 0.0270833333 0.0305555556 0.8755555153 0.6780088296 2 0.8907938177 0.6728421200 2
0 0.6841145833 0.9240740741 0.0223958333 0.0425925926 0.6761890045 0.9275169717 2 0.6908684080 0.9321358598 2
0 0.7409516011 0.0566465804 0.0209854533 0.0383371020 0.7475992674 0.0638295617 2 0.7406460704 0.0464256153 2
0 0.8925540123 0.5227317264 0.0264550265 0.0548696845 0.8919427380 0.5394977531 2 0.8912487675 0.5048130191 2
0 0.3790064103 0.0544871795 0.0256410256 0.0391737892 0.3711966060 0.0641038035 2 0.3845822922 0.0474460606 2
0 0.8569614363 0.1480217890 0.0186338335 0.0549741063 0.8528132172 0.1653422905 2 0.8560866518 0.1325511767 2
0 0.5717937204 0.3121446392 0.0336155378 0.0387339531 0.5603851061 0.3217616969 2 0.5769652453 0.3077852269 2
0 0.7170339794 0.1028024222 0.0239622940 0.0471764540 0.7103609531 0.0915502224 2 0.7244686843 0.1019225912 2
0 0.3019462719 0.6939571150 0.0178179825 0.0653021442 0.3023620162 0.7170146069 2 0.3044570232 0.6867533946 2
0 0.8770489927 0.4739214489 0.0231456044 0.0489824990 0.8685895696 0.4926095473 2 0.8812095627 0.4671168436 2
0 0.4922025385 0.2329242121 0.0308876391 0.0478745791 0.5004422283 0.2492622008 2 0.4856613105 0.2266803120 2
0 0.4579678363 0.2452891488 0.0351790936 0.0584795322 0.4502117032 0.2355663412 2 0.4643935303 0.2637972357 2
0 0.6666314752 0.5421046046 0.0306165541 0.0531781782 0.6598812709 0.5321997659 2 0.6731117424 0.5528664593 2
0 0.3205818966 0.5581098340 0.0211925287 0.0472541507 0.3261881196 0.5757293709 2 0.3181958034 0.5500553021 2
0 0.9021487520 0.2817140812 0.0218900966 0.0375738057 0.9101541000 0.2773905934 2 0.8975060136 0.2874805175 2
0 0.8522339914 0.7892630991 0.0183883622 0.0420305422 0.8458075535 0.7790331368 2 0.8549093433 0.7931165647 2
0 0.1690578478 0.7450886533 0.0331501308 0.0336763233 0.1594416179 0.7438310719 2 0.1754975107 0.7429371509 2
0 0.8629152948 0.6367250727 0.0178416976 0.0254788541 0.8663811791 0.6419804558 2 0.8613442095 0.6343428075 2
0 0.1582352183 0.0694771786 0.0201776453 0.0532406641 0.1626897627 0.0839767637 2 0.1565727503 0.0576358508 2
0 0.0949948248 0.0708063073 0.0149526971 0.0485736101 0.0933323567 0.0544942740 2 0.0940120248 0.0818018260 2
0 0.0477945972 0.1616703739 0.0182151038 0.0534068051 0.0533539421 0.1483017565 2 0.0453338591 0.1777842462 2
0 0.0727244815 0.1742801798 0.0194385063 0.0456736931 0.0755111206 0.1542659191 2 0.0714612981 0.1833526441 2
0 0.0698386110 0.0605357678 0.0115543569 0.0478486308 0.0710253114 0.0433779254 2 0.0692581745 0.0723770957 2
0 0.0441784234 0.0942473032 0.0140011619 0.0519568466 0.0456057263 0.1129759339 2 0.0476447304 0.0822851455 2
0 0.0610341911 0.0223535270 0.0240602490 0.0367322823 0.0552570126 0.0332282159 2 0.0654520334 0.0167953527 2
0 0.1297486311 0.0753978425 0.0209337760 0.0456736931 0.1301251672 0.0900182575 2 0.1339313083 0.0644023238 2
0 0.1918077616 0.0100288797 0.0301772615 0.0200577594 0.2031949201 0.0048331950 2 0.1863391524 0.0082164316 2
0 0.1621429698 0.0170370125 0.0206619088 0.0169161826 0.1675490495 0.0158287137 2 0.1568102942 0.0177619918 2
0 0.5341617417 0.0211452283 0.0208148341 0.0419128632 0.5414227715 0.0306424565 2 0.5327230204 0.0070564648 2
0 0.5087193198 0.0170128465 0.0164207801 0.0326723984 0.5110867395 0.0250359503 2 0.5093467893 0.0041565477 2
0 0.4920016606 0.0190911204 0.0135933610 0.0381822408 0.4921941426 0.0323824067 2 0.4926291302 0.0078297760 2
0 0.4359219778 0.0561965253 0.0398013611 0.0365389545 0.4454666922 0.0495885811 2 0.4236085676 0.0600282823 2
0 0.4686591410 0.0192361162 0.0229455934 0.0384722325 0.4757026770 0.0057998340 2 0.4615655815 0.0256159337 2
0 0.4351150759 0.0219427055 0.0230543403 0.0421454607 0.4385699645 0.0041565477 2 0.4350900641 0.0248426225 2
0 0.3821596912 0.0138712698 0.0327328134 0.0277425395 0.3764798412 0.0236826557 2 0.3886594927 0.0041565477 2
0 0.3321948459 0.0347371394 0.0187044648 0.0489119338 0.3329310623 0.0149829046 2 0.3304298839 0.0406955022 2
0 0.3554960416 0.0175928299 0.0135933610 0.0338323652 0.3552535361 0.0285158507 2 0.3550360423 0.0086030872 2
0 0.6795324647 0.0366265561 0.0182660789 0.0698547720 0.6805455949 0.0560726143 2 0.6801208023 0.0190684648 2
0 0.7143834175 0.0598578376 0.0231481481 0.0486344931 0.7219683299 0.0631859976 2 0.7078028448 0.0448059264 2
0 0.7316448621 0.0171804980 0.0244255706 0.0339834026 0.7228877640 0.0077406639 2 0.7388174840 0.0217116183 2
0 0.8551617867 0.0938319505 0.0220892117 0.0438008300 0.8617385266 0.0847697098 2 0.8496319394 0.0964751040 2
0 0.9182359334 0.1093132783 0.0148677386 0.0422904566 0.9190855184 0.1187531124 2 0.9190855184 0.1010062244 2
0 0.8910492113 0.1113900418 0.0123189834 0.0487095437 0.8906244188 0.0976078841 2 0.8897748337 0.1172427389 2
0 0.8784116335 0.0819377596 0.0189032677 0.0471991703 0.8840401345 0.0938319505 2 0.8783054353 0.0715539421 2
0 0.9647490165 0.2251166314 0.0168217843 0.0549775935 0.9644941410 0.2449568970 2 0.9638144729 0.2126349052 2
0 0.9638994314 0.2749166647 0.0120641079 0.0419883819 0.9643242240 0.2850905403 2 0.9636445559 0.2672681336 2
0 0.9691668588 0.3519034201 0.0205599586 0.0335302906 0.9621153028 0.3430465902 2 0.9719704895 0.3605669222 2
0 0.9699314854 0.4144872543 0.0125738590 0.0453112035 0.9690819003 0.3983806319 2 0.9703166023 0.4217883863 2
0 0.9859886431 0.3714959845 0.0093454357 0.0471236516 0.9865833527 0.3871072045 2 0.9850540995 0.3623370799 2
0 0.9743102468 0.4773852462 0.0146128631 0.0425925312 0.9702713194 0.4914860927 2 0.9746891618 0.4709450138 2
0 0.9662001078 0.5577491967 0.0164819503 0.0434987553 0.9678924812 0.5452674705 2 0.9629648879 0.5664126988 2
0 0.9798716306 0.5605766158 0.0100251038 0.0434987553 0.9801265062 0.5499073377 2 0.9787671701 0.5692401179 2
0 0.9524300331 0.6537243671 0.0163120332 0.0622273861 0.9492016098 0.6327845496 2 0.9544690372 0.6669189895 2
0 0.9910861535 0.6711480352 0.0096852697 0.0549775935 0.9913410290 0.6514165165 2 0.9901516099 0.6819260601 2
0 0.9932950747 0.2963518847 0.0086657677 0.0444049794 0.9927003651 0.3116610300 2 0.9938897842 0.2868909054 2
0 0.9774078340 0.2560792871 0.0248078839 0.0289991702 0.9706111534 0.2526598016 2 0.9833549294 0.2568888472 2
0 0.9831850124 0.2017179259 0.0241282158 0.0211452283 0.9779175850 0.2043399342 2 0.9874329377 0.2037357848 2
0 0.8978866719 0.1936162827 0.0125738590 0.0359468881 0.8994159250 0.2046963824 2 0.8990760910 0.1856656769 2
0 0.9655986016 0.1284768966 0.0096852697 0.0332282159 0.9644941410 0.1179601663 2 0.9644941410 0.1318556021 2
0 0.8859080618 0.7250604496 0.0180112034 0.0567900417 0.8832738088 0.7047247815 2 0.8831038918 0.7385571467 2
0 0.0481204981 0.2515166872 0.0254195851 0.0662147720 0.0471009960 0.2748803520 2 0.0480525313 0.2420146257 2
