0 0.0655776515 0.2312354374 0.0189393939 0.0473484848 0.0717726742 0.2216239650 2 0.0626585409 0.2469410018 2
0 0.0759351326 0.2698863636 0.0278172348 0.0473484848 0.0669784347 0.2791879179 2 0.0794832822 0.2605426974 2
0 0.0930989583 0.2125420875 0.0159801136 0.0631313131 0.0928235090 0.2010770330 2 0.0893635139 0.2310824100 2
0 0.1099668561 0.1441498316 0.0248579545 0.0526094276 0.1186166745 0.1337622161 2 0.1062165347 0.1508084031 2
0 0.1392637311 0.1136363636 0.0278172348 0.0399831650 0.1441833801 0.1106114436 2 0.1317592091 0.1215117264 2
0 0.1451651323 0.1560359616 0.0236742424 0.0578703704 0.1403347824 0.1774320458 2 0.1476837556 0.1526776098 2
0 0.1658329727 0.1539825685 0.0184761000 0.0659617700 0.1680501340 0.1383981598 2 0.1637033329 0.1689650447 2
0 0.1760395464 0.1792591974 0.0173253049 0.0455220092 0.1695199287 0.1860307871 2 0.1798166331 0.1651823554 2
0 0.1869081439 0.2178030303 0.0248579545 0.0673400673 0.1906822953 0.1983723483 2 0.1820407467 0.2308581698 2
0 0.1256510417 0.2146464646 0.0254498106 0.0420875421 0.1342115667 0.2118441887 2 0.1196709267 0.2237850640 2
0 0.1371922348 0.2514730640 0.0165719697 0.0547138047 0.1389422610 0.2718321123 2 0.1339688697 0.2434870329 2
0 0.1158854167 0.2814604377 0.0213068182 0.0431397306 0.1079744571 0.2843065955 2 0.1186649430 0.2779348737 2
0 0.1212121212 0.3224957912 0.0260416667 0.0494528620 0.1197756000 0.3267849854 2 0.1313312120 0.3065102153 2
0 0.1516927083 0.2851430976 0.0254498106 0.0589225589 0.1579874238 0.2694014767 2 0.1464090990 0.2961462694 2
0 0.1058238636 0.3772095960 0.0142045455 0.0494528620 0.1086494250 0.3648205258 2 0.1043525612 0.3909102011 2
0 0.0756392045 0.4208754209 0.0236742424 0.0357744108 0.0837398052 0.4244101397 2 0.0717241660 0.4251425215 2
0 0.0640980114 0.5066287879 0.0147964015 0.0578703704 0.0616640596 0.4886928238 2 0.0637527151 0.5141348830 2
0 0.0809659091 0.5045244108 0.0213068182 0.0557659933 0.0800564367 0.4910838522 2 0.0798328029 0.5182512206 2
0 0.1004971591 0.5039983165 0.0153882576 0.0505050505 0.1055522400 0.4915856922 2 0.0985309818 0.5113892410 2
0 0.1167732008 0.5445075758 0.0254498106 0.0389309764 0.1087263958 0.5523555352 2 0.1204622423 0.5388400390 2
0 0.0951704545 0.5744949495 0.0260416667 0.0336700337 0.1034769003 0.5831717211 2 0.0914051427 0.5705617689 2
0 0.0939867424 0.6639309764 0.0236742424 0.0315656566 0.0994782329 0.6702306807 2 0.0879432192 0.6619303534 2
0 0.1343132062 0.6057752668 0.0216278249 0.0627746390 0.1280699696 0.5882586363 2 0.1341117303 0.6171994157 2
0 0.1175406073 0.4786566227 0.0163312147 0.0439422473 0.1124753463 0.4667082578 2 0.1198765031 0.4867579524 2
0 0.1223958333 0.4017576899 0.0207450565 0.0564971751 0.1231969540 0.3880066427 2 0.1168531053 0.4128449920 2
0 0.1365201271 0.4460922787 0.0163312147 0.0714061519 0.1337273442 0.4241308144 2 0.1322001214 0.4633295337 2
0 0.1614583333 0.4927809165 0.0291313559 0.0376647834 0.1708347773 0.5029377366 2 0.1564718698 0.4895699063 2
0 0.1426995056 0.3746861268 0.0180967514 0.0651286880 0.1438273849 0.3580603576 2 0.1397355605 0.3938130357 2
0 0.1548375706 0.4139202762 0.0185381356 0.0714061519 0.1549952857 0.3906012805 2 0.1539453201 0.4286121598 2
0 0.1927966102 0.5006277464 0.0291313559 0.0376647834 0.1845151267 0.5028239485 2 0.1987935465 0.4992191403 2
0 0.1753619350 0.3927338355 0.0207450565 0.0666980540 0.1756223391 0.3784019961 2 0.1743741281 0.4059815146 2
0 0.1641066384 0.3330979284 0.0194209040 0.0588512241 0.1643898669 0.3158369539 2 0.1636031793 0.3411508122 2
0 0.1841896186 0.3134808537 0.0198622881 0.0525737602 0.1895292344 0.3297952112 2 0.1817691708 0.3060855555 2
0 0.1883827684 0.4362837414 0.0247175141 0.0423728814 0.1959801064 0.4245133145 2 0.1849388950 0.4416192759 2
0 0.2095692090 0.4198053986 0.0185381356 0.0612052731 0.2052270712 0.3993813386 2 0.2101360017 0.4281803977 2
0 0.2221486582 0.3695856874 0.0216278249 0.0612052731 0.2246848551 0.3559977677 2 0.2183850609 0.3875603729 2
0 0.2323004944 0.3001412429 0.0348693503 0.0400188324 0.2430181676 0.2926835230 2 0.2241070061 0.3034706383 2
0 0.2027277542 0.2510985562 0.0242761299 0.0580665411 0.2014726204 0.2275821590 2 0.2045774141 0.2609759398 2
0 0.2153072034 0.1196641557 0.0282485876 0.0541431262 0.2185007357 0.1054636694 2 0.2093248604 0.1347390811 2
0 0.1848516949 0.0835687382 0.0176553672 0.0415881984 0.1869518361 0.0974624382 2 0.1835606881 0.0807599535 2
0 0.2411281780 0.1110326428 0.0189795198 0.0541431262 0.2391687385 0.1324660125 2 0.2420163919 0.1013168963 2
0 0.2606827464 0.0974087695 0.0187121909 0.0578503832 0.2619796913 0.1121985609 2 0.2600948413 0.0907045571 2
0 0.2755561441 0.0431575643 0.0357521186 0.0360954175 0.2636297848 0.0405428950 2 0.2799090267 0.0390682008 2
0 0.2234728107 0.1655681105 0.0269244350 0.0643440050 0.2199042700 0.1593875385 2 0.2308276893 0.1807947645 2
0 0.2532662429 0.1569365976 0.0291313559 0.0674827370 0.2569304029 0.1453227673 2 0.2468272365 0.1754718988 2
0 0.2329625706 0.2263810421 0.0326624294 0.0588512241 0.2419598953 0.2441684035 2 0.2322028471 0.2229491919 2
0 0.2693767655 0.2510985562 0.0366348870 0.0721908349 0.2730933791 0.2286177982 2 0.2721371320 0.2697954490 2
0 0.2680748284 0.3121458533 0.0339421512 0.0451956615 0.2773262302 0.3206428147 2 0.2612804917 0.3022755233 2
0 0.2854872881 0.1879315756 0.0264830508 0.0494350282 0.2785731227 0.2008561783 2 0.2882508037 0.1807839511 2
0 0.2862830289 0.1217672541 0.0178294225 0.0567799571 0.2862695790 0.1033596454 2 0.2851049389 0.1352039180 2
0 0.2960805085 0.1322190835 0.0203036723 0.0604205901 0.3020495582 0.1081800740 2 0.2933747382 0.1431159665 2
0 0.3213043652 0.1181880633 0.0254703656 0.0543296735 0.3139158908 0.1362764527 2 0.3246535606 0.1099885964 2
0 0.3115289548 0.1753766478 0.0282485876 0.0541431262 0.3211947563 0.1911798173 2 0.3071474470 0.1682130711 2
0 0.3004943503 0.2255963591 0.0194209040 0.0557124922 0.3013586787 0.2459298299 2 0.3001025502 0.2163791967 2
0 0.3236670198 0.2259887006 0.0260416667 0.0753295669 0.3300703630 0.2105182130 2 0.3213098101 0.2463212391 2
0 0.3181497175 0.2997489014 0.0467867232 0.0753295669 0.3150260796 0.2758399203 2 0.3182826960 0.3134719327 2
0 0.2921080508 0.3656622724 0.0361935028 0.0690521030 0.2949401295 0.3469947370 2 0.2910562559 0.3826377328 2
0 0.2507429542 0.4001475023 0.0258503151 0.0721091916 0.2476127511 0.3813970561 2 0.2465196967 0.4211530743 2
0 0.2316384181 0.4645323289 0.0273658192 0.0627746390 0.2283626090 0.4452255471 2 0.2329778428 0.4768515535 2
0 0.1777895480 0.6246076585 0.0264830508 0.0455116133 0.1669582260 0.6193775916 2 0.1771735559 0.6267510629 2
0 0.1848785872 0.7195241599 0.0213852097 0.0398577385 0.1786131177 0.7166578404 2 0.1891568696 0.7305792693 2
0 0.2208245056 0.7179849341 0.0233933616 0.0455116133 0.2146491467 0.7023739755 2 0.2225871493 0.7246878291 2
0 0.2155278955 0.6422630257 0.0172139831 0.0635593220 0.2165050873 0.6249805694 2 0.2154855402 0.6545851966 2
0 0.2371557203 0.6626647834 0.0189795198 0.0431575643 0.2361555153 0.6532886795 2 0.2319441144 0.6755443626 2
0 0.2521627825 0.6705116133 0.0198622881 0.0666980540 0.2541962126 0.6480961219 2 0.2475093681 0.6820157596 2
0 0.2506179379 0.5771343377 0.0220692090 0.0698367859 0.2530110415 0.5564853527 2 0.2495331440 0.5864945226 2
0 0.2699023444 0.5047484660 0.0196938988 0.0717962255 0.2716585293 0.4847144527 2 0.2691062658 0.5138298842 2
0 0.2753405547 0.4092439285 0.0185279302 0.0667615543 0.2739705480 0.3914080588 2 0.2732069990 0.4237734511 2
0 0.2903425141 0.4547237916 0.0185381356 0.0698367859 0.2881611448 0.4314194154 2 0.2913313288 0.4652876653 2
0 0.2989495056 0.5002354049 0.0278072034 0.0682674200 0.3056636639 0.4839440211 2 0.2953517631 0.5118480045 2
0 0.2936528955 0.5390772128 0.0357521186 0.0266792216 0.3028791818 0.5360466251 2 0.2857704243 0.5436044331 2
0 0.3170462571 0.5559478970 0.0322210452 0.0368801004 0.3274171724 0.5607168944 2 0.3123451212 0.5537861106 2
0 0.3079978814 0.6026365348 0.0247175141 0.0721908349 0.3101150989 0.5797475111 2 0.3040355772 0.6130294074 2
0 0.3311705508 0.6081293158 0.0260416667 0.0392341494 0.3211994927 0.6187320943 2 0.3359272335 0.6042309342 2
0 0.2916666667 0.6465787822 0.0344279661 0.0360954175 0.2805814207 0.6417247623 2 0.2974559169 0.6548604648 2
0 0.2771009887 0.6932674200 0.0317796610 0.0431575643 0.2848412901 0.6841903128 2 0.2669606224 0.7012312240 2
0 0.2521627825 0.8070464532 0.0251588983 0.0682674200 0.2457702221 0.7914039993 2 0.2550783096 0.8223903995 2
0 0.1460098870 0.8733521657 0.0273658192 0.0549278092 0.1410081645 0.8544191853 2 0.1482771678 0.8819344858 2
0 0.1385063559 0.7407407407 0.0247175141 0.0470809793 0.1449567095 0.7289723165 2 0.1357808342 0.7485984943 2
0 0.3430879237 0.8729598242 0.0269244350 0.0525737602 0.3508950728 0.8900318224 2 0.3395489430 0.8652210874 2
0 0.2804113701 0.7470182046 0.0260416667 0.0627746390 0.2787002931 0.7272638850 2 0.2802946466 0.7630669111 2
0 0.3099841102 0.7552573760 0.0260416667 0.0651286880 0.3018447467 0.7338336284 2 0.3128143184 0.7657169690 2
0 0.3245497881 0.7325015694 0.0154484463 0.0557124922 0.3233543377 0.7111301091 2 0.3233543377 0.7398601728 2
0 0.3020646836 0.6899936808 0.0229714873 0.0569655981 0.2986061458 0.7067232640 2 0.3050787400 0.6773469931 2
0 0.3652298434 0.5998901444 0.0361935028 0.0337413685 0.3785588776 0.5942112971 2 0.3591877922 0.6024643659 2
0 0.3503707627 0.5512397991 0.0238347458 0.0635593220 0.3482370772 0.5318427266 2 0.3507859450 0.5623536178 2
0 0.3282644423 0.5003470563 0.0247917369 0.0716294547 0.3318902905 0.4844449088 2 0.3230703883 0.5172977719 2
0 0.3274187853 0.4433458883 0.0211864407 0.0674827370 0.3281318809 0.4241947750 2 0.3228998840 0.4591549382 2
0 0.3644950565 0.5080822348 0.0300141243 0.0572818581 0.3728499163 0.5297202778 2 0.3608373027 0.5038767163 2
0 0.3987023305 0.4539391086 0.0225105932 0.0823917137 0.3980363523 0.4329065090 2 0.3983667611 0.4704996864 2
0 0.3551805392 0.4011097437 0.0265739498 0.0850192364 0.3578553552 0.3796084435 2 0.3508347037 0.4210270354 2
0 0.3225635593 0.4088198368 0.0273658192 0.0706214689 0.3274378336 0.3881066674 2 0.3179031801 0.4240215779 2
0 0.3492673023 0.3429064658 0.0286899718 0.0784682988 0.3566046849 0.3191459367 2 0.3459412667 0.3536771136 2
0 0.3475017655 0.2675768989 0.0286899718 0.0580665411 0.3410931181 0.2537573753 2 0.3559040664 0.2808275729 2
0 0.3658904562 0.2289947634 0.0293236474 0.0746799351 0.3599284204 0.2028319401 2 0.3670236687 0.2390360912 2
0 0.3751833442 0.1359204943 0.0472416884 0.0721492281 0.3718923194 0.1187837251 2 0.3746325565 0.1517011467 2
0 0.3941943473 0.0802900803 0.0193036131 0.0634550635 0.3973996486 0.0610756217 2 0.3927413842 0.0889999944 2
0 0.3961975524 0.1337088837 0.0240384615 0.0537425537 0.3886325449 0.1493642122 2 0.4003424317 0.1234380278 2
0 0.4013785693 0.1721785159 0.0275167541 0.0555717431 0.3941147209 0.1847593505 2 0.4077613709 0.1645832926 2
0 0.4241820025 0.1364268677 0.0270499024 0.0569230612 0.4272400222 0.1466967059 2 0.4179043540 0.1243817568 2
0 0.4420891608 0.1091038591 0.0269522145 0.0550375550 0.4347398360 0.1211295686 2 0.4446671308 0.0961159125 2
0 0.4356971154 0.2102434602 0.0324519231 0.0552965553 0.4452952799 0.1943211923 2 0.4276951940 0.2199397255 2
0 0.3958333333 0.2360139860 0.0254953380 0.0666925667 0.3972260733 0.2640001396 2 0.3909855319 0.2250116144 2
0 0.3920090326 0.3331390831 0.0265879953 0.0757575758 0.3968260555 0.3127198240 2 0.3922689888 0.3508866635 2
0 0.4175043706 0.2793965294 0.0375145688 0.0407925408 0.4070573031 0.2819049184 2 0.4222400264 0.2782594767 2
0 0.4185210336 0.3386172956 0.0280448718 0.0718725719 0.4136988175 0.3549423441 2 0.4211926604 0.3221487752 2
0 0.4262456294 0.3859103859 0.0265879953 0.0699300699 0.4359585776 0.3640705337 2 0.4218427499 0.3958103909 2
0 0.3987470862 0.5419580420 0.0305944056 0.0712250712 0.3916026790 0.5178518760 2 0.3986481724 0.5566126681 2
0 0.3960154429 0.5778943279 0.0382430070 0.0304325304 0.4093228558 0.5768118300 2 0.3899831926 0.5783850242 2
0 0.3688811189 0.6442631443 0.0225815851 0.0543900544 0.3727941893 0.6253377836 2 0.3672685838 0.6558417115 2
0 0.3461174242 0.6863506864 0.0163898601 0.0505050505 0.3481978355 0.6651764919 2 0.3451743738 0.6959489487 2
0 0.3603219697 0.6902356902 0.0178467366 0.0518000518 0.3638948484 0.7081564401 2 0.3576629624 0.6823056538 2
0 0.3721590909 0.7336182336 0.0189393939 0.0543900544 0.3683733587 0.7177949673 2 0.3709180454 0.7436457536 2
0 0.3512164918 0.7604895105 0.0185751748 0.0705775706 0.3550448433 0.7416341624 2 0.3485351190 0.7748431904 2
0 0.3805335339 0.7125744626 0.0225867783 0.0524475524 0.3767130935 0.6973163129 2 0.3853364658 0.7239887849 2
0 0.4092817164 0.6416528469 0.0235800166 0.0663349917 0.4096604069 0.6256649789 2 0.4101409047 0.6549860541 2
0 0.4131337413 0.7038332038 0.0265879953 0.0569800570 0.4075801814 0.6893709914 2 0.4177588804 0.7207638810 2
0 0.3779865967 0.7931882932 0.0313228438 0.0323750324 0.3669018711 0.7986736453 2 0.3838896083 0.7901141674 2
0 0.3728875291 0.8608521109 0.0174825175 0.0692825693 0.3717682478 0.8451416955 2 0.3726943753 0.8762595796 2
0 0.3905521562 0.8326858327 0.0127476690 0.0660450660 0.3891937851 0.8582029592 2 0.3911679058 0.8211189192 2
0 0.4040369468 0.8164762329 0.0142219122 0.0596142268 0.4023971008 0.7988498020 2 0.4010722459 0.8317169613 2
0 0.4349868881 0.8485495985 0.0331439394 0.0407925408 0.4245073282 0.8386356651 2 0.4403679720 0.8528194597 2
0 0.4351689977 0.7844470344 0.0269522145 0.0628075628 0.4413670584 0.7652793842 2 0.4320477922 0.7946831149 2
0 0.4608464452 0.8135845636 0.0353292541 0.0407925408 0.4746769055 0.8206825453 2 0.4522375011 0.8082959030 2
0 0.4877986597 0.8589096089 0.0236742424 0.0679875680 0.4939722948 0.8430081440 2 0.4825212043 0.8788761100 2
0 0.5222173660 0.8912846413 0.0262237762 0.0628075628 0.5143926792 0.9119687479 2 0.5257642965 0.8819085358 2
0 0.5115196339 0.7924894036 0.0295952119 0.0581722804 0.5017329574 0.7775051931 2 0.5159559344 0.7992817462 2
0 0.5402462121 0.7763532764 0.0382430070 0.0466200466 0.5289308073 0.7662183513 2 0.5455678463 0.7825842682 2
0 0.3754370629 0.9349909350 0.0371503497 0.0310800311 0.3879332855 0.9319074948 2 0.3637984876 0.9437833478 2
0 0.5624635781 0.8349520850 0.0207604895 0.0744625745 0.5641202730 0.8113427772 2 0.5602383274 0.8486802373 2
0 0.5894157925 0.8197358197 0.0229458042 0.0608650609 0.5858091231 0.7971110269 2 0.5910506958 0.8299916383 2
0 0.6136363636 0.8116420616 0.0247668998 0.0511525512 0.6074575681 0.7989792175 2 0.6188784992 0.8238801995 2
0 0.6436844406 0.8271820772 0.0265879953 0.0602175602 0.6389874508 0.8105220763 2 0.6500957875 0.8374253589 2
0 0.6442307692 0.9074721575 0.0254953380 0.0602175602 0.6531463477 0.8922431823 2 0.6412330590 0.9284481318 2
0 0.7003205128 0.8780108780 0.0262237762 0.0582750583 0.6912736839 0.8600879739 2 0.7014004987 0.8893085949 2
0 0.7096081002 0.8084045584 0.0229458042 0.0576275576 0.7144573211 0.7924611167 2 0.7062918194 0.8227265403 2
0 0.7316433566 0.7714970215 0.0203962704 0.0757575758 0.7303147359 0.7431563428 2 0.7300109314 0.7842036985 2
0 0.7518575175 0.8045195545 0.0156614219 0.0718725719 0.7520050401 0.7836102383 2 0.7544069128 0.8155498081 2
0 0.7635125291 0.7844470344 0.0200320513 0.0641025641 0.7601411654 0.7654935149 2 0.7649397176 0.7935231532 2
0 0.7045135854 0.7634502072 0.0258686626 0.0426411551 0.7112643460 0.7517511326 2 0.6993353513 0.7707406346 2
0 0.6908508159 0.7559570060 0.0262237762 0.0563325563 0.6982266332 0.7394441620 2 0.6863620477 0.7649986539 2
0 0.6394959207 0.7316757317 0.0276806527 0.0543900544 0.6453547781 0.7516196530 2 0.6346774962 0.7206492914 2
0 0.6281588378 0.7668975965 0.0197604130 0.0461063869 0.6264066575 0.7612635889 2 0.6310824478 0.7820815868 2
0 0.6061698718 0.7235819736 0.0207604895 0.0589225589 0.6043492609 0.7425665756 2 0.6124619647 0.7176421092 2
0 0.5874125874 0.7494819995 0.0196678322 0.0550375550 0.5876751229 0.7334703610 2 0.5879694064 0.7591057241 2
0 0.5556067197 0.7192437192 0.0281714813 0.0800310800 0.5542977024 0.6990039200 2 0.5546083544 0.7397041365 2
0 0.5222173660 0.7054519555 0.0218531469 0.0757575758 0.5226058202 0.6830523414 2 0.5210867980 0.7244597617 2
0 0.4442744755 0.6601269101 0.0342365967 0.0641025641 0.4407971971 0.6459854058 2 0.4416908437 0.6862326039 2
0 0.4346520347 0.7337701559 0.0214301964 0.0404488847 0.4412325487 0.7228545494 2 0.4312534943 0.7410983684 2
0 0.4712453921 0.7007304260 0.0291648456 0.0420349327 0.4630749799 0.6930311683 2 0.4757652593 0.7087444349 2
0 0.4480213797 0.7017227564 0.0213341346 0.0411041505 0.4441411130 0.6900576955 2 0.4497570011 0.7096915696 2
0 0.4830638112 0.6539756540 0.0287733100 0.0699300699 0.4868516900 0.6342961890 2 0.4801212531 0.6706904031 2
0 0.4663097319 0.5992618493 0.0200320513 0.0731675732 0.4647412874 0.6242271538 2 0.4693381689 0.5818010895 2
0 0.4311625874 0.5662393162 0.0298659674 0.0666925667 0.4251666129 0.5435086891 2 0.4340816721 0.5790104356 2
0 0.4359946222 0.5158515163 0.0422241535 0.0531736514 0.4198274739 0.5045817723 2 0.4374616911 0.5268303854 2
0 0.4559294872 0.4147241647 0.0203962704 0.0796425796 0.4568534335 0.3934470288 2 0.4568534335 0.4309214365 2
0 0.4717730186 0.4513079513 0.0185751748 0.0699300699 0.4678452686 0.4274738956 2 0.4709300522 0.4640342934 2
0 0.4511946387 0.3386428386 0.0342365967 0.0634550635 0.4436463032 0.3173906956 2 0.4506961824 0.3514595957 2
0 0.4551016462 0.2810115109 0.0317460317 0.0537918871 0.4641227489 0.2973087688 2 0.4523376791 0.2739023108 2
0 0.4568452381 0.2425044092 0.0297619048 0.0546737213 0.4502834632 0.2334143557 2 0.4622814468 0.2598080016 2
0 0.4940476190 0.2314814815 0.0357142857 0.0467372134 0.5035748812 0.2474313254 2 0.4860699094 0.2271757367 2
0 0.4901279276 0.2969129636 0.0356171606 0.0523797190 0.4801059528 0.3063442675 2 0.4948775710 0.2872162828 2
0 0.5215773810 0.3606701940 0.0233134921 0.0652557319 0.5157020452 0.3367234494 2 0.5240761173 0.3702197377 2
0 0.4816086691 0.3840819674 0.0207570208 0.0766332433 0.4831090746 0.3550494778 2 0.4820881097 0.3976639714 2
0 0.5037202381 0.4060846561 0.0203373016 0.0767195767 0.5005354974 0.3808481451 2 0.5024840251 0.4227813739 2
0 0.4970238095 0.5405643739 0.0367063492 0.0723104056 0.4988314482 0.5183480851 2 0.4972345942 0.5548746404 2
0 0.5171130952 0.5105820106 0.0243055556 0.0617283951 0.5236941446 0.5338445792 2 0.5156076955 0.4992250421 2
0 0.5121527778 0.5970017637 0.0243055556 0.0740740741 0.5145998363 0.5777403920 2 0.5077676120 0.6125946379 2
0 0.5329861111 0.6512345679 0.0272817460 0.0608465608 0.5258095644 0.6320869881 2 0.5362392398 0.6599141658 2
0 0.5626489481 0.6445247455 0.0254957546 0.0703546057 0.5604026893 0.6242242317 2 0.5624720289 0.6628457002 2
0 0.5873015873 0.6847442681 0.0307539683 0.0784832451 0.5864504591 0.6620982709 2 0.5878143106 0.6997732127 2
0 0.6356646825 0.6393298060 0.0282738095 0.0652557319 0.6378236937 0.6223614548 2 0.6343344970 0.6581838742 2
0 0.6382660781 0.6780566147 0.0329916534 0.0457075857 0.6268778339 0.6852024724 2 0.6466843080 0.6743127133 2
0 0.5761914461 0.5540948637 0.0253987652 0.0887893746 0.5742044514 0.5326951052 2 0.5758944833 0.5700423469 2
0 0.5426587302 0.5180776014 0.0198412698 0.0679012346 0.5421697711 0.5005827063 2 0.5428959012 0.5330165185 2
0 0.5243377483 0.4462319107 0.0263245033 0.0390176600 0.5337269230 0.4556638190 2 0.5179230593 0.4422836834 2
0 0.5466145833 0.4856481481 0.0223958333 0.0583333333 0.5522059173 0.5026407812 2 0.5440800316 0.4779453876 2
0 0.5572916667 0.4578703704 0.0156250000 0.0712962963 0.5591939213 0.4322152250 2 0.5578596572 0.4708453475 2
0 0.5809895833 0.4615740741 0.0276041667 0.0750000000 0.5869909745 0.4383290646 2 0.5735567421 0.4752230760 2
0 0.5497395833 0.3898148148 0.0213541667 0.0814814815 0.5531746079 0.3630118997 2 0.5479464710 0.4013515702 2
0 0.5712234632 0.3861163921 0.0203125000 0.0731481481 0.5667845225 0.3568397497 2 0.5732356351 0.3993874940 2
0 0.6072218343 0.4965989034 0.0244413408 0.0765311401 0.6084681671 0.4694238013 2 0.6066847356 0.5110721641 2
0 0.6363648504 0.5324133428 0.0220619658 0.0889007597 0.6383151125 0.5048600228 2 0.6341401383 0.5549300799 2
0 0.6643229167 0.5370370370 0.0348958333 0.0574074074 0.6566292355 0.5263444724 2 0.6717089315 0.5486547757 2
0 0.6760416667 0.6104166667 0.0312500000 0.0634259259 0.6677923192 0.5954728066 2 0.6825653761 0.6274197309 2
0 0.6580729167 0.7097222222 0.0255208333 0.0768518519 0.6586700184 0.6882774873 2 0.6579509021 0.7266303602 2
0 0.6927083333 0.6930555556 0.0239583333 0.0583333333 0.6872235920 0.7060280682 2 0.6975944629 0.6824618452 2
0 0.7219576720 0.6981505977 0.0165013228 0.0685234176 0.7251131224 0.6821238041 2 0.7194662819 0.7161575357 2
0 0.7448991402 0.6552150696 0.0227017196 0.0789486577 0.7510176708 0.6335604734 2 0.7443040233 0.6667684401 2
0 0.7548600053 0.6876223756 0.0215299894 0.0706151215 0.7603898562 0.6731200970 2 0.7505282110 0.7073536635 2
0 0.8239583333 0.7937500000 0.0375000000 0.0412037037 0.8132978055 0.7886321823 2 0.8311342324 0.7977983986 2
0 0.8269675926 0.7336811679 0.0231481481 0.0562512248 0.8338093162 0.7214604289 2 0.8210470292 0.7499336012 2
0 0.7828125000 0.7337962963 0.0218750000 0.0620370370 0.7846076422 0.7133895314 2 0.7846076422 0.7390417283 2
0 0.7798239087 0.6748922203 0.0231894841 0.0613266706 0.7805138620 0.6515128845 2 0.7803055534 0.6878017176 2
0 0.8033854167 0.7083333333 0.0192708333 0.0648148148 0.8093388090 0.6936360196 2 0.8012812401 0.7176643254 2
0 0.8276041667 0.6870370370 0.0229166667 0.0537037037 0.8343442055 0.6737106569 2 0.8254425103 0.7002562139 2
0 0.8488420959 0.6549197266 0.0185175250 0.0579876013 0.8464931047 0.6387388707 2 0.8499068935 0.6622545086 2
0 0.7074218750 0.5907407407 0.0190104167 0.0629629630 0.7083038111 0.5689820096 2 0.7057381865 0.6045931911 2
0 0.6893229167 0.5425925926 0.0234375000 0.0703703704 0.6841462690 0.5189429306 2 0.6916694910 0.5533129844 2
0 0.7091685158 0.5185103002 0.0350036982 0.0499835634 0.7007404212 0.5082149619 2 0.7170849554 0.5237111062 2
0 0.6499553893 0.4495437346 0.0238350592 0.0670611440 0.6547287161 0.4721067497 2 0.6472206050 0.4357713390 2
0 0.6008191289 0.4230301327 0.0343596814 0.0291258170 0.5912506353 0.4234930372 2 0.6061982925 0.4229862075 2
0 0.5976562500 0.3754629630 0.0223958333 0.0638888889 0.6005536825 0.3977177950 2 0.5977353899 0.3602164748 2
0 0.5881051788 0.3322743290 0.0324603576 0.0484143050 0.5804142171 0.3483334276 2 0.5920272383 0.3317657947 2
0 0.5398437500 0.3222222222 0.0234375000 0.0537037037 0.5377292261 0.3058328933 2 0.5394521348 0.3356966448 2
0 0.5278645833 0.2953703704 0.0317708333 0.0555555556 0.5213206025 0.3040490461 2 0.5347734496 0.2827538240 2
0 0.5203125000 0.2370370370 0.0281250000 0.0685185185 0.5137975285 0.2167778306 2 0.5242389496 0.2465755703 2
0 0.5456321649 0.2298721340 0.0254023369 0.0717372134 0.5450370995 0.2529855642 2 0.5434549870 0.2175261051 2
0 0.5765625000 0.2703703704 0.0354166667 0.0425925926 0.5668023734 0.2823796941 2 0.5821071394 0.2635711524 2
0 0.4718750000 0.1634259259 0.0312500000 0.0694444444 0.4778962690 0.1782092751 2 0.4684276972 0.1448733013 2
0 0.5184895833 0.1777777778 0.0369791667 0.0333333333 0.5302847363 0.1804370757 2 0.5081916147 0.1766238077 2
0 0.5104166667 0.1337962963 0.0343750000 0.0490740741 0.4991490840 0.1459515984 2 0.5155242619 0.1282862979 2
0 0.5138020833 0.0712962963 0.0276041667 0.0648148148 0.5153244284 0.0499501467 2 0.5081200803 0.0861131489 2
0 0.4755208333 0.0620370370 0.0385416667 0.0444444444 0.4614343460 0.0615994243 2 0.4833431820 0.0548429578 2
0 0.5549479167 0.1212962963 0.0401041667 0.0388888889 0.5693682026 0.1262002664 2 0.5484112011 0.1190733267 2
0 0.5632964065 0.1814814815 0.0250000000 0.0574074074 0.5663546191 0.1991593614 2 0.5625176815 0.1687367096 2
0 0.5973958333 0.2282407407 0.0406250000 0.0435185185 0.5869073255 0.2287793246 2 0.6061122994 0.2197724929 2
0 0.5998002094 0.1872868901 0.0389412478 0.0365373310 0.6127858958 0.1932080396 2 0.5939137978 0.1846028330 2
0 0.6278791861 0.1565636899 0.0224250389 0.0665022499 0.6307498487 0.1787806250 2 0.6260001072 0.1452766397 2
0 0.5835046340 0.0837364456 0.0213541667 0.0629629630 0.5870163973 0.0989355372 2 0.5812931717 0.0700575623 2
0 0.6097304894 0.0802787576 0.0194609788 0.0550019596 0.6123610514 0.0995686559 2 0.6049959544 0.0680680089 2
0 0.6261629189 0.0515456594 0.0169091711 0.0580197923 0.6239389201 0.0676494075 2 0.6271710575 0.0442458304 2
0 0.5555088141 0.0322234093 0.0212740385 0.0588912631 0.5502014104 0.0554081542 2 0.5579146602 0.0217137644 2
0 0.6542617394 0.0977978640 0.0345651455 0.0358857535 0.6404256565 0.0948425973 2 0.6605336358 0.0991374864 2
0 0.6661458333 0.1532407407 0.0229166667 0.0675925926 0.6739905389 0.1330946786 2 0.6624252664 0.1645779204 2
0 0.6247395833 0.2592592593 0.0359375000 0.0388888889 0.6141063358 0.2658630876 2 0.6290108094 0.2547455315 2
0 0.6276041667 0.3134259259 0.0281250000 0.0638888889 0.6166538191 0.2905880774 2 0.6309160874 0.3244455446 2
0 0.6260724852 0.3683075827 0.0292283037 0.0643929432 0.6310721527 0.3864632631 2 0.6194019097 0.3575315583 2
0 0.6462771203 0.2987098413 0.0196375740 0.0780245478 0.6450471634 0.2808316880 2 0.6481260045 0.3123530120 2
0 0.6693848619 0.3308678501 0.0216469428 0.0691431076 0.6692377870 0.3091094606 2 0.6680182268 0.3388501984 2
0 0.6848958333 0.2972222222 0.0197916667 0.0592592593 0.6860581036 0.3142029292 2 0.6817013229 0.2839255035 2
0 0.6690104167 0.2314814815 0.0390625000 0.0351851852 0.6596050549 0.2330114613 2 0.6796574403 0.2338170813 2
0 0.6901041667 0.1842592593 0.0291666667 0.0555555556 0.6814742846 0.1936817908 2 0.6961929621 0.1714251955 2
0 0.7120122354 0.1882814031 0.0281911376 0.0506368803 0.7017904953 0.2040123732 2 0.7151175121 0.1834521550 2
0 0.7132812500 0.1388888889 0.0348958333 0.0407407407 0.7260311835 0.1496120134 2 0.7075017051 0.1340280965 2
0 0.7038508199 0.3005540681 0.0177083333 0.0611111111 0.7033368188 0.3179201961 2 0.7036635774 0.2874227310 2
0 0.6945312500 0.3537037037 0.0338541667 0.0370370370 0.6831398335 0.3554470654 2 0.7022858964 0.3495123314 2
0 0.6685111563 0.4120863467 0.0213973126 0.0612097304 0.6688752129 0.4293350393 2 0.6674814846 0.3961700713 2
0 0.6952539448 0.4455867850 0.0240754438 0.0522846811 0.6879054657 0.4606931812 2 0.7006256278 0.4369613036 2
0 0.7132812500 0.3953703704 0.0171875000 0.0703703704 0.7085663221 0.4118559006 2 0.7161857375 0.3810855865 2
0 0.7247395833 0.4009259259 0.0161458333 0.0666666667 0.7215889377 0.4217719335 2 0.7272923598 0.3859671173 2
0 0.7488627959 0.4144011615 0.0314410750 0.0565801008 0.7379186027 0.4256159189 2 0.7538762248 0.4070334360 2
0 0.7248936760 0.4884103122 0.0195790187 0.0653517423 0.7258637508 0.5096216738 2 0.7245657365 0.4749889777 2
0 0.7469316997 0.5419543763 0.0334658531 0.0308952444 0.7594503358 0.5428442823 2 0.7396503531 0.5450294486 2
0 0.7497395833 0.5935185185 0.0286458333 0.0555555556 0.7425099998 0.6063582216 2 0.7553873320 0.5853852475 2
0 0.7519153723 0.4668721236 0.0277890779 0.0392998028 0.7442572569 0.4610067333 2 0.7582807475 0.4681710991 2
0 0.7795349482 0.4910557747 0.0169717702 0.0654448828 0.7795972326 0.4659509435 2 0.7787027230 0.4933233279 2
0 0.7854166667 0.5606481481 0.0218750000 0.0601851852 0.7795920840 0.5844733576 2 0.7886893393 0.5530077190 2
0 0.8102864583 0.5250000000 0.0242187500 0.0462962963 0.8023043295 0.5377160787 2 0.8144969365 0.5196728454 2
0 0.8145168440 0.5844907407 0.0175753546 0.0560185185 0.8138936874 0.6010753107 2 0.8140449499 0.5736517964 2
0 0.8462935406 0.4890603567 0.0199129189 0.0781207133 0.8458376310 0.4663333183 2 0.8460539582 0.5060620081 2
0 0.8650173611 0.5276969430 0.0214533730 0.0547374094 0.8661142921 0.5461135837 2 0.8619310317 0.5182765932 2
0 0.7911458333 0.4393518519 0.0322916667 0.0472222222 0.7807484411 0.4256710278 2 0.7973250798 0.4444849403 2
0 0.8078125000 0.4282407407 0.0166666667 0.0620370370 0.8104557292 0.4502927845 2 0.8066143242 0.4182445493 2
0 0.7604166667 0.3601851852 0.0291666667 0.0500000000 0.7536477668 0.3497548767 2 0.7662516918 0.3592289679 2
0 0.7250000000 0.3268518519 0.0218750000 0.0555555556 0.7194121317 0.3390746022 2 0.7273583056 0.3138580834 2
0 0.7323646936 0.2730477170 0.0282710538 0.0483490104 0.7233438660 0.2861647189 2 0.7394964113 0.2621961025 2
0 0.7385416667 0.1861111111 0.0145833333 0.0592592593 0.7375740653 0.2060491480 2 0.7384454214 0.1747859456 2
0 0.7651909722 0.2256883206 0.0269097222 0.0532284930 0.7586336785 0.2361897488 2 0.7698720776 0.2179454330 2
0 0.7682842813 0.2886855771 0.0259314374 0.0644081913 0.7607442733 0.3036212979 2 0.7738621768 0.2776008784 2
0 0.7924479167 0.2402777778 0.0161458333 0.0638888889 0.7913877832 0.2569150032 2 0.7939498673 0.2251831168 2
0 0.7900590666 0.3321358370 0.0188402002 0.0661235258 0.7927713749 0.3138418710 2 0.7889610132 0.3397695843 2
0 0.8182291667 0.3537037037 0.0250000000 0.0629629630 0.8230189520 0.3674065272 2 0.8166224057 0.3398751936 2
0 0.8450448091 0.3852058763 0.0182437151 0.0593006414 0.8493958750 0.3996618169 2 0.8458076247 0.3726044900 2
0 0.8191812720 0.2583186361 0.0227375441 0.0463256908 0.8162157462 0.2681804597 2 0.8257230440 0.2482542477 2
0 0.8341145833 0.3013888889 0.0286458333 0.0490740741 0.8422547189 0.3177683252 2 0.8304246599 0.2939640904 2
0 0.7609375000 0.1620370370 0.0187500000 0.0648148148 0.7607318897 0.1836902373 2 0.7596055628 0.1476477785 2
0 0.7817708333 0.1625000000 0.0197916667 0.0694444444 0.7837957957 0.1789336449 2 0.7793399972 0.1479080851 2
0 0.7629466364 0.0537062901 0.0144349395 0.0425977654 0.7611846368 0.0678343503 2 0.7637453508 0.0473020404 2
0 0.7825055284 0.0962238775 0.0160527235 0.0517070143 0.7829867032 0.1137438064 2 0.7842967079 0.0840073581 2
0 0.7934663142 0.0530066188 0.0135416667 0.0462962963 0.7916464856 0.0720691349 2 0.7942912425 0.0443655802 2
0 0.8046627677 0.0869801366 0.0166230214 0.0453651976 0.8023014138 0.1032137189 2 0.8057331694 0.0796214537 2
0 0.8158854167 0.0513888889 0.0192708333 0.0435185185 0.8216760486 0.0352121620 2 0.8128337641 0.0594120986 2
0 0.8225500466 0.1097506725 0.0180167598 0.0508690255 0.8172846475 0.1210632281 2 0.8241603121 0.0984574587 2
0 0.8408854167 0.1125000000 0.0130208333 0.0564814815 0.8411572204 0.1320403376 2 0.8407622080 0.1036423650 2
0 0.8178392691 0.1859998965 0.0315118715 0.0294072005 0.8091552261 0.1839499936 2 0.8245090382 0.1861209534 2
0 0.8447916667 0.2430555556 0.0291666667 0.0453703704 0.8555329176 0.2426863668 2 0.8386994876 0.2344153347 2
0 0.8744791667 0.1699074074 0.0145833333 0.0490740741 0.8747969394 0.1852523852 2 0.8744689431 0.1598290294 2
0 0.9317005622 0.1474990202 0.0209738757 0.0449980404 0.9380470536 0.1392201507 2 0.9298977459 0.1490581253 2
0 0.9499872694 0.1463898208 0.0192708333 0.0250000000 0.9432383215 0.1472708150 2 0.9540790311 0.1443153074 2
0 0.9502604167 0.1759259259 0.0255208333 0.0277777778 0.9553660637 0.1727327168 2 0.9415990248 0.1772065932 2
0 0.9384398564 0.1080081314 0.0180176914 0.0357109865 0.9428797793 0.1220730052 2 0.9359305480 0.1003840077 2
0 0.8708429784 0.2229227905 0.0260223765 0.0245247893 0.8783885619 0.2225769697 2 0.8656339748 0.2257519994 2
0 0.8725905374 0.2654724818 0.0212227414 0.0531671859 0.8759130536 0.2843313405 2 0.8710844408 0.2569237612 2
0 0.8617187500 0.3509259259 0.0171875000 0.0592592593 0.8587861415 0.3677658076 2 0.8598159260 0.3332636248 2
0 0.8677083333 0.4175925926 0.0208333333 0.0611111111 0.8709526497 0.4320542001 2 0.8627836858 0.4095441663 2
0 0.8909900701 0.3262374524 0.0194704050 0.0597092420 0.8930502844 0.3446241529 2 0.8891298421 0.3178060761 2
0 0.8913015322 0.3915147952 0.0184386023 0.0645110719 0.8866603327 0.4106136292 2 0.8903719726 0.3788793329 2
0 0.9007254464 0.2791832011 0.0190476190 0.0579805996 0.9030352132 0.2679646164 2 0.8980031622 0.2912505511 2
0 0.8947723765 0.2325592789 0.0176091270 0.0388986870 0.8910570579 0.2428737168 2 0.8964565305 0.2278837441 2
0 0.9145171958 0.2526455026 0.0132275132 0.0532039976 0.9125824888 0.2359029329 2 0.9154963029 0.2610635686 2
0 0.9283854167 0.2402777778 0.0130208333 0.0509259259 0.9272722097 0.2583802017 2 0.9288900334 0.2320719490 2
0 0.9463858576 0.2719037821 0.0145199515 0.0450813247 0.9515149695 0.2921068149 2 0.9439467438 0.2653237085 2
0 0.9200520833 0.3282407407 0.0140625000 0.0527777778 0.9199076412 0.3432387604 2 0.9222357959 0.3147678584 2
0 0.9361979167 0.3000000000 0.0140625000 0.0500000000 0.9320896705 0.2880679658 2 0.9363672370 0.3140898289 2
0 0.9281250000 0.3722222222 0.0135416667 0.0407407407 0.9252673479 0.3617252852 2 0.9307133238 0.3808951204 2
0 0.9184895833 0.4203703704 0.0276041667 0.0296296296 0.9096014900 0.4205969107 2 0.9226510235 0.4225894775 2
0 0.8802083333 0.4717592593 0.0260416667 0.0527777778 0.8706904365 0.4918953553 2 0.8804334034 0.4659812452 2
0 0.9006227954 0.4737629826 0.0158289242 0.0567852244 0.9024912196 0.4599418260 2 0.8987372389 0.4873358387 2
0 0.9158854167 0.4652777778 0.0182291667 0.0490740741 0.9123384773 0.4763077824 2 0.9178488148 0.4514675310 2
0 0.9363095238 0.4566921419 0.0169642857 0.0615324319 0.9359859146 0.4762251796 2 0.9390088607 0.4418617730 2
0 0.9494791667 0.4486111111 0.0125000000 0.0509259259 0.9505665053 0.4337956362 2 0.9478435173 0.4598152989 2
0 0.9638020833 0.4620370370 0.0130208333 0.0611111111 0.9625391120 0.4423705288 2 0.9621306638 0.4783865829 2
0 0.9302083333 0.5240740741 0.0177083333 0.0537037037 0.9297648824 0.5058980249 2 0.9329235484 0.5263176841 2
0 0.9559895833 0.5342592593 0.0130208333 0.0574074074 0.9559890882 0.5167396317 2 0.9559123495 0.5442973701 2
0 0.8495476709 0.5995370370 0.0267468569 0.0509259259 0.8440385010 0.5883341668 2 0.8500891241 0.6106733382 2
0 0.8779486332 0.6133646874 0.0220458554 0.0578091319 0.8735695049 0.5917384670 2 0.8798049011 0.6251215922 2
0 0.9046875000 0.5685185185 0.0281250000 0.0351851852 0.9164318083 0.5804047435 2 0.9019125218 0.5666286414 2
0 0.7741505456 0.8956238977 0.0194072421 0.0495811287 0.7750409270 0.8862661666 2 0.7704765474 0.9112452524 2
0 0.8481522817 0.7440476190 0.0235615079 0.0462962963 0.8420692033 0.7582296002 2 0.8511576040 0.7367272186 2
0 0.8508246528 0.7946318342 0.0202256944 0.0394400353 0.8448402405 0.7840925576 2 0.8525832558 0.7993900801 2
0 0.8046207265 0.8913421969 0.0164707977 0.0498575499 0.8044069920 0.8763636050 2 0.8028741212 0.9005340902 2
0 0.8932429453 0.6101802861 0.0162588183 0.0396825397 0.8887151851 0.6199605130 2 0.8964956521 0.6010859871 2
0 0.9239583333 0.5560185185 0.0187500000 0.0453703704 0.9198928876 0.5406628908 2 0.9270493950 0.5647065994 2
0 0.9432291667 0.5861111111 0.0166666667 0.0425925926 0.9460110207 0.5967977222 2 0.9373568699 0.5741248592 2
0 0.9516255938 0.3591855811 0.0115845210 0.0535563473 0.9518002426 0.3405503140 2 0.9510613440 0.3696957597 2
0 0.9393229167 0.3425925926 0.0140625000 0.0462962963 0.9389451640 0.3286839002 2 0.9394941520 0.3488974029 2
0 0.8833333333 0.6745370370 0.0270833333 0.0305555556 0.8755555153 0.6780088296 2 0.8907938177 0.6728421200 2
0 0.6841145833 0.9240740741 0.0223958333 0.0425925926 0.6769034887 0.9238218613 2 0.6911931736 0.9343298316 2
0 0.7408843463 0.0553673720 0.0211199628 0.0444483721 0.7461567733 0.0649562192 2 0.7357991395 0.0408400787 2
0 0.8925540123 0.5227317264 0.0264550265 0.0548696845 0.8919427380 0.5394977531 2 0.8912487675 0.5048130191 2
0 0.3790064103 0.0544871795 0.0256410256 0.0391737892 0.3711966060 0.0641038035 2 0.3845822922 0.0474460606 2
0 0.8574527603 0.1475077876 0.0176511854 0.0539461033 0.8567203101 0.1700169530 2 0.8577847800 0.1373043829 2
0 0.5759741903 0.3110661269 0.0347925101 0.0404858300 0.5625516274 0.3243336772 2 0.5771830484 0.3078298828 2
0 0.7147694867 0.1028024222 0.0239622940 0.0471764540 0.7080964604 0.0915502224 2 0.7177943695 0.1079030443 2
0 0.7143834175 0.0598578376 0.0231481481 0.0486344931 0.7194171998 0.0709708252 2 0.7088770048 0.0502585533 2
0 0.1691305369 0.7426368717 0.0282210281 0.0264636747 0.1609441471 0.7416486336 2 0.1746126845 0.7409461687 2
0 0.8649000218 0.6341568639 0.0170749078 0.0260745030 0.8682169514 0.6395351082 2 0.8633964576 0.6317189057 2
0 0.1582352183 0.0694771786 0.0201776453 0.0532406641 0.1626897627 0.0839767637 2 0.1565727503 0.0576358508 2
0 0.0949948248 0.0708063073 0.0149526971 0.0485736101 0.0933323567 0.0544942740 2 0.0940120248 0.0818018260 2
0 0.0477945972 0.1616703739 0.0182151038 0.0534068051 0.0533539421 0.1483017565 2 0.0453338591 0.1777842462 2
0 0.0700058093 0.1838257400 0.0183510374 0.0386655603 0.0753751869 0.1726320603 2 0.0661317014 0.1943814379 2
0 0.0698386110 0.0605357678 0.0115543569 0.0478486308 0.0710253114 0.0433779254 2 0.0692581745 0.0723770957 2
0 0.0441784234 0.0942473032 0.0140011619 0.0519568466 0.0456057263 0.1129759339 2 0.0476447304 0.0822851455 2
0 0.0613740251 0.0198160996 0.0233805810 0.0263409129 0.0541695437 0.0250117843 2 0.0668113695 0.0153453942 2
0 0.1297486311 0.0753978425 0.0209337760 0.0456736931 0.1264549597 0.0897765978 2 0.1347469099 0.0607774276 2
0 0.1958857699 0.0118413278 0.0301772615 0.0200577594 0.2083603973 0.0117204980 2 0.1896015591 0.0112371785 2
0 0.1621429698 0.0170370125 0.0206619088 0.0169161826 0.1675490495 0.0158287137 2 0.1568102942 0.0177619918 2
0 0.5330742729 0.0211452283 0.0208148341 0.0419128632 0.5383528468 0.0312224399 2 0.5300880833 0.0087964150 2
0 0.5106767637 0.0168195187 0.0164207801 0.0326723984 0.5130441835 0.0248426225 2 0.5113042333 0.0039632199 2
0 0.4951553204 0.0167228548 0.0135933610 0.0324790706 0.4953478024 0.0271625561 2 0.4951303086 0.0074431204 2
0 0.4299408989 0.0639296374 0.0398013611 0.0365389545 0.4394856133 0.0573216931 2 0.4176274888 0.0677613944 2
0 0.4620255809 0.0214593860 0.0229455934 0.0423387885 0.4690691168 0.0060898257 2 0.4587381624 0.0279358673 2
0 0.4351150759 0.0219427055 0.0230543403 0.0421454607 0.4385699645 0.0041565477 2 0.4350900641 0.0248426225 2
0 0.3843346289 0.0138712698 0.0370826889 0.0277425395 0.3764798412 0.0236826557 2 0.3901819491 0.0053165145 2
0 0.3321948459 0.0347371394 0.0187044648 0.0489119338 0.3329310623 0.0149829046 2 0.3304298839 0.0406955022 2
0 0.3554960416 0.0175928299 0.0135933610 0.0338323652 0.3552535361 0.0285158507 2 0.3550360423 0.0086030872 2
0 0.6778332945 0.0453112035 0.0182660789 0.0698547720 0.6788464247 0.0647572616 2 0.6784216322 0.0277531121 2
0 0.7316448621 0.0171804980 0.0244255706 0.0339834026 0.7228877640 0.0077406639 2 0.7388174840 0.0217116183 2
0 0.8550555886 0.0951535273 0.0218768154 0.0464439835 0.8617385266 0.0847697098 2 0.8519682983 0.1017614111 2
0 0.9182359334 0.1093132783 0.0148677386 0.0422904566 0.9190855184 0.1187531124 2 0.9190855184 0.1010062244 2
0 0.8910492113 0.1113900418 0.0123189834 0.0487095437 0.8906244188 0.0976078841 2 0.8897748337 0.1172427389 2
0 0.8742699063 0.0785394193 0.0174164938 0.0419128632 0.8806417943 0.0930767638 2 0.8713815294 0.0719496411 2
0 0.9650888505 0.2169606148 0.0168217843 0.0549775935 0.9648339750 0.2368008804 2 0.9641543069 0.2044788886 2
0 0.9638994314 0.2749166647 0.0120641079 0.0419883819 0.9643242240 0.2850905403 2 0.9636445559 0.2672681336 2
0 0.9691668588 0.3452577770 0.0205599586 0.0335302906 0.9621153028 0.3364009471 2 0.9719704895 0.3539212791 2
0 0.9699314854 0.4144872543 0.0125738590 0.0453112035 0.9690819003 0.3983806319 2 0.9703166023 0.4217883863 2
0 0.9861585601 0.3681731629 0.0093454357 0.0471236516 0.9867532697 0.3837843829 2 0.9852240166 0.3590142583 2
0 0.9743102468 0.4773852462 0.0146128631 0.0425925312 0.9702713194 0.4914860927 2 0.9746891618 0.4709450138 2
0 0.9655204397 0.5613740930 0.0164819503 0.0434987553 0.9672128132 0.5488923668 2 0.9622852198 0.5700375951 2
0 0.9798716306 0.5605766158 0.0100251038 0.0434987553 0.9801265062 0.5499073377 2 0.9787671701 0.5692401179 2
0 0.9524300331 0.6537243671 0.0163120332 0.0622273861 0.9492016098 0.6327845496 2 0.9544690372 0.6669189895 2
0 0.9910861535 0.6711480352 0.0096852697 0.0549775935 0.9913410290 0.6514165165 2 0.9901516099 0.6819260601 2
0 0.9932950747 0.2963518847 0.0086657677 0.0444049794 0.9927003651 0.3116610300 2 0.9938897842 0.2868909054 2
0 0.9774078340 0.2560792871 0.0248078839 0.0289991702 0.9706111534 0.2526598016 2 0.9833549294 0.2568888472 2
0 0.9831850124 0.2017179259 0.0241282158 0.0211452283 0.9779175850 0.2043399342 2 0.9874329377 0.2037357848 2
0 0.8978866719 0.1936162827 0.0125738590 0.0359468881 0.8994159250 0.2046963824 2 0.8990760910 0.1856656769 2
0 0.9655986016 0.1284768966 0.0096852697 0.0332282159 0.9644941410 0.1179601663 2 0.9644941410 0.1318556021 2
0 0.8859080618 0.7250604496 0.0180112034 0.0567900417 0.8832738088 0.7047247815 2 0.8831038918 0.7385571467 2
0 0.0481204981 0.2515166872 0.0254195851 0.0662147720 0.0471009960 0.2748803520 2 0.0480525313 0.2420146257 2
