0 0.1344038225 0.5036114038 0.0150602410 0.0490852298 0.1324710677 0.5194264595 2 0.1352799403 0.4964424390 2
0 0.2120212571 0.6654500845 0.0208562397 0.0498544174 0.2121277986 0.6563962001 2 0.2109948783 0.6745229250 2
0 0.2075803213 0.5555555556 0.0138052209 0.0580098170 0.2066951981 0.5341299715 2 0.2079815476 0.5652677728 2
0 0.2216992972 0.5711735832 0.0131777108 0.0535475234 0.2225565284 0.5533048968 2 0.2213107143 0.5792734588 2
0 0.2391720533 0.5950145748 0.0222345970 0.0444530178 0.2476828483 0.5785724679 2 0.2353141100 0.6024677818 2
0 0.2562500000 0.4844444444 0.0175000000 0.0622222222 0.2602041350 0.5037528517 2 0.2544575906 0.4756919434 2
0 0.2778173480 0.6100439602 0.0167394360 0.0461157832 0.2805125422 0.6254502264 2 0.2778001714 0.6018882174 2
0 0.2916666667 0.6503703704 0.0233333333 0.0311111111 0.2847627610 0.6467142734 2 0.2947962071 0.6520276791 2
0 0.3163697240 0.5316233766 0.0185727814 0.0567532468 0.3149254066 0.5116059886 2 0.3170244331 0.5406972586 2
0 0.3045833333 0.5722222222 0.0125000000 0.0466666667 0.3051774398 0.5881452260 2 0.3043140249 0.5650043246 2
0 0.3200000000 0.5825925926 0.0116666667 0.0466666667 0.3209795825 0.5986264963 2 0.3195559552 0.5753244241 2
0 0.3226093107 0.6319547325 0.0177186214 0.0550205761 0.3228999346 0.6458903147 2 0.3224775709 0.6256377331 2
0 0.3352083333 0.6137037037 0.0112500000 0.0422222222 0.3357575848 0.6320234122 2 0.3349593577 0.6053993798 2
0 0.3129166667 0.6870370370 0.0158333333 0.0570370370 0.3119012793 0.6681394522 2 0.3133769418 0.6956033122 2
0 0.2908333333 0.7025925926 0.0258333333 0.0348148148 0.2995228635 0.6989846180 2 0.2868943693 0.7042280875 2
0 0.2918750000 0.7455555556 0.0287500000 0.0496296296 0.2830348753 0.7295423219 2 0.2996278277 0.7574103291 2
0 0.3185098380 0.7842746914 0.0215451389 0.0538786008 0.3139710137 0.7651431787 2 0.3205672870 0.7929470061 2
0 0.3242026749 0.8251714678 0.0182613169 0.0355281207 0.3294448592 0.8159972077 2 0.3218263928 0.8293301598 2
0 0.3372916667 0.8625925926 0.0329166667 0.0392592593 0.3476955481 0.8737905818 2 0.3325755872 0.8575165441 2
0 0.3900097018 0.9252178649 0.0175194036 0.0504357298 0.3963245157 0.9058705847 2 0.3871471967 0.9339879870 2
0 0.3989583333 0.9822222222 0.0270833333 0.0325925926 0.3880385973 0.9753918965 2 0.4016273927 0.9889370542 2
0 0.4143438521 0.9601724764 0.0229789624 0.0359005084 0.4220732607 0.9482696331 2 0.4108401112 0.9655680353 2
0 0.4265507557 0.9206899056 0.0164348448 0.0576761075 0.4262312862 0.9044589060 2 0.4266955712 0.9280474177 2
0 0.4478273080 0.9286819172 0.0210120507 0.0544008715 0.4528968078 0.9116919873 2 0.4455293038 0.9363834525 2
0 0.4526552288 0.9722694263 0.0145833333 0.0481481481 0.4519674728 0.9567820826 2 0.4529669885 0.9792898392 2
0 0.4754166667 0.9103703704 0.0250000000 0.0325925926 0.4675120843 0.9060804331 2 0.4789998139 0.9123149989 2
0 0.4614583333 0.8777777778 0.0179166667 0.0488888889 0.4628776933 0.8563517110 2 0.4608149375 0.8874902138 2
0 0.4416666667 0.8555555556 0.0208333333 0.0696296296 0.4407913498 0.8351332911 2 0.4420634478 0.8648129680 2
0 0.4610416667 0.8329629630 0.0145833333 0.0466666667 0.4612073234 0.8187212012 2 0.4609665745 0.8394187536 2
0 0.5095307394 0.8905573711 0.0148948121 0.0499963689 0.5106468752 0.8718538816 2 0.5090247950 0.8990356629 2
0 0.5246648551 0.8528220402 0.0348369565 0.0257371203 0.5132458504 0.8552862067 2 0.5308259850 0.8561842978 2
0 0.5684537162 0.8639284344 0.0331945179 0.0414896505 0.5795230482 0.8529269841 2 0.5634359880 0.8689153918 2
0 0.4939583333 0.8362962963 0.0329166667 0.0311111111 0.4840279631 0.8342073988 2 0.4984597702 0.8372431935 2
0 0.5112500000 0.8137037037 0.0233333333 0.0303703704 0.5042107502 0.8217269915 2 0.5144408919 0.8100667473 2
0 0.5160145978 0.7850373808 0.0208333333 0.0281481481 0.5238681845 0.7784468506 2 0.5116630414 0.7939147547 2
0 0.4777911315 0.7950118613 0.0378787879 0.0402169847 0.4646060616 0.7849786101 2 0.4837679238 0.7995599341 2
0 0.5457907941 0.8178543727 0.0259184119 0.0357087454 0.5398509074 0.8271695231 2 0.5514269963 0.8142069763 2
0 0.5725000000 0.8000000000 0.0241666667 0.0296296296 0.5811195379 0.7943353098 2 0.5685927635 0.8025678041 2
0 0.5521412037 0.7853497942 0.0291666667 0.0222222222 0.5413119790 0.7893778943 2 0.5570500912 0.7835238565 2
0 0.5566257911 0.7436779184 0.0242484177 0.0562447257 0.5579493081 0.7245081975 2 0.5599041063 0.7529780801 2
0 0.5777083333 0.7492592593 0.0254166667 0.0437037037 0.5868474236 0.7395592077 2 0.5735655837 0.7536562926 2
0 0.6080986201 0.7261038961 0.0195305736 0.0581337181 0.6017243559 0.7020076910 2 0.6090290621 0.7310192899 2
0 0.6212500000 0.7011111111 0.0158333333 0.0451851852 0.6186854800 0.6841000915 2 0.6224124969 0.7088222063 2
0 0.6412500000 0.6837037037 0.0258333333 0.0503703704 0.6339810035 0.6692662198 2 0.6452943252 0.6933746670 2
0 0.6202265963 0.6595887446 0.0270468074 0.0480663781 0.6290889754 0.6444747224 2 0.6162092799 0.6664399309 2
0 0.5859796438 0.6636938083 0.0311259542 0.0592394685 0.5766797720 0.6478863421 2 0.5918455501 0.6783783828 2
0 0.5753095048 0.7046030056 0.0131190096 0.0462430482 0.5737469668 0.7200517881 2 0.5760178033 0.6976000724 2
0 0.5641666667 0.6762962963 0.0133333333 0.0414814815 0.5601576362 0.6835496409 2 0.5658689797 0.6646227292 2
0 0.5364398968 0.7245567027 0.0146202065 0.0609652573 0.5413042416 0.7074000825 2 0.5342348893 0.7323337986 2
0 0.5025796248 0.7568411867 0.0254166667 0.0555555556 0.4973746382 0.7365861170 2 0.5002709073 0.7653672746 2
0 0.4810416667 0.7425925926 0.0187500000 0.0674074074 0.4838078264 0.7204192719 2 0.4797877665 0.7526437588 2
0 0.6193750000 0.6211111111 0.0145833333 0.0451851852 0.6152581393 0.6338441417 2 0.6212411730 0.6153392284 2
0 0.6157476578 0.5468485645 0.0210046844 0.0448082402 0.6121522504 0.5340361529 2 0.6173774560 0.5526564307 2
0 0.6332538215 0.5717992549 0.0315076430 0.0354503616 0.6436692541 0.5691264269 2 0.6285325059 0.5730108478 2
0 0.5705591588 0.5466876310 0.0386183176 0.0533752621 0.5589087023 0.5342883232 2 0.5776130499 0.5534033451 2
0 0.5527083333 0.5825925926 0.0137500000 0.0570370370 0.5533844265 0.5659992607 2 0.5524018603 0.5901143500 2
0 0.5670833333 0.6033333333 0.0133333333 0.0570370370 0.5637743584 0.5866044571 2 0.5685832917 0.6109165329 2
0 0.5552083333 0.6462962963 0.0162500000 0.0525925926 0.5546237524 0.6269965146 2 0.5554733239 0.6550448874 2
0 0.5730296459 0.6167846078 0.0247740415 0.0271715251 0.5687890313 0.6174070283 2 0.5789199473 0.6177902308 2
0 0.6300774007 0.4982596792 0.0162523624 0.0585488677 0.6308359338 0.4810873854 2 0.6297335577 0.5060438800 2
0 0.5923102981 0.4531767540 0.0203252033 0.0602228245 0.5890618721 0.4316493841 2 0.5937828096 0.4629351108 2
0 0.5637279810 0.4546823246 0.0207486450 0.0602228245 0.5692503536 0.4340136452 2 0.5634541929 0.4687906089 2
0 0.5747606427 0.4827580985 0.0240898258 0.0546459771 0.5786868839 0.4643929985 2 0.5729808775 0.4910829983 2
0 0.5323932927 0.5216802168 0.0173611111 0.0722673893 0.5328594811 0.5011712538 2 0.5321819695 0.5309769297 2
0 0.5171535754 0.5555892558 0.0198933912 0.0691888476 0.5128661568 0.5395712484 2 0.5186003798 0.5737710590 2
0 0.5641778376 0.3893087885 0.0212779472 0.0525067751 0.5725802562 0.3703931077 2 0.5613643552 0.3973085872 2
0 0.5329725515 0.6537623195 0.0162025936 0.0563954610 0.5332614656 0.6358814202 2 0.5328415867 0.6618677311 2
0 0.5357808266 0.5947003914 0.0173611111 0.0587172538 0.5378711475 0.5728739826 2 0.5348332841 0.6045943026 2
0 0.6250828123 0.3282143933 0.0293059200 0.0707618187 0.6230686949 0.3030878938 2 0.6259958118 0.3396042354 2
0 0.5880062305 0.3831775701 0.0253115265 0.0692281066 0.5917033865 0.3625440408 2 0.5863303097 0.3925307489 2
0 0.5849457962 0.2828863346 0.0250317793 0.0638569604 0.5809990461 0.2958732136 2 0.5867348580 0.2769993824 2
0 0.5799746885 0.2165974386 0.0209306854 0.0597092420 0.5769358385 0.1980915466 2 0.5801284667 0.2315786690 2
0 0.5546631620 0.1863101419 0.0248247664 0.0649013499 0.5561323262 0.1654238757 2 0.5539971899 0.1957778864 2
0 0.5267009494 0.1588138772 0.0309862869 0.0808720113 0.5317681824 0.1362473573 2 0.5244039726 0.1690432806 2
0 0.5001460280 0.1045344410 0.0355334891 0.0484596746 0.4894262092 0.0920432652 2 0.4957125863 0.1180590190 2
0 0.4663161994 0.1088611976 0.0301791277 0.0415368640 0.4604501752 0.1008502729 2 0.4734040931 0.1193669845 2
0 0.4884637850 0.1469366563 0.0335864486 0.0328833506 0.5009301241 0.1415037156 2 0.4828127936 0.1493994083 2
0 0.4716705607 0.1906368986 0.0243380062 0.0545171340 0.4681801522 0.1791815635 2 0.4675191526 0.2017242948 2
0 0.4960085670 0.2001557632 0.0262850467 0.0545171340 0.4973792315 0.2220963347 2 0.4953872447 0.1902101022 2
0 0.4276981701 0.1232024014 0.0259570878 0.0529122448 0.4234808961 0.1047117539 2 0.4296098603 0.1315842119 2
0 0.3596416500 0.1268982302 0.0298301751 0.0621757618 0.3587747755 0.1106884370 2 0.3600346043 0.1342461295 2
0 0.3984131620 0.1521287643 0.0277453271 0.0674974039 0.3913634225 0.1681016528 2 0.4020101435 0.1350587221 2
0 0.3738481638 0.1680906495 0.0232712766 0.0630417652 0.3798252540 0.1478028267 2 0.3711387488 0.1772871196 2
0 0.3426274095 0.1756041234 0.0250985689 0.0550417532 0.3438568388 0.1568444080 2 0.3420701091 0.1841079024 2
0 0.3945669668 0.2059148449 0.0295965960 0.0487282707 0.4045223415 0.1921472851 2 0.3909600963 0.2173261370 2
0 0.4154723813 0.2246545870 0.0268170368 0.0626326744 0.4098335844 0.2476625689 2 0.4177036002 0.2217640771 2
0 0.4631109152 0.2574755816 0.0169539175 0.0618532054 0.4677982854 0.2812261541 2 0.4629200695 0.2430088694 2
0 0.4788715156 0.2534789124 0.0167507383 0.0625133804 0.4806245396 0.2335096905 2 0.4780768698 0.2625309607 2
0 0.5042834891 0.2581343025 0.0262850467 0.0475943233 0.5116765397 0.2733994213 2 0.4980308802 0.2503601950 2
0 0.5428832589 0.2936509501 0.0191789651 0.0667065386 0.5469540446 0.2753542090 2 0.5410379718 0.3019448629 2
0 0.5605042835 0.3325545171 0.0277453271 0.0493250260 0.5505246563 0.3505764625 2 0.5650280485 0.3243851693 2
0 0.5437110592 0.2356351679 0.0243380062 0.0631706473 0.5384374389 0.2196593592 2 0.5479794643 0.2481822275 2
0 0.5257920660 0.2498225062 0.0222976571 0.0736599219 0.5229934386 0.2299686366 2 0.5270606838 0.2588222653 2
0 0.5663454050 0.2659224645 0.0160630841 0.0700934579 0.5666121977 0.2456973037 2 0.5662244679 0.2750905299 2
0 0.3801697395 0.2696587731 0.0193226594 0.0697548289 0.3805137384 0.2521835971 2 0.3812596907 0.2831820596 2
0 0.3543655142 0.2736456762 0.0292438490 0.0700833752 0.3629804005 0.2962785768 2 0.3506105551 0.2660566027 2
0 0.3300059507 0.2755965100 0.0189862604 0.0668625356 0.3314099781 0.2520134835 2 0.3293695051 0.2862866959 2
0 0.3059687708 0.2692012105 0.0194727148 0.0622119449 0.3053633745 0.2500674893 2 0.3062431970 0.2778745264 2
0 0.2888039303 0.3177597947 0.0161421395 0.0525145986 0.2929145339 0.3002357930 2 0.2869405936 0.3257034247 2
0 0.2300290855 0.3144540645 0.0282399892 0.0444925445 0.2392005298 0.3076970051 2 0.2258716698 0.3175170394 2
0 0.2524038462 0.3977920228 0.0160256410 0.0619658120 0.2526115930 0.3806483445 2 0.2523096745 0.4055632522 2
0 0.2714342949 0.4408831909 0.0220352564 0.0413105413 0.2644032075 0.4275191323 2 0.2746214868 0.4469411186 2
0 0.2401235290 0.4462486383 0.0275816169 0.0334286492 0.2474812933 0.4325502204 2 0.2367882545 0.4524581312 2
0 0.2326803631 0.4910968661 0.0200320513 0.0519943020 0.2399467422 0.4727580013 2 0.2293865135 0.4994098735 2
0 0.2628322199 0.3308913309 0.0248631577 0.0533170533 0.2717722845 0.3177775305 2 0.2587796886 0.3368358166 2
0 0.2868552561 0.3816705336 0.0200320513 0.0377492877 0.2922571706 0.3902110146 2 0.2844065683 0.3777991336 2
0 0.2739757105 0.4008155128 0.0238775615 0.0521544869 0.2680241985 0.3848989747 2 0.2766735309 0.4080304795 2
0 0.3070208912 0.3453312372 0.0156250000 0.0527065527 0.3067363295 0.3241108376 2 0.3071498831 0.3549504444 2
0 0.3187099359 0.3101851852 0.0148237179 0.0462962963 0.3235084500 0.3220211062 2 0.3165347694 0.3048199622 2
0 0.3211137821 0.3742877493 0.0164262821 0.0548433048 0.3234471542 0.3519464011 2 0.3200560644 0.3844150824 2
0 0.3013527526 0.4213149172 0.0254996229 0.0748235667 0.3028342293 0.3988358410 2 0.3006811993 0.4315046825 2
0 0.2867736279 0.4984987096 0.0144230769 0.0420227920 0.2853539420 0.4875715853 2 0.2874171716 0.5034519751 2
0 0.2996725108 0.4875639608 0.0168408757 0.0520509986 0.2972131104 0.4725448728 2 0.3007873571 0.4943721134 2
0 0.3116685366 0.4735373810 0.0152847217 0.0358312210 0.3073346299 0.4615805843 2 0.3136330965 0.4789573969 2
0 0.3288517442 0.4637414696 0.0193798450 0.0782150666 0.3242344086 0.4465631510 2 0.3274755570 0.4785331877 2
0 0.3503210074 0.5258652527 0.0291676559 0.0545795083 0.3418600186 0.5097189436 2 0.3518419890 0.5358863689 2
0 0.3893203151 0.4145206645 0.0174226815 0.0726680727 0.3897804098 0.3902714945 2 0.3891117542 0.4255128133 2
0 0.3388384019 0.3718205385 0.0172368598 0.0670029003 0.3382725799 0.3504171881 2 0.3390948891 0.3815226772 2
0 0.3560684114 0.3647374657 0.0134188742 0.0509987534 0.3578278453 0.3816895583 2 0.3552708601 0.3570530821 2
0 0.3745562560 0.3674609843 0.0145764295 0.0493468362 0.3716457742 0.3479450612 2 0.3758755774 0.3763075523 2
0 0.3866185897 0.3269230769 0.0200320513 0.0569800570 0.3868889844 0.3077735530 2 0.3864960199 0.3356035561 2
0 0.4046556552 0.3447212373 0.0246891267 0.0522620654 0.3992839084 0.3606157817 2 0.4070906680 0.3375162403 2
0 0.3986378205 0.2742165242 0.0168269231 0.0626780627 0.3995207541 0.2613442852 2 0.3993531856 0.2874104947 2
0 0.4225433260 0.2847017371 0.0265025811 0.0630940675 0.4263075337 0.2676957268 2 0.4208370106 0.2924105616 2
0 0.4363707596 0.3064112019 0.0186670354 0.0729363639 0.4393753962 0.2838057823 2 0.4350087578 0.3166582386 2
0 0.4648498573 0.3286819887 0.0242509967 0.0619223820 0.4617520531 0.3119917878 2 0.4662540920 0.3362476568 2
0 0.4981971154 0.2902421652 0.0292467949 0.0477207977 0.5113429050 0.3097808466 2 0.4957355667 0.2922885640 2
0 0.4937900641 0.3272792023 0.0372596154 0.0292022792 0.4807124578 0.3312539661 2 0.4997181430 0.3254774418 2
0 0.5004277521 0.3732193732 0.0168269231 0.0655270655 0.4994274444 0.3516645814 2 0.5008811916 0.3829901604 2
0 0.5219568701 0.3198728271 0.0158688685 0.0611090466 0.5207802291 0.3055801646 2 0.5224902415 0.3263516910 2
0 0.5326522436 0.3603988604 0.0324519231 0.0356125356 0.5459210142 0.3524903573 2 0.5266375099 0.3639837848 2
0 0.5016622340 0.4412923562 0.0293661348 0.0571315997 0.5049821062 0.4247238380 2 0.5010643504 0.4512207371 2
0 0.4767287234 0.3954885737 0.0182845745 0.0620567376 0.4757762570 0.3774349002 2 0.4770205624 0.4078143867 2
0 0.4185675283 0.3776148916 0.0273662558 0.0351947876 0.4104703548 0.3789768994 2 0.4222379770 0.3769974935 2
0 0.4437064639 0.3865349529 0.0230201432 0.0650753260 0.4473314107 0.3660566386 2 0.4420632754 0.3958177728 2
0 0.3605330311 0.4604482633 0.0214269546 0.0601475095 0.3623441447 0.4440935151 2 0.3597120533 0.4678618707 2
0 0.3812523560 0.4943214938 0.0294800207 0.0685129338 0.3882883569 0.4709704363 2 0.3780629369 0.5049065281 2
0 0.4786287633 0.5529108785 0.0246403392 0.0606190740 0.4755338143 0.5339789424 2 0.4811250163 0.5648070837 2
0 0.4752512792 0.4585607537 0.0261970029 0.0594217024 0.4753086348 0.4373197545 2 0.4752252799 0.4681892987 2
0 0.4609375000 0.4211338532 0.0182748538 0.0495451592 0.4670752973 0.4202602194 2 0.4581552365 0.4215298713 2
0 0.4453133390 0.5326263554 0.0361344904 0.0327975753 0.4536951155 0.5284446338 2 0.4355649912 0.5301214083 2
0 0.4070266813 0.5401234568 0.0264985380 0.0503573749 0.4050269946 0.5243614778 2 0.4079331392 0.5472683619 2
0 0.3796144006 0.5616471735 0.0201023392 0.0625406108 0.3793614493 0.5430068612 2 0.3797290634 0.5700968270 2
0 0.3967470760 0.5860136452 0.0214729532 0.0576673164 0.3967207581 0.5688258248 2 0.3937143970 0.5950008663 2
0 0.4304368586 0.5781445697 0.0376829277 0.0371264985 0.4434400916 0.5736274687 2 0.4245424931 0.5801921716 2
0 0.4125091374 0.6327160494 0.0146198830 0.0487329435 0.4128289474 0.6172646489 2 0.4123641676 0.6397201692 2
0 0.3850582897 0.6946448613 0.0274894148 0.0621292288 0.3947631346 0.6693354687 2 0.3806590835 0.7061176090 2
0 0.3708542864 0.8204041660 0.0281669061 0.0550981007 0.3796752334 0.8071448955 2 0.3668557511 0.8264145933 2
0 0.3856441505 0.8734534059 0.0226627223 0.0480899394 0.3797273922 0.8570604502 2 0.3918869155 0.8815985873 2
0 0.4744698306 0.6239582450 0.0261509185 0.0629996892 0.4834716519 0.6002405388 2 0.4703893050 0.6347094813 2
0 0.4855405411 0.6368062016 0.0211521049 0.0520399536 0.4942932377 0.6183275660 2 0.4815729437 0.6451825672 2
0 0.4619288014 0.6790128320 0.0229986846 0.0544826526 0.4595867515 0.6644573667 2 0.4635923529 0.6894458457 2
0 0.4307839912 0.6769818064 0.0274122807 0.0527940221 0.4229117057 0.6600124339 2 0.4343524982 0.6846740229 2
0 0.4129600754 0.6945552011 0.0237691767 0.0587010455 0.4202299140 0.6725953186 2 0.4096646575 0.7045096159 2
0 0.4147649768 0.7632519390 0.0179092826 0.0666674182 0.4125273985 0.7432231961 2 0.4176070661 0.7731664995 2
0 0.3992598684 0.7801332034 0.0146198830 0.0446718648 0.4027798406 0.7689418821 2 0.3984206713 0.7874136133 2
0 0.3211348684 0.7350552307 0.0219298246 0.0536062378 0.3249727180 0.7500338938 2 0.3193951712 0.7282654027 2
0 0.3410087719 0.7971897336 0.0196454678 0.0674139051 0.3381065749 0.7716499884 2 0.3423243379 0.8087669001 2
0 0.3599689327 0.5916991553 0.0219298246 0.0495451592 0.3639897263 0.5743418659 2 0.3581463070 0.5995672146 2
0 0.3693347953 0.6371832359 0.0287828947 0.0609161793 0.3785990809 0.6163996531 2 0.3651352947 0.6466044339 2
0 0.3554894520 0.6844757655 0.0226651019 0.0654214384 0.3536486292 0.6621783732 2 0.3563238970 0.6945831735 2
0 0.3690650186 0.7655010711 0.0319809942 0.0284275504 0.3563560980 0.7590273726 2 0.3748259723 0.7684355987 2
0 0.4367233187 0.7789148798 0.0246710526 0.0536062378 0.4451477744 0.7638292080 2 0.4343991377 0.7886705017 2
0 0.4647435897 0.7319902320 0.0240384615 0.0478225478 0.4684372025 0.7169654484 2 0.4630692751 0.7388009664 2
0 0.5183131720 0.7217741935 0.0184811828 0.0537634409 0.5194466058 0.7417796108 2 0.5177993865 0.7127057379 2
0 0.4924713870 0.4995462053 0.0254557292 0.0732445988 0.4913461220 0.4813708227 2 0.4990809292 0.5078279972 2
0 0.2607987496 0.5489610011 0.0257207632 0.0525902121 0.2528570741 0.5361407128 2 0.2663271540 0.5628606994 2
0 0.2897828014 0.3555292882 0.0188386525 0.0308641975 0.2974854500 0.3580138736 2 0.2862911908 0.3544030256 2
0 0.4563225211 0.1494374121 0.0260416667 0.0515705579 0.4505809680 0.1346417758 2 0.4589251671 0.1561442740 2
0 0.3510688998 0.3264947954 0.0255310458 0.0465988865 0.3586201064 0.3274038999 2 0.3476459378 0.3260826984 2
0 0.3031412760 0.6116415895 0.0132921007 0.0409915123 0.3044354380 0.6224135511 2 0.3024080239 0.6014696938 2
0 0.3415400228 0.7409122085 0.0248674852 0.0497256516 0.3351918904 0.7236028724 2 0.3444176312 0.7487585305 2
0 0.3910383598 0.7531599059 0.0231481481 0.0264550265 0.3832493570 0.7541856435 2 0.3947294421 0.7515599190 2
0 0.4129464286 0.8467338217 0.0200320513 0.0564306064 0.4143498691 0.8607583294 2 0.4123102490 0.8403765124 2
0 0.4822559232 0.8791757444 0.0142973856 0.0553740015 0.4800182096 0.8580657222 2 0.4816466631 0.8883319303 2
0 0.5034146276 0.6825979893 0.0164898735 0.0330573884 0.5032223733 0.6739143276 2 0.5075265746 0.6922789200 2
0 0.3446010349 0.5855119826 0.0173611111 0.0478092472 0.3447030296 0.5705806820 2 0.3445548006 0.5922803411 2
0 0.4337797619 0.6326058201 0.0148809524 0.0443121693 0.4355918750 0.6155022494 2 0.4329583310 0.6403588687 2
0 0.3691353042 0.9125289137 0.0137691571 0.0446998723 0.3680855237 0.8951694718 2 0.3696111697 0.9203979487 2
0 0.3395974099 0.4138722055 0.0185341592 0.0396229563 0.3317483440 0.4168032834 2 0.3431553915 0.4125435480 2
0 0.4060837766 0.9244483846 0.0149601064 0.0384160757 0.4038231699 0.9379213989 2 0.4071085096 0.9183410671 2
0 0.4211956522 0.9821367865 0.0150966184 0.0338745751 0.4220704504 0.9913236313 2 0.4207991061 0.9779723898 2
0 0.3549987673 0.2232632040 0.0382149901 0.0356125356 0.3403666820 0.2239817472 2 0.3616314915 0.2229374884 2
0 0.2231522817 0.0529100529 0.0186011905 0.0617283951 0.2242994935 0.0320676720 2 0.2185388339 0.0607429555 2
0 0.5120192308 0.6401353276 0.0285456731 0.0730056980 0.5043698244 0.6112626844 2 0.5124697615 0.6575852162 2
0 0.4936483740 0.6756248118 0.0152439024 0.0700090334 0.4943667356 0.6524293283 2 0.4934308972 0.6925248061 2
0 0.2699956294 0.4856254856 0.0178467366 0.0595700596 0.2705339258 0.5048187097 2 0.2697516196 0.4769251972 2
0 0.4364691840 0.2154706790 0.0200737847 0.0607638889 0.4394577149 0.1998147360 2 0.4336094794 0.2268176999 2
0 0.4481336806 0.2352430556 0.0141059028 0.0501543210 0.4471927232 0.2543822686 2 0.4485602165 0.2265672503 2
0 0.4214537377 0.4312363834 0.0340839461 0.0374455338 0.4300518283 0.4339311297 2 0.4131482472 0.4252542600 2
0 0.4461150419 0.4959323317 0.0207023061 0.0684078733 0.4425863837 0.4734299129 2 0.4478173608 0.5152094363 2
0 0.4141738732 0.4883618682 0.0313744759 0.0701898439 0.4211122360 0.4642724735 2 0.4179221676 0.4998010780 2
0 0.2385979730 0.5412912913 0.0150150150 0.0633967301 0.2390000207 0.5239023878 2 0.2374746122 0.5535819406 2
0 0.6104166667 0.4953703704 0.0159722222 0.0635802469 0.6098965595 0.4753625370 2 0.6106524313 0.5044399213 2
0 0.3530038703 0.7291249172 0.0183883622 0.0330795934 0.3582825249 0.7367112477 2 0.3506110562 0.7256860336 2
0 0.3964783854 0.8476159342 0.0168559987 0.0428088856 0.3929914927 0.8377051889 2 0.3980589938 0.8521084751 2
0 0.4366885172 0.7246158554 0.0282901720 0.0502936391 0.4425587279 0.7133659624 2 0.4340275507 0.7297154319 2
0 0.3678959842 0.7338997334 0.0154908644 0.0331772843 0.3710392879 0.7440220578 2 0.3654284237 0.7247228532 2
0 0.3348806983 0.6623002264 0.0160092594 0.0481124834 0.3365521412 0.6476225308 2 0.3321686535 0.6760834364 2
0 0.3942650451 0.6395060903 0.0207262734 0.0503995205 0.4001762736 0.6215296402 2 0.3916380018 0.6502616021 2
0 0.5006198920 0.5881273792 0.0207739200 0.0413360773 0.4939055324 0.6012329486 2 0.5036635112 0.5821866245 2
0 0.5480835346 0.4986313836 0.0169621916 0.0531947880 0.5451809033 0.4781937428 2 0.5484208725 0.5124145936 2
0 0.6085470769 0.3953229547 0.0199520161 0.0704110948 0.6108609152 0.3760949024 2 0.6074982140 0.4040390309 2
0 0.5187958984 0.4122691635 0.0219555558 0.0615297675 0.5125095958 0.3937506008 2 0.5228774972 0.4298010814 2
0 0.5292812010 0.4101495036 0.0307987658 0.0691193424 0.5393090962 0.3875650973 2 0.5247355561 0.4203870150 2
0 0.4378904833 0.3511257053 0.0196136299 0.0275826835 0.4449913979 0.3443046291 2 0.4311350027 0.3524580010 2
0 0.4255148683 0.1715476906 0.0292740744 0.0448869141 0.4371964438 0.1589012904 2 0.4193880485 0.1784173400 2
0 0.2858543616 0.5594512110 0.0250049386 0.0687398636 0.2813132208 0.5359625610 2 0.2879128607 0.5700986160 2
0 0.2800324801 0.5872464025 0.0196380249 0.0336109743 0.2742715862 0.5765516073 2 0.2867130678 0.5980192619 2
0 0.2596759443 0.6072977882 0.0184868829 0.0660699596 0.2613473872 0.5851660459 2 0.2558203810 0.6227750998 2
0 0.4552624011 0.6039061970 0.0224891978 0.0653923190 0.4569338440 0.6207387898 2 0.4559809119 0.5871955795 2
0 0.4791744409 0.5561699396 0.0486681487 0.0305751444 0.4997602140 0.5517636493 2 0.4659730531 0.5567510842 2
0 0.6008628231 0.5925890566 0.0231753089 0.0853827171 0.6012851626 0.5656677504 2 0.6020475083 0.6160842119 2
0 0.5935735100 0.6958317239 0.0175644447 0.0300113474 0.6004792641 0.6895310757 2 0.5914043011 0.7039295834 2
0 0.5394983940 0.7649166963 0.0248829633 0.0305751444 0.5492283645 0.7540050561 2 0.5339814507 0.7711358108 2
0 0.4168113580 0.8137233723 0.0228703706 0.0345596712 0.4102875847 0.8058220828 2 0.4219133565 0.8241183793 2
0 0.4592038770 0.7762796627 0.0157043212 0.0338820306 0.4642002906 0.7677901811 2 0.4553570806 0.7837824995 2
0 0.4600063281 0.8128287132 0.0393248400 0.0437159511 0.4499331191 0.8054872090 2 0.4728644774 0.8233552367 2
0 0.5113716035 0.4969210161 0.0184182718 0.0412005492 0.5186620678 0.4829735460 2 0.5109776232 0.5007548356 2
0 0.3716230089 0.4160013756 0.0185402471 0.0470553641 0.3763519917 0.3998854556 2 0.3694793610 0.4233067222 2
0 0.3639266108 0.3960880660 0.0188329879 0.0267153035 0.3708323650 0.3877057058 2 0.3607962325 0.3998877898 2
0 0.4494938685 0.4509709842 0.0156752910 0.0427444856 0.4470439017 0.4373904505 2 0.4505411778 0.4623709940 2
0 0.3150618299 0.9529293890 0.0314467596 0.0313408783 0.3247745904 0.9512352875 2 0.3100041427 0.9609763713 2
0 0.2201992829 0.3785614668 0.0226850961 0.0626915802 0.2182801945 0.3549606783 2 0.2215201637 0.3976520368 2
