0 0.1328946967 0.5048945253 0.0150602410 0.0490852298 0.1309619419 0.5207095810 2 0.1337708144 0.4977255605 2
0 0.2121910539 0.6664737872 0.0205166460 0.0478070121 0.2078963791 0.6552923087 2 0.2122419547 0.6785823217 2
0 0.2075803213 0.5555555556 0.0138052209 0.0580098170 0.2089439746 0.5352328197 2 0.2069621773 0.5647678517 2
0 0.2247056191 0.5657017593 0.0131777108 0.0535475234 0.2251986101 0.5519051279 2 0.2231900465 0.5753194442 2
0 0.2364099853 0.5954841598 0.0186543501 0.0449569066 0.2414403840 0.5876671440 2 0.2326758691 0.6034350331 2
0 0.2374584675 0.5399394909 0.0140871869 0.0465628345 0.2386233470 0.5276220841 2 0.2369304276 0.5506990004 2
0 0.2562500000 0.4844444444 0.0175000000 0.0622222222 0.2559622148 0.5037528517 2 0.2536333175 0.4738838192 2
0 0.2706250000 0.4885185185 0.0137500000 0.0511111111 0.2710397300 0.5049863047 2 0.2734027448 0.4806939516 2
0 0.2774685330 0.6091435185 0.0174370660 0.0479166667 0.2802760517 0.6251514201 2 0.2774506405 0.6006692829 2
0 0.2916666667 0.6503703704 0.0233333333 0.0311111111 0.2847627610 0.6467142734 2 0.2947962071 0.6520276791 2
0 0.3162500000 0.5337037037 0.0183333333 0.0525925926 0.3148243033 0.5151538164 2 0.3168962683 0.5421123676 2
0 0.3045833333 0.5722222222 0.0125000000 0.0466666667 0.3051774398 0.5881452260 2 0.3043140249 0.5650043246 2
0 0.3200000000 0.5825925926 0.0116666667 0.0466666667 0.3209795825 0.5986264963 2 0.3195559552 0.5753244241 2
0 0.3226093107 0.6319547325 0.0177186214 0.0550205761 0.3228999346 0.6458903147 2 0.3224775709 0.6256377331 2
0 0.3352083333 0.6137037037 0.0112500000 0.0422222222 0.3357575848 0.6320234122 2 0.3349593577 0.6053993798 2
0 0.3129166667 0.6870370370 0.0158333333 0.0570370370 0.3119012793 0.6681394522 2 0.3133769418 0.6956033122 2
0 0.2908333333 0.7025925926 0.0258333333 0.0348148148 0.2995228635 0.6989846180 2 0.2868943693 0.7042280875 2
0 0.2918750000 0.7455555556 0.0287500000 0.0496296296 0.2830348753 0.7295423219 2 0.2996278277 0.7574103291 2
0 0.3183333333 0.7870370370 0.0191666667 0.0496296296 0.3142955718 0.7694142726 2 0.3190368137 0.7937101465 2
0 0.3242026749 0.8251714678 0.0182613169 0.0355281207 0.3294448592 0.8159972077 2 0.3218263928 0.8293301598 2
0 0.3372916667 0.8625925926 0.0329166667 0.0392592593 0.3476955481 0.8737905818 2 0.3325755872 0.8575165441 2
0 0.3681932277 0.9148134599 0.0235712917 0.0642165138 0.3663961181 0.8898746227 2 0.3690078574 0.9261182348 2
0 0.3900097018 0.9252178649 0.0175194036 0.0504357298 0.3952458048 0.9045521602 2 0.3876361763 0.9345856289 2
0 0.3989583333 0.9822222222 0.0270833333 0.0325925926 0.3880385973 0.9753918965 2 0.4016273927 0.9889370542 2
0 0.4143438521 0.9601724764 0.0229789624 0.0359005084 0.4220732607 0.9482696331 2 0.4108401112 0.9655680353 2
0 0.4265507557 0.9206899056 0.0164348448 0.0576761075 0.4262312862 0.9044589060 2 0.4266955712 0.9280474177 2
0 0.4478273080 0.9286819172 0.0210120507 0.0544008715 0.4520968900 0.9063915221 2 0.4458919065 0.9387861533 2
0 0.4526552288 0.9722694263 0.0145833333 0.0481481481 0.4519674728 0.9567820826 2 0.4520640678 0.9807376573 2
0 0.4754166667 0.9103703704 0.0250000000 0.0325925926 0.4675120843 0.9060804331 2 0.4789998139 0.9123149989 2
0 0.4614583333 0.8777777778 0.0179166667 0.0488888889 0.4628776933 0.8563517110 2 0.4608149375 0.8874902138 2
0 0.4416666667 0.8555555556 0.0208333333 0.0696296296 0.4407913498 0.8351332911 2 0.4420634478 0.8648129680 2
0 0.4610416667 0.8329629630 0.0145833333 0.0466666667 0.4612073234 0.8187212012 2 0.4609665745 0.8394187536 2
0 0.5095307394 0.8905573711 0.0148948121 0.0499963689 0.5106468752 0.8718538816 2 0.5090247950 0.8990356629 2
0 0.5240098125 0.8551284695 0.0262500000 0.0244444444 0.5154054766 0.8574688705 2 0.5294135973 0.8538497895 2
0 0.5699712394 0.8618939589 0.0237500000 0.0333333333 0.5778911205 0.8530552485 2 0.5656992701 0.8650726132 2
0 0.4939583333 0.8362962963 0.0329166667 0.0311111111 0.4840279631 0.8342073988 2 0.5028347593 0.8413355246 2
0 0.5112500000 0.8137037037 0.0233333333 0.0303703704 0.5042107502 0.8217269915 2 0.5144408919 0.8100667473 2
0 0.5161354408 0.7880450288 0.0208333333 0.0281481481 0.5239890275 0.7814544986 2 0.5126297854 0.7941295867 2
0 0.4765089079 0.7906204580 0.0323866422 0.0327414670 0.4642962884 0.7803876971 2 0.4820448883 0.7952589685 2
0 0.5464583333 0.8159259259 0.0245833333 0.0318518519 0.5408244151 0.8242349491 2 0.5518042102 0.8126724840 2
0 0.5725000000 0.8000000000 0.0241666667 0.0296296296 0.5811195379 0.7943353098 2 0.5690642401 0.8041789121 2
0 0.5541666667 0.7874074074 0.0291666667 0.0222222222 0.5433374420 0.7914355074 2 0.5590755542 0.7855814697 2
0 0.5566257911 0.7436779184 0.0242484177 0.0562447257 0.5579493081 0.7245081975 2 0.5585507844 0.7565869384 2
0 0.5777083333 0.7492592593 0.0254166667 0.0437037037 0.5868474236 0.7395592077 2 0.5735655837 0.7536562926 2
0 0.6077083333 0.7251851852 0.0187500000 0.0562962963 0.6015888278 0.7018505844 2 0.6086015886 0.7299452190 2
0 0.6212500000 0.7011111111 0.0158333333 0.0451851852 0.6186854800 0.6841000915 2 0.6224124969 0.7088222063 2
0 0.6412500000 0.6837037037 0.0258333333 0.0503703704 0.6339810035 0.6692662198 2 0.6452943252 0.6933746670 2
0 0.6202083333 0.6559259259 0.0270833333 0.0407407407 0.6290826808 0.6431153817 2 0.6144727620 0.6652794964 2
0 0.5852083333 0.6622222222 0.0295833333 0.0562962963 0.5763693687 0.6472001124 2 0.5907835218 0.6761772285 2
0 0.5753095048 0.7046030056 0.0131190096 0.0462430482 0.5737469668 0.7200517881 2 0.5760178033 0.6976000724 2
0 0.5641666667 0.6762962963 0.0133333333 0.0414814815 0.5601576362 0.6835496409 2 0.5658689797 0.6646227292 2
0 0.5360416667 0.7218518519 0.0154166667 0.0555555556 0.5413428732 0.7027849951 2 0.5378195699 0.7323582946 2
0 0.5031250000 0.7529629630 0.0254166667 0.0555555556 0.5014846522 0.7313876567 2 0.5014103889 0.7663739262 2
0 0.4810416667 0.7425925926 0.0187500000 0.0674074074 0.4838078264 0.7204192719 2 0.4794827313 0.7574228630 2
0 0.6193750000 0.6211111111 0.0145833333 0.0451851852 0.6154944103 0.6269839439 2 0.6226602273 0.6087376042 2
0 0.6152083333 0.5444444444 0.0220833333 0.0400000000 0.6114282918 0.5330068950 2 0.6169218262 0.5496290856 2
0 0.6350000000 0.5714814815 0.0350000000 0.0348148148 0.6465698956 0.5688565714 2 0.6297553663 0.5726713532 2
0 0.5705591588 0.5466876310 0.0386183176 0.0533752621 0.5589087023 0.5342883232 2 0.5776130499 0.5534033451 2
0 0.5527083333 0.5825925926 0.0137500000 0.0570370370 0.5533844265 0.5659992607 2 0.5524018603 0.5901143500 2
0 0.5670833333 0.6033333333 0.0133333333 0.0570370370 0.5637743584 0.5866044571 2 0.5685832917 0.6109165329 2
0 0.5552083333 0.6462962963 0.0162500000 0.0525925926 0.5546237524 0.6269965146 2 0.5554733239 0.6550448874 2
0 0.5716468631 0.6147276792 0.0240403200 0.0334928179 0.5647429406 0.6155654197 2 0.5775021592 0.6148217130 2
0 0.6050347222 0.5648148148 0.0190972222 0.0576131687 0.5993998425 0.5509290554 2 0.6088725400 0.5837882771 2
0 0.6304200542 0.4953327311 0.0169376694 0.0526949714 0.6312105720 0.4798773761 2 0.6300617125 0.5023386435 2
0 0.6084010840 0.5002258356 0.0228658537 0.0519421861 0.6101216381 0.4815350423 2 0.6101910712 0.5079505077 2
0 0.5923102981 0.4531767540 0.0203252033 0.0602228245 0.5890618721 0.4316493841 2 0.5937828096 0.4629351108 2
0 0.5637279810 0.4546823246 0.0207486450 0.0602228245 0.5692503536 0.4340136452 2 0.5634541929 0.4687906089 2
0 0.5753726287 0.4855465221 0.0228658537 0.0602228245 0.5790993828 0.4653071879 2 0.5736832911 0.4947210123 2
0 0.5323932927 0.5216802168 0.0173611111 0.0722673893 0.5328594811 0.5011712538 2 0.5321819695 0.5309769297 2
0 0.5171535754 0.5555892558 0.0198933912 0.0691888476 0.5136985440 0.5394068262 2 0.5165656555 0.5732777925 2
0 0.5628793716 0.3886254140 0.0241396308 0.0560825053 0.5693040685 0.3715101210 2 0.5605328473 0.3957663376 2
0 0.5329725515 0.6537623195 0.0162025936 0.0563954610 0.5302460239 0.6378917147 2 0.5328845354 0.6660358373 2
0 0.5357808266 0.5947003914 0.0173611111 0.0587172538 0.5378711475 0.5728739826 2 0.5348332841 0.6045943026 2
0 0.6285601266 0.3252461322 0.0362605485 0.0750117206 0.6260680362 0.2986105540 2 0.6296897912 0.3373200398 2
0 0.5880062305 0.3831775701 0.0253115265 0.0692281066 0.5917033865 0.3625440408 2 0.5863303097 0.3925307489 2
0 0.5845989097 0.2823641398 0.0243380062 0.0649013499 0.5831142219 0.3043547161 2 0.5834612467 0.2753588658 2
0 0.5799746885 0.2165974386 0.0209306854 0.0597092420 0.5769358385 0.1980915466 2 0.5801284667 0.2315786690 2
0 0.5546631620 0.1863101419 0.0248247664 0.0649013499 0.5561323262 0.1654238757 2 0.5551780080 0.1979670907 2
0 0.5267009494 0.1588138772 0.0309862869 0.0808720113 0.5291736668 0.1318270715 2 0.5242008453 0.1716096436 2
0 0.5001460280 0.1045344410 0.0355334891 0.0484596746 0.4921056486 0.0918600556 2 0.4964339739 0.1154940855 2
0 0.4663161994 0.1088611976 0.0301791277 0.0415368640 0.4604501752 0.1008502729 2 0.4734040931 0.1193669845 2
0 0.4884637850 0.1469366563 0.0335864486 0.0328833506 0.5009301241 0.1415037156 2 0.4828127936 0.1493994083 2
0 0.4716705607 0.1906368986 0.0243380062 0.0545171340 0.4743781973 0.1760722213 2 0.4712012331 0.2002991796 2
0 0.4960085670 0.2001557632 0.0262850467 0.0545171340 0.4973792315 0.2220963347 2 0.4953872447 0.1902101022 2
0 0.4276981701 0.1232024014 0.0259570878 0.0529122448 0.4234808961 0.1047117539 2 0.4296098603 0.1315842119 2
0 0.3593480728 0.1257002595 0.0304173295 0.0597798203 0.3584641354 0.1101151103 2 0.3597487617 0.1327650076 2
0 0.3984131620 0.1521287643 0.0277453271 0.0674974039 0.3913634225 0.1681016528 2 0.4020101435 0.1350587221 2
0 0.3737638934 0.1694389762 0.0232712766 0.0630417652 0.3797409836 0.1491511534 2 0.3710544784 0.1786354463 2
0 0.3413137828 0.1766240374 0.0251216555 0.0524519515 0.3425443431 0.1587469963 2 0.3407559699 0.1847277001 2
0 0.3952492212 0.2044825199 0.0282320872 0.0458636206 0.4047456176 0.1915243309 2 0.3918086403 0.2152229620 2
0 0.4154723813 0.2246545870 0.0268170368 0.0626326744 0.4098335844 0.2476625689 2 0.4177036002 0.2217640771 2
0 0.4391707072 0.2109793556 0.0270324174 0.0605879947 0.4435167134 0.1952247492 2 0.4323400426 0.2234453931 2
0 0.4631109152 0.2574755816 0.0169539175 0.0618532054 0.4677982854 0.2812261541 2 0.4629200695 0.2430088694 2
0 0.4788715156 0.2534789124 0.0167507383 0.0625133804 0.4792039498 0.2329154568 2 0.4787208232 0.2628003269 2
0 0.5042834891 0.2581343025 0.0262850467 0.0475943233 0.5116765397 0.2733994213 2 0.4980308802 0.2503601950 2
0 0.5428832589 0.2936509501 0.0191789651 0.0667065386 0.5469540446 0.2753542090 2 0.5410379718 0.3019448629 2
0 0.5605042835 0.3325545171 0.0277453271 0.0493250260 0.5530191607 0.3481445442 2 0.5638972896 0.3254875579 2
0 0.5437110592 0.2356351679 0.0243380062 0.0631706473 0.5384374389 0.2196593592 2 0.5479794643 0.2481822275 2
0 0.5257920660 0.2498225062 0.0222976571 0.0736599219 0.5229934386 0.2299686366 2 0.5270606838 0.2588222653 2
0 0.5663454050 0.2659224645 0.0160630841 0.0700934579 0.5666121977 0.2456973037 2 0.5662244679 0.2750905299 2
0 0.3801697395 0.2696587731 0.0193226594 0.0697548289 0.3805137384 0.2521835971 2 0.3812596907 0.2831820596 2
0 0.3543655142 0.2736456762 0.0292438490 0.0700833752 0.3629804005 0.2962785768 2 0.3506105551 0.2660566027 2
0 0.3300059507 0.2755965100 0.0189862604 0.0668625356 0.3314099781 0.2520134835 2 0.3293695051 0.2862866959 2
0 0.3060863863 0.2722309761 0.0192374839 0.0561524137 0.3054883032 0.2549609063 2 0.3063574973 0.2800594988 2
0 0.2888039303 0.3177597947 0.0161421395 0.0525145986 0.2929145339 0.3002357930 2 0.2869405936 0.3257034247 2
0 0.2292078673 0.3161711220 0.0247573422 0.0425986543 0.2372482594 0.3097016868 2 0.2255631576 0.3191037170 2
0 0.2524038462 0.3977920228 0.0160256410 0.0619658120 0.2526115930 0.3806483445 2 0.2523096745 0.4055632522 2
0 0.2714342949 0.4408831909 0.0220352564 0.0413105413 0.2642114855 0.4220065639 2 0.2747083944 0.4494399659 2
0 0.2415832850 0.4445320298 0.0260416667 0.0363247863 0.2464910214 0.4309552257 2 0.2350864632 0.4506929158 2
0 0.2339743590 0.4910968661 0.0200320513 0.0519943020 0.2412407380 0.4727580013 2 0.2306805093 0.4994098735 2
0 0.2618728973 0.3307646845 0.0229445126 0.0535703461 0.2701230733 0.3175885845 2 0.2597623622 0.3355488423 2
0 0.2695138248 0.3987085112 0.0238775615 0.0521544869 0.2635623127 0.3827919731 2 0.2722116452 0.4059234778 2
0 0.3071618011 0.3464585161 0.0156250000 0.0527065527 0.3068772393 0.3252381165 2 0.3072907929 0.3560777233 2
0 0.3187099359 0.3101851852 0.0148237179 0.0462962963 0.3235084500 0.3220211062 2 0.3165347694 0.3048199622 2
0 0.3211137821 0.3742877493 0.0164262821 0.0548433048 0.3234471542 0.3519464011 2 0.3200560644 0.3844150824 2
0 0.3013527526 0.4213149172 0.0254996229 0.0748235667 0.3028342293 0.3988358410 2 0.3006811993 0.4315046825 2
0 0.2867174544 0.4931060509 0.0144230769 0.0420227920 0.2852977684 0.4821789266 2 0.2873609980 0.4980593164 2
0 0.2996725108 0.4875639608 0.0168408757 0.0520509986 0.2972131104 0.4725448728 2 0.3007873571 0.4943721134 2
0 0.3104608057 0.4736372450 0.0177001834 0.0356314929 0.3047102995 0.4628229804 2 0.3130675102 0.4785393512 2
0 0.3285256410 0.4633190883 0.0200320513 0.0790598291 0.3237529144 0.4459552352 2 0.3271031398 0.4782705645 2
0 0.3503210074 0.5258652527 0.0291676559 0.0545795083 0.3418600186 0.5097189436 2 0.3518419890 0.5358863689 2
0 0.3894230769 0.4155982906 0.0176282051 0.0705128205 0.3898885991 0.3920683233 2 0.3892120557 0.4262644248 2
0 0.3393854749 0.3732253418 0.0183310056 0.0698125070 0.3387837361 0.3509244930 2 0.3396582431 0.3833343166 2
0 0.3566839296 0.3653530755 0.0146499104 0.0464429361 0.3620257102 0.3819723182 2 0.3542625004 0.3578195728 2
0 0.3750335733 0.3670040905 0.0136217949 0.0484330484 0.3723137038 0.3478495564 2 0.3762664901 0.3756868407 2
0 0.3866185897 0.3269230769 0.0200320513 0.0569800570 0.3867366494 0.3081797797 2 0.3865650733 0.3354194136 2
0 0.4057297181 0.3435755701 0.0246891267 0.0522620654 0.4003579714 0.3594701146 2 0.4081647309 0.3363705732 2
0 0.3986378205 0.2742165242 0.0168269231 0.0626780627 0.3995207541 0.2613442852 2 0.3993531856 0.2874104947 2
0 0.4225433260 0.2847017371 0.0265025811 0.0630940675 0.4263075337 0.2676957268 2 0.4172831178 0.2942348189 2
0 0.4363707596 0.3064112019 0.0186670354 0.0729363639 0.4396678870 0.2846724216 2 0.4348761717 0.3162653910 2
0 0.4637419872 0.3272792023 0.0220352564 0.0591168091 0.4609272199 0.3113451992 2 0.4650179212 0.3345020859 2
0 0.4981971154 0.2902421652 0.0292467949 0.0477207977 0.5080348279 0.3005823187 2 0.4919185546 0.2984711811 2
0 0.4937900641 0.3272792023 0.0372596154 0.0292022792 0.4807124578 0.3312539661 2 0.4997181430 0.3254774418 2
0 0.5004277521 0.3732193732 0.0168269231 0.0655270655 0.4975879993 0.3544675452 2 0.5017150120 0.3817195769 2
0 0.5206330128 0.3169515670 0.0132211538 0.0669515670 0.5196526939 0.3012924101 2 0.5210773914 0.3240498628 2
0 0.5326522436 0.3603988604 0.0324519231 0.0356125356 0.5434739435 0.3498132201 2 0.5250267946 0.3670472911 2
0 0.5016622340 0.4412923562 0.0293661348 0.0571315997 0.5039600830 0.4210899776 2 0.5006206191 0.4504500944 2
0 0.4767287234 0.3954885737 0.0182845745 0.0620567376 0.4757762570 0.3774349002 2 0.4770205624 0.4078143867 2
0 0.4179069726 0.3791897738 0.0270031773 0.0321068118 0.4093442707 0.3787633441 2 0.4197487511 0.3767541351 2
0 0.4435285433 0.3866287547 0.0233759843 0.0648877224 0.4419095189 0.3662094767 2 0.4419095189 0.3965870464 2
0 0.4215879265 0.4325605133 0.0393700787 0.0517643628 0.4263813021 0.4385975462 2 0.4106241360 0.4164715417 2
0 0.3605330311 0.4604482633 0.0214269546 0.0601475095 0.3623441447 0.4440935151 2 0.3567160359 0.4723948623 2
0 0.3831823539 0.4942394032 0.0333400165 0.0686771149 0.3880151092 0.4750819417 2 0.3762184677 0.5077429530 2
0 0.4222030840 0.4868766404 0.0315780840 0.0627004958 0.4271244023 0.4695297019 2 0.4107532810 0.4972371674 2
0 0.4776580885 0.5543161272 0.0246062992 0.0634295713 0.4747292549 0.5346571806 2 0.4795844531 0.5699293282 2
0 0.4764711257 0.4572774529 0.0237573099 0.0568551007 0.4765231399 0.4369539162 2 0.4764475477 0.4664901121 2
0 0.4609375000 0.4211338532 0.0182748538 0.0495451592 0.4681349608 0.4164925267 2 0.4560812877 0.4241456525 2
0 0.4538559942 0.4966699155 0.0233004386 0.0592917479 0.4524708056 0.4785752238 2 0.4521058990 0.5092919563 2
0 0.4476882310 0.5348440546 0.0392909357 0.0300519818 0.4568021783 0.5310123987 2 0.4370883388 0.5325488049 2
0 0.4068729775 0.5427193435 0.0264985380 0.0503573749 0.4048732908 0.5269573645 2 0.4084084786 0.5531894826 2
0 0.3796144006 0.5616471735 0.0201023392 0.0625406108 0.3793614493 0.5430068612 2 0.3797290634 0.5700968270 2
0 0.3967470760 0.5860136452 0.0214729532 0.0576673164 0.3967207581 0.5688258248 2 0.3937143970 0.5950008663 2
0 0.4314692982 0.5758609487 0.0397478070 0.0324886290 0.4451850583 0.5719081272 2 0.4209767072 0.5784620177 2
0 0.4125091374 0.6327160494 0.0146198830 0.0487329435 0.4128289474 0.6172646489 2 0.4123641676 0.6397201692 2
0 0.3850582897 0.6946448613 0.0274894148 0.0621292288 0.3947631346 0.6693354687 2 0.3806590835 0.7061176090 2
0 0.3700201023 0.8211500975 0.0264985380 0.0536062378 0.3777806080 0.8075433643 2 0.3665022651 0.8273180296 2
0 0.3860105994 0.8755685510 0.0219298246 0.0438596491 0.3802851852 0.8606176217 2 0.3920514774 0.8829972316 2
0 0.4730445906 0.6229694607 0.0233004386 0.0649772580 0.4810652032 0.5985072525 2 0.4694088470 0.6340581797 2
0 0.4853801170 0.6384015595 0.0214729532 0.0552306693 0.4943361990 0.6161649150 2 0.4813203250 0.6484814304 2
0 0.5113434995 0.6422938067 0.0258850984 0.0678884581 0.5044070494 0.6154449540 2 0.5144268419 0.6554552621 2
0 0.4609820229 0.6775886182 0.0229986846 0.0544826526 0.4586399730 0.6630331529 2 0.4626455744 0.6880216319 2
0 0.4307839912 0.6769818064 0.0274122807 0.0527940221 0.4229117057 0.6600124339 2 0.4343524982 0.6846740229 2
0 0.4129600754 0.6945552011 0.0237691767 0.0587010455 0.4158357055 0.6717583265 2 0.4116565522 0.7048890244 2
0 0.4147649768 0.7632519390 0.0179092826 0.0666674182 0.4139532701 0.7354601175 2 0.4151329234 0.7758499717 2
0 0.3992598684 0.7801332034 0.0146198830 0.0446718648 0.4027798406 0.7689418821 2 0.3984206713 0.7874136133 2
0 0.3211348684 0.7350552307 0.0219298246 0.0536062378 0.3249727180 0.7500338938 2 0.3193951712 0.7282654027 2
0 0.3410087719 0.7971897336 0.0196454678 0.0674139051 0.3381065749 0.7716499884 2 0.3423243379 0.8087669001 2
0 0.3593397575 0.5856943950 0.0206714741 0.0615546797 0.3659709736 0.5667628203 2 0.3579072813 0.6004072508 2
0 0.3693347953 0.6371832359 0.0287828947 0.0609161793 0.3785990809 0.6163996531 2 0.3651352947 0.6466044339 2
0 0.3560855263 0.6895711501 0.0214729532 0.0552306693 0.3543415279 0.6707470470 2 0.3572413345 0.7039536994 2
0 0.3687867617 0.7663255361 0.0319809942 0.0284275504 0.3584894010 0.7633145902 2 0.3734545553 0.7676903978 2
0 0.4367233187 0.7789148798 0.0246710526 0.0536062378 0.4451477744 0.7638292080 2 0.4343991377 0.7886705017 2
0 0.4647435897 0.7319902320 0.0240384615 0.0478225478 0.4684372025 0.7169654484 2 0.4604894513 0.7417537563 2
0 0.5183131720 0.7217741935 0.0184811828 0.0537634409 0.5194466058 0.7417796108 2 0.5177993865 0.7127057379 2
0 0.4918077257 0.5067515432 0.0254991319 0.0723379630 0.4906805421 0.4888011390 2 0.4925564958 0.5173375027 2
0 0.2615017361 0.5487075617 0.0271267361 0.0520833333 0.2531259451 0.5360108388 2 0.2669286568 0.5530095726 2
0 0.2897828014 0.3555292882 0.0188386525 0.0308641975 0.2974854500 0.3580138736 2 0.2862911908 0.3544030256 2
0 0.4563225211 0.1494374121 0.0260416667 0.0515705579 0.4505809680 0.1346417758 2 0.4589251671 0.1561442740 2
0 0.3530800238 0.2234453047 0.0363865637 0.0357763082 0.3409420234 0.2230134774 2 0.3585821794 0.2236410520 2
0 0.3510688998 0.3264947954 0.0255310458 0.0465988865 0.3586201064 0.3315723327 2 0.3476459378 0.3300236356 2
0 0.3031412760 0.6116415895 0.0132921007 0.0409915123 0.3044354380 0.6224135511 2 0.3024080239 0.6014696938 2
0 0.3419174383 0.7420553269 0.0241126543 0.0474394147 0.3357619979 0.7255418224 2 0.3447076994 0.7495408985 2
0 0.3910383598 0.7531599059 0.0231481481 0.0264550265 0.3832493570 0.7541856435 2 0.3947294421 0.7515599190 2
0 0.4114462490 0.8475388846 0.0171075019 0.0491380940 0.4149922104 0.8629038808 2 0.4109854356 0.8323093451 2
0 0.4814416964 0.8754911625 0.0142973856 0.0553740015 0.4792039828 0.8543811404 2 0.4808324363 0.8846473484 2
0 0.5033602151 0.6813769415 0.0163810484 0.0306152927 0.5019815085 0.6729009961 2 0.5076350606 0.6908065504 2
0 0.3446010349 0.5855119826 0.0173611111 0.0478092472 0.3447030296 0.5705806820 2 0.3465563764 0.5940990142 2
0 0.4337797619 0.6326058201 0.0148809524 0.0443121693 0.4355918750 0.6155022494 2 0.4329583310 0.6403588687 2
0 0.2249348958 0.0455729167 0.0236002604 0.0448495370 0.2305281446 0.0296012719 2 0.2223994762 0.0528128632 2
0 0.3527917961 0.7273463593 0.0205774529 0.0342471085 0.3586988619 0.7352004427 2 0.3501141231 0.7237861034 2
0 0.3960744009 0.8505347219 0.0161992715 0.0447547440 0.3927233612 0.8401734882 2 0.3975934272 0.8552314692 2
0 0.4366885172 0.7246158554 0.0282901720 0.0502936391 0.4425587279 0.7133659624 2 0.4340275507 0.7297154319 2
0 0.3678959842 0.7338997334 0.0154908644 0.0331772843 0.3710392879 0.7440220578 2 0.3654284237 0.7247228532 2
0 0.3348806983 0.6623002264 0.0160092594 0.0481124834 0.3365521412 0.6476225308 2 0.3321686535 0.6760834364 2
0 0.3942650451 0.6395060903 0.0207262734 0.0503995205 0.4001762736 0.6215296402 2 0.3916380018 0.6502616021 2
0 0.5006198920 0.5881273792 0.0207739200 0.0413360773 0.4939055324 0.6012329486 2 0.5036635112 0.5821866245 2
0 0.5480835346 0.4986313836 0.0169621916 0.0531947880 0.5451809033 0.4781937428 2 0.5484208725 0.5124145936 2
0 0.6085470769 0.3953229547 0.0199520161 0.0704110948 0.6108609152 0.3760949024 2 0.6074982140 0.4040390309 2
0 0.5187958984 0.4122691635 0.0219555558 0.0615297675 0.5125095958 0.3937506008 2 0.5228774972 0.4298010814 2
0 0.5292812010 0.4101495036 0.0307987658 0.0691193424 0.5390041579 0.3859387599 2 0.5248737846 0.4211242338 2
0 0.4378904833 0.3511257053 0.0196136299 0.0275826835 0.4463575214 0.3488150050 2 0.4340523749 0.3521731457 2
0 0.4277104239 0.1700297756 0.0292740744 0.0448869141 0.4393919994 0.1573833754 2 0.4215836041 0.1768994251 2
0 0.2865884815 0.3778603326 0.0200320513 0.0377492877 0.2919903960 0.3864008135 2 0.2841397936 0.3739889326 2
0 0.2858543616 0.5594512110 0.0250049386 0.0687398636 0.2813132208 0.5359625610 2 0.2879128607 0.5700986160 2
0 0.2803984060 0.5926675274 0.0196380249 0.0336109743 0.2746375121 0.5819727322 2 0.2870789937 0.6034403868 2
0 0.2596759443 0.6072977882 0.0184868829 0.0660699596 0.2613473872 0.5851660459 2 0.2558203810 0.6227750998 2
0 0.4552624011 0.6039061970 0.0224891978 0.0653923190 0.4569338440 0.6207387898 2 0.4559809119 0.5871955795 2
0 0.4791744409 0.5561699396 0.0486681487 0.0305751444 0.4997602140 0.5517636493 2 0.4636555222 0.5571847742 2
0 0.6008628231 0.5925890566 0.0231753089 0.0853827171 0.6012851626 0.5656677504 2 0.6020475083 0.6160842119 2
0 0.5935735100 0.6958317239 0.0175644447 0.0300113474 0.6004792641 0.6895310757 2 0.5914043011 0.7039295834 2
0 0.5394983940 0.7649166963 0.0248829633 0.0305751444 0.5492283645 0.7540050561 2 0.5339814507 0.7711358108 2
0 0.4168113580 0.8137233723 0.0228703706 0.0345596712 0.4102875847 0.8058220828 2 0.4219133565 0.8241183793 2
0 0.4578316547 0.7743822689 0.0184487656 0.0300872432 0.4642002906 0.7677901811 2 0.4519265250 0.7805298246 2
0 0.4600063281 0.8128287132 0.0393248400 0.0437159511 0.4499331191 0.8054872090 2 0.4728644774 0.8233552367 2
0 0.5113716035 0.4969210161 0.0184182718 0.0412005492 0.5186620678 0.4829735460 2 0.5109776232 0.5007548356 2
0 0.3713424657 0.4142232467 0.0193940743 0.0440195341 0.3742418188 0.4007094665 2 0.3700281889 0.4203490432 2
0 0.3604137219 0.4030271059 0.0188329879 0.0267153035 0.3673194760 0.3946447457 2 0.3556098463 0.4057472095 2
0 0.3395974099 0.4138722055 0.0185341592 0.0396229563 0.3317483440 0.4168032834 2 0.3431553915 0.4125435480 2
0 0.4494938685 0.4509709842 0.0156752910 0.0427444856 0.4470439017 0.4373904505 2 0.4505411778 0.4623709940 2
0 0.3150618299 0.9529293890 0.0314467596 0.0313408783 0.3247745904 0.9512352875 2 0.3100041427 0.9609763713 2
0 0.4211956522 0.9821367865 0.0150966184 0.0338745751 0.4220704504 0.9913236313 2 0.4228147732 0.9765344718 2
0 0.2198181101 0.3812720293 0.0249721332 0.0640468614 0.2111978862 0.3628673103 2 0.2222518987 0.3960717002 2
