0 0.1846879890 0.7338723700 0.0220070423 0.0539036689
0 0.2110964397 0.7430012172 0.0239632238 0.0408624587
0 0.2533988654 0.8134237524 0.0215179969 0.0599895670
0 0.3446058294 0.8634150583 0.0278755869 0.0625978091
0 0.3737040297 0.8581985742 0.0254303599 0.0504260129
0 0.3700361894 0.8116849244 0.0337441315 0.0495565989
0 0.1455643584 0.8725439054 0.0268974961 0.0460789428
0 0.3974227308 0.9377499565 0.0229851330 0.0565119110
0 0.4123386150 0.8755868545 0.0283646322 0.0539036689
0 0.4343456573 0.8538515041 0.0244522692 0.0591201530
0 0.4668671753 0.9151451921 0.0180946792 0.0408624587
0 0.3952220266 0.8221178925 0.0224960876 0.0652060511
0 0.4015796166 0.7747348287 0.0244522692 0.0608589810
0 0.4304332942 0.7690836376 0.0352112676 0.0512954269
0 0.4074481612 0.7082246566 0.0254303599 0.0634672231
0 0.4514622457 0.6734480960 0.0264084507 0.0704225352
0 0.4798268779 0.6673621979 0.0254303599 0.0686837072
0 0.4888742175 0.7564771344 0.0210289515 0.0678142932
0 0.4864289906 0.8321161537 0.0210289515 0.0625978091
0 0.5069928056 0.8751308951 0.0288536776 0.0521648409
0 0.5336218701 0.8821074596 0.0195618153 0.0530342549
0 0.5619865023 0.8473308990 0.0195618153 0.0652060511
0 0.5387568466 0.7769083638 0.0376564945 0.0582507390
0 0.5905956573 0.8216831855 0.0180946792 0.0643366371
0 0.6404782864 0.8368979308 0.0268974961 0.0634672231
0 0.6238507433 0.7664753956 0.0190727700 0.0652060511
0 0.6619962833 0.7777777778 0.0288536776 0.0460789428
0 0.6143143584 0.8934098418 0.0185837246 0.0617283951
0 0.6453687402 0.9116675361 0.0278755869 0.0582507390
0 0.5233519171 0.7151799687 0.0195618153 0.0652060511
0 0.5551398670 0.7273517649 0.0185837246 0.0686837072
0 0.5739681142 0.7399582681 0.0180946792 0.0608589810
0 0.6035553599 0.7308294210 0.0293427230 0.0582507390
0 0.5874168623 0.6847504782 0.0224960876 0.0617283951
0 0.5612529343 0.6530168666 0.0200508607 0.0660754651
0 0.5323992567 0.6564945227 0.0259194053 0.0643366371
0 0.6395001956 0.6382368284 0.0210289515 0.0660754651
0 0.6781347809 0.6134585290 0.0317879499 0.0530342549
0 0.6057560642 0.5756390193 0.0190727700 0.0660754651
0 0.5766578638 0.5621631021 0.0215179969 0.0704225352
0 0.5446253912 0.5639019301 0.0210289515 0.0686837072
0 0.5196840767 0.5143453312 0.0200508607 0.0721613632
0 0.4986551252 0.5543383759 0.0171165884 0.0617283951
0 0.4751809468 0.5791166754 0.0249413146 0.0869414015
0 0.4348347027 0.5608589810 0.0195618153 0.0765084333
0 0.4213859546 0.5030429491 0.0288536776 0.0356459746
0 0.3727259390 0.5821596244 0.0234741784 0.0704225352
0 0.3516969875 0.5634672231 0.0205399061 0.0678142932
0 0.3609888498 0.4969570509 0.0234741784 0.0739001913
0 0.3318906495 0.5047817771 0.0210289515 0.0669448792
0 0.2996136541 0.5152147453 0.0229851330 0.0669448792
0 0.2866539515 0.5656407581 0.0273865415 0.0617283951
0 0.3054821987 0.6030255608 0.0229851330 0.0739001913
0 0.2607345462 0.5812902104 0.0195618153 0.0652060511
0 0.2343260955 0.4704399235 0.0215179969 0.0660754651
0 0.2785847027 0.4504434011 0.0200508607 0.0643366371
0 0.3284673318 0.4226221527 0.0210289515 0.0765084333
0 0.3575655321 0.4156668405 0.0195618153 0.0730307773
0 0.3927767997 0.3356807512 0.0244522692 0.0712919492
0 0.4487724961 0.3261171970 0.0210289515 0.0765084333
0 0.5257971440 0.3261171970 0.0234741784 0.0747696053
0 0.4949872848 0.3256824900 0.0303208138 0.0582507390
0 0.5084360329 0.3974091462 0.0220070423 0.0730307773
0 0.4837392410 0.3939314902 0.0224960876 0.0625978091
0 0.4788487872 0.4330551208 0.0205399061 0.0608589810
0 0.4558636541 0.4474004521 0.0283646322 0.0530342549
0 0.4455937011 0.4182750826 0.0312989045 0.0539036689
0 0.3932658451 0.5491218918 0.0215179969 0.0669448792
0 0.3952220266 0.4595722483 0.0234741784 0.0721613632
0 0.3783499609 0.7108328986 0.0229851330 0.0599895670
0 0.3678354851 0.6464962615 0.0224960876 0.0582507390
0 0.3318906495 0.6582333507 0.0337441315 0.0434707007
0 0.3492517606 0.6890975483 0.0244522692 0.0495565989
0 0.3595217136 0.7308294210 0.0273865415 0.0460789428
0 0.3470510563 0.7695183446 0.0278755869 0.0556424970
0 0.3272447183 0.7312641280 0.0273865415 0.0660754651
0 0.3025479264 0.7551730134 0.0347222222 0.0443401148
0 0.3040680425 0.7198265036 0.0191787298 0.0432002164
0 0.2780622392 0.7276174192 0.0181615154 0.0368534941
0 0.2963734568 0.6695569853 0.0219135802 0.0493633957
0 0.2837196792 0.6421491914 0.0224960876 0.0739001913
0 0.5072134194 0.6186750130 0.0205399061 0.0669448792
0 0.5235964397 0.9486176317 0.0298317684 0.0312989045
0 0.5052572379 0.9664406190 0.0224960876 0.0321683186
0 0.7099227308 0.8090766823 0.0249413146 0.0617283951
0 0.6571058294 0.7069205356 0.0210289515 0.0712919492
0 0.6920725743 0.6943140323 0.0303208138 0.0547730829
0 0.6994082551 0.7443053382 0.0234741784 0.0591201530
0 0.7236160016 0.7043122935 0.0210289515 0.0660754651
0 0.7003863459 0.6417144844 0.0254303599 0.0539036689
0 0.7170138889 0.5060858981 0.0312989045 0.0591201530
0 0.5549575617 0.5132266852 0.0249614198 0.0558511563
0 0.5439179056 0.4045286810 0.0185837246 0.0773778473
0 0.5665683142 0.3861821133 0.0195618153 0.0634672231
0 0.5548953443 0.3226395409 0.0288536776 0.0452095288
0 0.5685886150 0.2687358720 0.0308098592 0.0539036689
0 0.5400957442 0.2310129639 0.0210289515 0.0669448792
0 0.5221293036 0.2282289070 0.0210289515 0.0643366371
0 0.5013568292 0.1880832319 0.0308098592 0.0582507390
0 0.5218847809 0.1318031647 0.0224960876 0.0634672231
0 0.5473151408 0.1622326552 0.0254303599 0.0512954269
0 0.4700723244 0.2820272803 0.0391763389 0.0499256168
0 0.4702904930 0.2274387063 0.0347222222 0.0443401148
0 0.4350792254 0.2143974961 0.0357003130 0.0478177708
0 0.4319004304 0.2804729612 0.0273865415 0.0617283951
0 0.4045138889 0.2552599548 0.0322769953 0.0391236307
0 0.3744375978 0.2804729612 0.0298317684 0.0599895670
0 0.3914357286 0.1994570992 0.0273865415 0.0556424970
0 0.4630219201 0.1583850152 0.0417030734 0.0363859425
0 0.4426594288 0.1083289863 0.0283646322 0.0478177708
0 0.3607443271 0.2296122413 0.0180946792 0.0573813250
0 0.3441167840 0.2322204834 0.0151604069 0.0556424970
0 0.3277337637 0.3004694836 0.0224960876 0.0547730829
0 0.3503942249 0.3423868313 0.0198905625 0.0724279835
0 0.3074383803 0.3626325856 0.0200508607 0.0591201530
0 0.3509732003 0.1356015379 0.0312989045 0.0443401148
0 0.1382286776 0.6169361850 0.0249413146 0.0478177708
0 0.1015502739 0.5747696053 0.0288536776 0.0434707007
0 0.1624364241 0.4973917580 0.0283646322 0.0347765606
0 0.2054724178 0.4274039298 0.0166275430 0.0547730829
0 0.2238116197 0.3091636237 0.0327660407 0.0356459746
0 0.1898229656 0.3339419231 0.0264084507 0.0382542167
0 0.1925127152 0.2913406364 0.0288536776 0.0330377326
0 0.1981367371 0.2404799165 0.0176056338 0.0634672231
0 0.1841989437 0.2083115980 0.0132042254 0.0599895670
0 0.1592576291 0.2504781777 0.0249413146 0.0434707007
0 0.1482541080 0.2935141714 0.0293427230 0.0391236307
0 0.1653706964 0.3361154582 0.0215179969 0.0739001913
0 0.1555897887 0.4195792036 0.0205399061 0.0669448792
0 0.1795530125 0.4508781082 0.0244522692 0.0512954269
0 0.1846879890 0.3952356112 0.0220070423 0.0617283951
0 0.1411629499 0.3826291080 0.0190727700 0.0608589810
0 0.1431191315 0.4508781082 0.0180946792 0.0756390193
0 0.1213481894 0.4593529628 0.0215011520 0.0299909195
0 0.1372505869 0.5512954269 0.0220070423 0.0695531212
0 0.1867254065 0.5664724975 0.0319504217 0.0531096041
0 0.2172095070 0.6382368284 0.0205399061 0.0591201530
0 0.2670921362 0.5139106242 0.0234741784 0.0608589810
0 0.2269904147 0.3834985220 0.0205399061 0.0625978091
0 0.1741735133 0.6251956182 0.0244522692 0.0365153886
0 0.7387764085 0.7686489306 0.0190727700 0.0556424970
0 0.6888937793 0.5473830638 0.0190727700 0.0686837072
0 0.6238507433 0.5573813250 0.0190727700 0.0765084333
0 0.5913292254 0.5034776561 0.0176056338 0.0608589810
0 0.5781250000 0.4682663885 0.0215179969 0.0582507390
0 0.6111355634 0.4952182229 0.0200508607 0.0669448792
0 0.6440586420 0.4569272977 0.0313271605 0.0389574760
0 0.6082012911 0.4269692227 0.0425469484 0.0504260129
0 0.5976868153 0.3682837767 0.0254303599 0.0617283951
0 0.6247617262 0.3629687591 0.0257851895 0.0584478062
0 0.5984203834 0.3065553817 0.0239632238 0.0565119110
0 0.6265404930 0.2982959485 0.0254303599 0.0608589810
0 0.6157814945 0.2426534516 0.0293427230 0.0539036689
0 0.5680995696 0.1991827508 0.0190727700 0.0678142932
0 0.5905956573 0.1974439228 0.0190727700 0.0643366371
0 0.6094239045 0.1683185533 0.0283646322 0.0686837072
0 0.6690874413 0.2535211268 0.0264084507 0.0634672231
0 0.6612627152 0.3248130760 0.0215179969 0.0652060511
0 0.6556386933 0.3791514519 0.0308098592 0.0486871848
0 0.6898718701 0.3521996175 0.0180946792 0.0643366371
0 0.6835142801 0.3126412798 0.0161384977 0.0512954269
0 0.7047877543 0.3074247957 0.0185837246 0.0599895670
0 0.6930506651 0.2330898974 0.0293427230 0.0521648409
0 0.7082110720 0.1631020692 0.0273865415 0.0547730829
0 0.6724007238 0.1628509052 0.0232541080 0.0542707548
0 0.6957404147 0.1165884194 0.0278755869 0.0591201530
0 0.6453434729 0.1322446338 0.0366278691 0.0417183485
0 0.6365659233 0.0900712919 0.0180946792 0.0530342549
0 0.6282521518 0.0487741262 0.0278755869 0.0521648409
0 0.6563722613 0.0513823683 0.0185837246 0.0539036689
0 0.5984203834 0.0596418014 0.0190727700 0.0460789428
0 0.5637622805 0.0598910334 0.0264084507 0.0452095288
0 0.5556289124 0.0187793427 0.0234741784 0.0304294905
0 0.5301985524 0.0205181708 0.0176056338 0.0408624587
0 0.4707795383 0.0535559033 0.0220070423 0.0652060511
0 0.4336120892 0.0583376804 0.0298317684 0.0382542167
0 0.4168258781 0.0955621245 0.0278755869 0.0391236307
0 0.4062255477 0.0505129543 0.0210289515 0.0521648409
0 0.3857215050 0.0822253135 0.0215179969 0.0521648409
0 0.3746821205 0.0379064511 0.0303208138 0.0339071466
0 0.3037705399 0.2235263432 0.0224960876 0.0573813250
0 0.3084164710 0.1791862285 0.0317879499 0.0365153886
0 0.2817634977 0.1983133368 0.0205399061 0.0469483568
0 0.3243104460 0.2283081203 0.0185837246 0.0669448792
0 0.2976574726 0.1335419927 0.0190727700 0.0582507390
0 0.2826492132 0.1221005043 0.0190727700 0.0686837072
0 0.2900772692 0.0692053556 0.0283646322 0.0530342549
0 0.6661531690 0.5456442358 0.0264084507 0.0617283951
0 0.6732443271 0.4482698661 0.0190727700 0.0652060511
0 0.6950068466 0.4508781082 0.0224960876 0.0617283951
0 0.6866930751 0.3965397322 0.0273865415 0.0417318727
0 0.7285064554 0.3356807512 0.0259194053 0.0486871848
0 0.7309516823 0.2796035472 0.0347222222 0.0339071466
0 0.7928680882 0.2266910103 0.0244522692 0.0539036689
0 0.7527142019 0.2191792732 0.0215179969 0.0625978091
0 0.7478237480 0.1561467571 0.0195618153 0.0547730829
0 0.7686081768 0.1418014258 0.0220070423 0.0573813250
0 0.6815580986 0.0535559033 0.0220070423 0.0547730829
0 0.7277728873 0.2187445662 0.0244522692 0.0356459746
0 0.7629841549 0.2904712224 0.0185837246 0.0730307773
0 0.7779000391 0.2887323944 0.0161384977 0.0573813250
0 0.7779000391 0.1096331073 0.0239632238 0.0521648409
0 0.7453785211 0.0718135976 0.0234741784 0.0530342549
0 0.7119992719 0.0535984080 0.0202915797 0.0461639522
0 0.7703198357 0.0487741262 0.0156494523 0.0486871848
0 0.8224031690 0.1183272474 0.0259194053 0.0434707007
0 0.8715242458 0.1521020499 0.0155934837 0.0519001526
0 0.8524438685 0.2009341371 0.0253591767 0.0365405050
0 0.8150674883 0.2165710311 0.0200508607 0.0660754651
0 0.7920823552 0.3187271779 0.0239632238 0.0512954269
0 0.8784317401 0.2521416565 0.0206056555 0.0381035182
0 0.8620158451 0.3135106938 0.0249413146 0.0495565989
0 0.8294943271 0.3548078595 0.0176056338 0.0625978091
0 0.8233812598 0.4339245349 0.0200508607 0.0573813250
0 0.7930604460 0.4404451400 0.0278755869 0.0495565989
0 0.7595608372 0.4487045731 0.0205399061 0.0591201530
0 0.7358421362 0.4278386368 0.0190727700 0.0660754651
0 0.7791226526 0.3743696748 0.0185837246 0.0634672231
0 0.8084653756 0.3665449487 0.0234741784 0.0599895670
0 0.8165642388 0.2862613265 0.0230443619 0.0658011167
0 0.7441559077 0.5099982612 0.0268974961 0.0512954269
0 0.7720314945 0.4943488089 0.0220070423 0.0634672231
0 0.7918378326 0.4943488089 0.0176056338 0.0565119110
0 0.8121332160 0.5234741784 0.0171165884 0.0556424970
0 0.8395197574 0.4786993566 0.0190727700 0.0582507390
0 0.7771664710 0.5634672231 0.0224960876 0.0678142932
0 0.7399990219 0.5747696053 0.0215179969 0.0556424970
0 0.7111453443 0.5895496435 0.0283646322 0.0556424970
0 0.7485573161 0.6591027647 0.0239632238 0.0730307773
0 0.7552629434 0.6937489132 0.0246592984 0.0541644931
0 0.7842576291 0.6743175100 0.0190727700 0.0739001913
0 0.8522349374 0.6673621979 0.0171165884 0.0652060511
0 0.8466109155 0.3482872544 0.0156494523 0.0634672231
0 0.8510123239 0.3852373500 0.0234741784 0.0504260129
0 0.8901359546 0.4065379934 0.0205399061 0.0495565989
0 0.9219239045 0.4147974265 0.0254303599 0.0417318727
0 0.8705741393 0.4730481655 0.0303208138 0.0399930447
0 0.8507678013 0.5213006434 0.0161384977 0.0495565989
0 0.9004059077 0.4608763693 0.0224960876 0.0521648409
0 0.8969825900 0.3300295601 0.0205399061 0.0565119110
0 0.8730193662 0.3839332290 0.0215179969 0.0756390193
0 0.8960044992 0.2309163624 0.0195618153 0.0495565989
0 0.2533988654 0.6838810642 0.0185837246 0.0634672231
0 0.2922779734 0.4821770127 0.0220070423 0.0512954269
0 0.3133069249 0.4300121718 0.0151604069 0.0599895670
0 0.2937451095 0.4100156495 0.0200508607 0.0582507390
0 0.2712490219 0.3908885411 0.0200508607 0.0617283951
0 0.2526652973 0.3948009042 0.0268974961 0.0312989045
0 0.2888546557 0.3587202226 0.0200508607 0.0495565989
0 0.2780956573 0.3187271779 0.0298317684 0.0373848026
0 0.2355487089 0.2413493306 0.0239632238 0.0408624587
0 0.2123190532 0.1209354895 0.0224960876 0.0573813250
0 0.1714837637 0.1478873239 0.0239632238 0.0469483568
0 0.1631699922 0.1974439228 0.0239632238 0.0434707007
0 0.1355389280 0.2461311076 0.0185837246 0.0452095288
0 0.0890796166 0.1996174578 0.0195618153 0.0495565989
0 0.0878570031 0.2630846809 0.0200508607 0.0547730829
0 0.1269806338 0.1774474005 0.0200508607 0.0556424970
0 0.2103628717 0.0479047122 0.0185837246 0.0434707007
0 0.0956817293 0.6534515736 0.0220070423 0.0565119110
0 0.1228237480 0.7273517649 0.0234741784 0.0391236307
0 0.2428843897 0.6225873761 0.0220070423 0.0417318727
0 0.2335925274 0.6751869240 0.0190727700 0.0582507390
0 0.6996527778 0.8760215615 0.0210289515 0.0582507390
0 0.7651848592 0.7899495740 0.0180946792 0.0565119110
0 0.7529587246 0.8142931664 0.0171165884 0.0547730829
0 0.7825459703 0.7399582681 0.0224960876 0.0521648409
0 0.8057756260 0.7099634846 0.0171165884 0.0582507390
0 0.8243593505 0.7395235611 0.0200508607 0.0495565989
0 0.8267662689 0.7902693251 0.0219304251 0.0397631330
0 0.8082208529 0.6191097200 0.0288536776 0.0399930447
0 0.8133558294 0.5747696053 0.0283646322 0.0330377326
0 0.8698405712 0.5504260129 0.0161384977 0.0591201530
0 0.8884242958 0.5256477134 0.0200508607 0.0582507390
0 0.8732638889 0.6238914971 0.0229851330 0.0339071466
0 0.8791324335 0.6521474526 0.0249413146 0.0330377326
0 0.8309614632 0.6856198922 0.0215179969 0.0530342549
0 0.8522349374 0.7403929751 0.0210289515 0.0478177708
0 0.9082306338 0.5686837072 0.0224960876 0.0347765606
0 0.9241246088 0.6047643888 0.0190727700 0.0547730829
0 0.7964837637 0.1722309164 0.0278755869 0.0399930447
0 0.8038194444 0.1287602156 0.0210289515 0.0521648409
0 0.7996625587 0.0735524257 0.0273865415 0.0373848026
0 0.9507775822 0.5373848026 0.0146713615 0.0608589810
0 0.9612920579 0.4704399235 0.0151604069 0.0591201530
0 0.9776976287 0.4542987693 0.0166726439 0.0368071253
0 0.1015502739 0.5021735350 0.0190727700 0.0495565989
0 0.1233127934 0.3978438532 0.0166275430 0.0408624587
0 0.1061962050 0.3730655538 0.0166275430 0.0486871848
0 0.1247799296 0.3322030951 0.0166275430 0.0643366371
0 0.1255134977 0.2878629804 0.0200508607 0.0434707007
0 0.1514329030 0.1500608590 0.0180946792 0.0634672231
0 0.0619375978 0.5121717962 0.0200508607 0.0521648409
0 0.0871234351 0.4300121718 0.0146713615 0.0530342549
0 0.2243006651 0.1717962094 0.0239632238 0.0408624587
0 0.2365267997 0.1213701965 0.0151604069 0.0512954269
0 0.2541324335 0.1022430882 0.0171165884 0.0617283951
0 0.1223347027 0.1270213876 0.0244522692 0.0312989045
0 0.1856660798 0.0709441836 0.0151604069 0.0512954269
0 0.1577904930 0.0809424448 0.0288536776 0.0347765606
0 0.1321156103 0.0744218397 0.0166275430 0.0426012867
0 0.0951926839 0.0800730308 0.0141823161 0.0382542167
0 0.0890796166 0.3591549296 0.0234741784 0.0312989045
0 0.0811383157 0.1417812069 0.0254303599 0.0356459746
0 0.0671508216 0.1862593945 0.0146713615 0.0530342549
0 0.0455545775 0.0913754130 0.0166275430 0.0452095288
0 0.9439309468 0.2722135281 0.0146713615 0.0504260129
0 0.9123875196 0.1844027126 0.0229851330 0.0434707007
0 0.9001613850 0.1348461137 0.0190727700 0.0347765606
0 0.9482060185 0.1427288008 0.0237268519 0.0314148264
0 0.9285140628 0.1221507371 0.0205399061 0.0269518345
0 0.9678941706 0.1835332986 0.0176056338 0.0382542167
0 0.9700948748 0.2209181012 0.0180946792 0.0417318727
0 0.9825655321 0.2587376109 0.0176056338 0.0582507390
0 0.9644708529 0.2856894453 0.0146713615 0.0495565989
0 0.9133914211 0.1050377712 0.0111964224 0.0308023725
0 0.9084751565 0.4973917580 0.0141823161 0.0452095288
0 0.9182560642 0.5230394714 0.0171165884 0.0512954269
0 0.9295041080 0.5569466180 0.0220070423 0.0373848026
0 0.8490561424 0.1300643366 0.0156494523 0.0530342549
0 0.7397544992 0.0239958268 0.0278755869 0.0269518345
0 0.2575299404 0.1961910006 0.0224672883 0.0521899573
0 0.6392556729 0.5439054078 0.0185837246 0.0756390193
0 0.1695275822 0.0496435403 0.0210289515 0.0295600765
0 0.2208773474 0.1557120501 0.0229851330 0.0399930447
0 0.8798660016 0.5930272996 0.0146713615 0.0556424970
0 0.6903609155 0.9103634151 0.0249413146 0.0417318727
0 0.6705545775 0.9807859503 0.0215179969 0.0312989045
0 0.7737431534 0.9034081029 0.0234741784 0.0573813250
0 0.8062646714 0.8868892367 0.0239632238 0.0573813250
0 0.0861453443 0.4795687706 0.0127151800 0.0426012867
0 0.3301789906 0.0357329160 0.0264084507 0.0417318727
0 0.9678941706 0.5286906625 0.0185837246 0.0643366371
0 0.4318672840 0.3643347051 0.0251543210 0.0340192044
0 0.4353237480 0.3965397322 0.0224960876 0.0417318727
0 0.9444199922 0.4752217006 0.0166275430 0.0426012867
0 0.9419747653 0.4547904712 0.0205399061 0.0556424970
0 0.9307267214 0.2452616936 0.0146713615 0.0452095288
0 0.9309712441 0.3091636237 0.0171165884 0.0512954269
0 0.9165444053 0.3487219614 0.0156494523 0.0521648409
0 0.9312157668 0.3726308468 0.0117370892 0.0547730829
0 0.9414857199 0.3617631716 0.0117370892 0.0399930447
0 0.9522447183 0.3665449487 0.0117370892 0.0426012867
0 0.9605584898 0.3891497131 0.0136932707 0.0512954269
0 0.9683832160 0.3456790123 0.0185837246 0.0391236307
0 0.9840326682 0.3761085029 0.0156494523 0.0547730829
0 0.0549382716 0.3279835391 0.0135802469 0.0367626886
0 0.0480709877 0.1670781893 0.0131172840 0.0320987654
0 0.2703703704 0.6972565158 0.0132716049 0.0666666667
0 0.6075617284 0.9817558299 0.0155864198 0.0326474623
0 0.6413580247 0.9877914952 0.0158950617 0.0200274348
0 0.9368055556 0.1016460905 0.0154320988 0.0282578875
0 0.8453703704 0.7888888889 0.0146604938 0.0348422497
