0 0.1846879890 0.7338723700 0.0220070423 0.0539036689
0 0.2110964397 0.7430012172 0.0239632238 0.0408624587
0 0.2533988654 0.8134237524 0.0215179969 0.0599895670
0 0.3446058294 0.8634150583 0.0278755869 0.0625978091
0 0.3737040297 0.8581985742 0.0254303599 0.0504260129
0 0.3700361894 0.8116849244 0.0337441315 0.0495565989
0 0.1455643584 0.8725439054 0.0268974961 0.0460789428
0 0.3974227308 0.9377499565 0.0229851330 0.0565119110
0 0.4123386150 0.8755868545 0.0283646322 0.0539036689
0 0.4343456573 0.8538515041 0.0244522692 0.0591201530
0 0.4668671753 0.9151451921 0.0180946792 0.0408624587
0 0.3971782081 0.8325508607 0.0224960876 0.0652060511
0 0.4015796166 0.7747348287 0.0244522692 0.0608589810
0 0.4304332942 0.7690836376 0.0352112676 0.0512954269
0 0.4074481612 0.7082246566 0.0254303599 0.0634672231
0 0.4514622457 0.6734480960 0.0264084507 0.0704225352
0 0.4798268779 0.6673621979 0.0254303599 0.0686837072
0 0.4888742175 0.7564771344 0.0210289515 0.0678142932
0 0.4864289906 0.8321161537 0.0210289515 0.0625978091
0 0.5045236698 0.8773256825 0.0288536776 0.0521648409
0 0.5336218701 0.8821074596 0.0195618153 0.0530342549
0 0.5619865023 0.8473308990 0.0195618153 0.0652060511
0 0.5387568466 0.7769083638 0.0376564945 0.0582507390
0 0.5905956573 0.8216831855 0.0180946792 0.0643366371
0 0.6404782864 0.8368979308 0.0268974961 0.0634672231
0 0.6238507433 0.7664753956 0.0190727700 0.0652060511
0 0.6619962833 0.7777777778 0.0288536776 0.0460789428
0 0.6143143584 0.8934098418 0.0185837246 0.0617283951
0 0.6453687402 0.9116675361 0.0278755869 0.0582507390
0 0.5233519171 0.7151799687 0.0195618153 0.0652060511
0 0.5551398670 0.7273517649 0.0185837246 0.0686837072
0 0.5739681142 0.7399582681 0.0180946792 0.0608589810
0 0.6035553599 0.7308294210 0.0293427230 0.0582507390
0 0.5874168623 0.6847504782 0.0224960876 0.0617283951
0 0.5612529343 0.6530168666 0.0200508607 0.0660754651
0 0.5323992567 0.6564945227 0.0259194053 0.0643366371
0 0.6395001956 0.6382368284 0.0210289515 0.0660754651
0 0.6781347809 0.6134585290 0.0317879499 0.0530342549
0 0.6057560642 0.5756390193 0.0190727700 0.0660754651
0 0.5766578638 0.5621631021 0.0215179969 0.0704225352
0 0.5446253912 0.5639019301 0.0210289515 0.0686837072
0 0.5196840767 0.5143453312 0.0200508607 0.0721613632
0 0.4986551252 0.5543383759 0.0171165884 0.0617283951
0 0.4732247653 0.5708572422 0.0210289515 0.0704225352
0 0.4348347027 0.5608589810 0.0195618153 0.0765084333
0 0.4213859546 0.5030429491 0.0288536776 0.0356459746
0 0.3727259390 0.5821596244 0.0234741784 0.0704225352
0 0.3516969875 0.5634672231 0.0205399061 0.0678142932
0 0.3609888498 0.4969570509 0.0234741784 0.0739001913
0 0.3318906495 0.5047817771 0.0210289515 0.0669448792
0 0.2996136541 0.5152147453 0.0229851330 0.0669448792
0 0.2866539515 0.5656407581 0.0273865415 0.0617283951
0 0.3054821987 0.6030255608 0.0229851330 0.0739001913
0 0.2607345462 0.5812902104 0.0195618153 0.0652060511
0 0.2343260955 0.4704399235 0.0215179969 0.0660754651
0 0.2785847027 0.4504434011 0.0200508607 0.0643366371
0 0.3284673318 0.4226221527 0.0210289515 0.0765084333
0 0.3575655321 0.4156668405 0.0195618153 0.0730307773
0 0.3927767997 0.3356807512 0.0244522692 0.0712919492
0 0.4487724961 0.3261171970 0.0210289515 0.0765084333
0 0.5257971440 0.3261171970 0.0234741784 0.0747696053
0 0.4949872848 0.3256824900 0.0303208138 0.0582507390
0 0.5084360329 0.3974091462 0.0220070423 0.0730307773
0 0.4837392410 0.3939314902 0.0224960876 0.0625978091
0 0.4788487872 0.4330551208 0.0205399061 0.0608589810
0 0.4558636541 0.4474004521 0.0283646322 0.0530342549
0 0.4455937011 0.4182750826 0.0312989045 0.0539036689
0 0.4399519484 0.3779328301 0.0273170090 0.0403721257
0 0.4289661581 0.4021909233 0.0205399061 0.0443401148
0 0.3932658451 0.5491218918 0.0215179969 0.0669448792
0 0.3952220266 0.4595722483 0.0234741784 0.0721613632
0 0.3783499609 0.7108328986 0.0229851330 0.0599895670
0 0.3678354851 0.6464962615 0.0224960876 0.0582507390
0 0.3318906495 0.6582333507 0.0337441315 0.0434707007
0 0.3492517606 0.6890975483 0.0244522692 0.0495565989
0 0.3595217136 0.7308294210 0.0273865415 0.0460789428
0 0.3470510563 0.7695183446 0.0278755869 0.0556424970
0 0.3272447183 0.7312641280 0.0273865415 0.0660754651
0 0.3025479264 0.7551730134 0.0347222222 0.0443401148
0 0.3103726526 0.7303947140 0.0317879499 0.0643366371
0 0.2772355980 0.7279384133 0.0198147978 0.0362115058
0 0.2981465180 0.6751869240 0.0239632238 0.0512954269
0 0.2837196792 0.6421491914 0.0224960876 0.0739001913
0 0.5072134194 0.6186750130 0.0205399061 0.0669448792
0 0.5235964397 0.9486176317 0.0298317684 0.0312989045
0 0.5052572379 0.9664406190 0.0224960876 0.0321683186
0 0.7099227308 0.8090766823 0.0249413146 0.0617283951
0 0.6571058294 0.7069205356 0.0210289515 0.0712919492
0 0.6920725743 0.6943140323 0.0303208138 0.0547730829
0 0.6994082551 0.7443053382 0.0234741784 0.0591201530
0 0.7236160016 0.7043122935 0.0210289515 0.0660754651
0 0.7003863459 0.6417144844 0.0254303599 0.0539036689
0 0.7170138889 0.5060858981 0.0312989045 0.0591201530
0 0.5551398670 0.5030429491 0.0234741784 0.0634672231
0 0.5443808685 0.4100156495 0.0185837246 0.0773778473
0 0.5668769562 0.3952356112 0.0195618153 0.0634672231
0 0.5548953443 0.3226395409 0.0288536776 0.0452095288
0 0.5685886150 0.2687358720 0.0308098592 0.0539036689
0 0.5407130282 0.2378716745 0.0210289515 0.0669448792
0 0.5221293036 0.2139627891 0.0210289515 0.0643366371
0 0.5001222613 0.1839680056 0.0308098592 0.0582507390
0 0.5218847809 0.1318031647 0.0224960876 0.0634672231
0 0.5473151408 0.1622326552 0.0254303599 0.0512954269
0 0.4700459703 0.2791688402 0.0391236307 0.0556424970
0 0.4702904930 0.2291775343 0.0347222222 0.0443401148
0 0.4360573161 0.2161363241 0.0357003130 0.0478177708
0 0.4319004304 0.2804729612 0.0273865415 0.0617283951
0 0.4045138889 0.2552599548 0.0322769953 0.0391236307
0 0.3744375978 0.2804729612 0.0298317684 0.0599895670
0 0.3878863459 0.1991827508 0.0273865415 0.0556424970
0 0.4575753130 0.1604938272 0.0366784038 0.0391236307
0 0.4426594288 0.1083289863 0.0283646322 0.0478177708
0 0.3607443271 0.2296122413 0.0180946792 0.0573813250
0 0.3441167840 0.2322204834 0.0151604069 0.0556424970
0 0.3277337637 0.3004694836 0.0224960876 0.0547730829
0 0.3490072379 0.3413319423 0.0171165884 0.0582507390
0 0.3074383803 0.3626325856 0.0200508607 0.0591201530
0 0.3468065336 0.1361502347 0.0312989045 0.0443401148
0 0.1382286776 0.6169361850 0.0249413146 0.0478177708
0 0.1015502739 0.5747696053 0.0288536776 0.0434707007
0 0.1624364241 0.4973917580 0.0283646322 0.0347765606
0 0.2054724178 0.4274039298 0.0166275430 0.0547730829
0 0.2238116197 0.3091636237 0.0327660407 0.0356459746
0 0.1898229656 0.3339419231 0.0264084507 0.0382542167
0 0.1925127152 0.2913406364 0.0288536776 0.0330377326
0 0.1986257825 0.2443922796 0.0185837246 0.0556424970
0 0.1841989437 0.2083115980 0.0132042254 0.0599895670
0 0.1592576291 0.2504781777 0.0249413146 0.0434707007
0 0.1482541080 0.2935141714 0.0293427230 0.0391236307
0 0.1653706964 0.3352460442 0.0215179969 0.0530342549
0 0.1555897887 0.4195792036 0.0205399061 0.0669448792
0 0.1795530125 0.4508781082 0.0244522692 0.0512954269
0 0.1846879890 0.3952356112 0.0220070423 0.0617283951
0 0.1411629499 0.3826291080 0.0190727700 0.0608589810
0 0.1421410407 0.4600069553 0.0200508607 0.0573813250
0 0.1223347027 0.4717440445 0.0234741784 0.0547730829
0 0.1372505869 0.5512954269 0.0220070423 0.0695531212
0 0.1849325117 0.5678142932 0.0283646322 0.0504260129
0 0.2172095070 0.6382368284 0.0205399061 0.0591201530
0 0.2670921362 0.5139106242 0.0234741784 0.0608589810
0 0.2269904147 0.3834985220 0.0205399061 0.0625978091
0 0.1741735133 0.6251956182 0.0244522692 0.0365153886
0 0.7387764085 0.7686489306 0.0190727700 0.0556424970
0 0.6888937793 0.5473830638 0.0190727700 0.0686837072
0 0.6238507433 0.5573813250 0.0190727700 0.0765084333
0 0.5913292254 0.5034776561 0.0176056338 0.0608589810
0 0.5781250000 0.4682663885 0.0215179969 0.0582507390
0 0.6111355634 0.4952182229 0.0200508607 0.0669448792
0 0.6463468310 0.4552251782 0.0268974961 0.0634672231
0 0.6082012911 0.4269692227 0.0425469484 0.0504260129
0 0.5976868153 0.3682837767 0.0254303599 0.0617283951
0 0.6245843114 0.3565466875 0.0254303599 0.0712919492
0 0.5984203834 0.3065553817 0.0239632238 0.0565119110
0 0.6265404930 0.2982959485 0.0254303599 0.0608589810
0 0.6157814945 0.2426534516 0.0293427230 0.0539036689
0 0.5680995696 0.1991827508 0.0190727700 0.0678142932
0 0.5901066119 0.2000521648 0.0190727700 0.0643366371
0 0.6123581768 0.1731003304 0.0264084507 0.0660754651
0 0.6690874413 0.2535211268 0.0264084507 0.0634672231
0 0.6630333028 0.3289721507 0.0179768216 0.0621043857
0 0.6582716580 0.3794440036 0.0308098592 0.0486871848
0 0.6932102422 0.3387427573 0.0256714060 0.0374229168
0 0.6835142801 0.3126412798 0.0161384977 0.0512954269
0 0.7049672061 0.2997427400 0.0189426283 0.0446254556
0 0.6954958920 0.2330898974 0.0293427230 0.0521648409
0 0.7082110720 0.1631020692 0.0273865415 0.0547730829
0 0.6752600169 0.1470658101 0.0248222981 0.0607631807
0 0.6957404147 0.1165884194 0.0278755869 0.0591201530
0 0.6417008998 0.1357155277 0.0293427230 0.0347765606
0 0.6365659233 0.0900712919 0.0180946792 0.0530342549
0 0.6267850156 0.0522517823 0.0298317684 0.0504260129
0 0.6563722613 0.0513823683 0.0185837246 0.0539036689
0 0.5984203834 0.0596418014 0.0190727700 0.0460789428
0 0.5669150252 0.0530578445 0.0264845888 0.0435974044
0 0.5556289124 0.0187793427 0.0234741784 0.0304294905
0 0.5299540297 0.0135628586 0.0180946792 0.0269518345
0 0.4695569249 0.0448617632 0.0195618153 0.0478177708
0 0.4336120892 0.0583376804 0.0298317684 0.0382542167
0 0.4163375461 0.0986917791 0.0297854134 0.0459316369
0 0.4063771866 0.0527117270 0.0207256738 0.0565623864
0 0.3841570851 0.0838349976 0.0215179969 0.0521648409
0 0.3754641875 0.0369159989 0.0318849478 0.0358880508
0 0.3037705399 0.2235263432 0.0224960876 0.0573813250
0 0.3084164710 0.1791862285 0.0317879499 0.0365153886
0 0.2818612488 0.1956386526 0.0203444038 0.0522977253
0 0.3243104460 0.2283081203 0.0185837246 0.0669448792
0 0.2967232453 0.1319066909 0.0209412246 0.0549801353
0 0.2795627934 0.1196313685 0.0190727700 0.0686837072
0 0.2917889280 0.0687706486 0.0249413146 0.0539036689
0 0.6661531690 0.5456442358 0.0264084507 0.0617283951
0 0.6732443271 0.4482698661 0.0190727700 0.0652060511
0 0.6950068466 0.4508781082 0.0224960876 0.0617283951
0 0.6866930751 0.3965397322 0.0273865415 0.0417318727
0 0.7283418951 0.3309999250 0.0259194053 0.0486871848
0 0.7309516823 0.2796035472 0.0347222222 0.0339071466
0 0.7937940141 0.2374369675 0.0244522692 0.0539036689
0 0.7541813380 0.2209181012 0.0215179969 0.0625978091
0 0.7463477465 0.1550821370 0.0225138184 0.0569023232
0 0.7686081768 0.1418014258 0.0220070423 0.0573813250
0 0.6815580986 0.0535559033 0.0220070423 0.0547730829
0 0.7277728873 0.2187445662 0.0244522692 0.0356459746
0 0.7619276662 0.2897568401 0.0164830313 0.0681078749
0 0.7800393230 0.2939983238 0.0161384977 0.0573813250
0 0.7779000391 0.1096331073 0.0239632238 0.0521648409
0 0.7453785211 0.0718135976 0.0234741784 0.0530342549
0 0.7145686620 0.0739871327 0.0215179969 0.0521648409
0 0.7703198357 0.0487741262 0.0156494523 0.0486871848
0 0.8224031690 0.1183272474 0.0259194053 0.0434707007
0 0.8715522300 0.1613632412 0.0224960876 0.0599895670
0 0.8531701498 0.2056868742 0.0264084507 0.0478177708
0 0.8150674883 0.2165710311 0.0200508607 0.0660754651
0 0.7920823552 0.3187271779 0.0239632238 0.0512954269
0 0.8791324335 0.2648235090 0.0220070423 0.0634672231
0 0.8620158451 0.3135106938 0.0249413146 0.0495565989
0 0.8294943271 0.3548078595 0.0176056338 0.0625978091
0 0.8233812598 0.4339245349 0.0200508607 0.0573813250
0 0.7930604460 0.4404451400 0.0278755869 0.0495565989
0 0.7595608372 0.4487045731 0.0205399061 0.0591201530
0 0.7358421362 0.4278386368 0.0190727700 0.0660754651
0 0.7791226526 0.3743696748 0.0185837246 0.0634672231
0 0.8070531122 0.3697923749 0.0214916904 0.0543126231
0 0.8160455790 0.2847870677 0.0220070423 0.0617283951
0 0.7441559077 0.5099982612 0.0268974961 0.0512954269
0 0.7720314945 0.4943488089 0.0220070423 0.0634672231
0 0.7906984843 0.4931760271 0.0198843303 0.0541663473
0 0.8121332160 0.5234741784 0.0171165884 0.0556424970
0 0.8395197574 0.4786993566 0.0190727700 0.0582507390
0 0.7771664710 0.5634672231 0.0224960876 0.0678142932
0 0.7399990219 0.5747696053 0.0215179969 0.0556424970
0 0.7111453443 0.5895496435 0.0283646322 0.0556424970
0 0.7471879311 0.6684237277 0.0212244538 0.0543888514
0 0.7546703834 0.6964875674 0.0234741784 0.0486871848
0 0.7840131064 0.6812728221 0.0185837246 0.0599895670
0 0.8522349374 0.6673621979 0.0171165884 0.0652060511
0 0.8463663928 0.3530690315 0.0151604069 0.0539036689
0 0.8523473483 0.3816937668 0.0234741784 0.0504260129
0 0.8896469092 0.4091462354 0.0205399061 0.0495565989
0 0.9219239045 0.4147974265 0.0254303599 0.0417318727
0 0.8680313930 0.4731583875 0.0262134120 0.0339359897
0 0.8507678013 0.5259814695 0.0161384977 0.0495565989
0 0.9004059077 0.4608763693 0.0224960876 0.0521648409
0 0.8952709311 0.3274213180 0.0171165884 0.0512954269
0 0.8730193662 0.3839332290 0.0215179969 0.0756390193
0 0.8960044992 0.2317857764 0.0195618153 0.0495565989
0 0.2546479592 0.6779100235 0.0210819121 0.0754093045
0 0.2922779734 0.4821770127 0.0220070423 0.0512954269
0 0.3133069249 0.4300121718 0.0151604069 0.0599895670
0 0.2937451095 0.4100156495 0.0200508607 0.0582507390
0 0.2712490219 0.3908885411 0.0200508607 0.0617283951
0 0.2526652973 0.3948009042 0.0268974961 0.0312989045
0 0.2888546557 0.3587202226 0.0200508607 0.0495565989
0 0.2780956573 0.3187271779 0.0298317684 0.0373848026
0 0.2355487089 0.2413493306 0.0239632238 0.0408624587
0 0.2123190532 0.1209354895 0.0224960876 0.0573813250
0 0.1714837637 0.1478873239 0.0239632238 0.0469483568
0 0.1631699922 0.1974439228 0.0239632238 0.0434707007
0 0.1355389280 0.2461311076 0.0185837246 0.0452095288
0 0.0890796166 0.1996174578 0.0195618153 0.0495565989
0 0.0872965131 0.2640864643 0.0189298806 0.0498213375
0 0.1269806338 0.1774474005 0.0200508607 0.0556424970
0 0.2103628717 0.0479047122 0.0185837246 0.0434707007
0 0.0959262520 0.6564945227 0.0215179969 0.0504260129
0 0.1228237480 0.7273517649 0.0234741784 0.0391236307
0 0.2428843897 0.6225873761 0.0220070423 0.0417318727
0 0.2335925274 0.6751869240 0.0190727700 0.0582507390
0 0.7003863459 0.8821074596 0.0195618153 0.0460789428
0 0.7651848592 0.7899495740 0.0180946792 0.0565119110
0 0.7534477700 0.8195096505 0.0161384977 0.0443401148
0 0.7825459703 0.7399582681 0.0224960876 0.0521648409
0 0.8057756260 0.7099634846 0.0171165884 0.0582507390
0 0.8243593505 0.7395235611 0.0200508607 0.0495565989
0 0.8264184982 0.7901365392 0.0212348836 0.0394975611
0 0.8082208529 0.6191097200 0.0288536776 0.0399930447
0 0.8138495103 0.5782802249 0.0283646322 0.0330377326
0 0.8698405712 0.5504260129 0.0161384977 0.0591201530
0 0.8884242958 0.5256477134 0.0200508607 0.0582507390
0 0.8732638889 0.6238914971 0.0229851330 0.0339071466
0 0.8791324335 0.6521474526 0.0249413146 0.0330377326
0 0.8324285994 0.6877934272 0.0185837246 0.0486871848
0 0.8522349374 0.7403929751 0.0210289515 0.0478177708
0 0.9082306338 0.5686837072 0.0224960876 0.0347765606
0 0.9241246088 0.6047643888 0.0190727700 0.0547730829
0 0.9146728217 0.3545565123 0.0141823161 0.0539036689
0 0.9258362676 0.2443922796 0.0156494523 0.0591201530
0 0.7979508998 0.1700573813 0.0249413146 0.0356459746
0 0.8038194444 0.1287602156 0.0210289515 0.0521648409
0 0.7996625587 0.0735524257 0.0273865415 0.0373848026
0 0.9507775822 0.5373848026 0.0146713615 0.0608589810
0 0.9385514476 0.4552251782 0.0156494523 0.0495565989
0 0.9612920579 0.4704399235 0.0151604069 0.0591201530
0 0.9441754695 0.4687010955 0.0151604069 0.0469483568
0 0.9781641236 0.4613110763 0.0176056338 0.0426012867
0 0.1011265311 0.5027364909 0.0199202555 0.0588636553
0 0.1225792254 0.4043644584 0.0180946792 0.0278212485
0 0.1061962050 0.3730655538 0.0166275430 0.0486871848
0 0.1247131204 0.3269778551 0.0155158339 0.0434882126
0 0.1255134977 0.2878629804 0.0200508607 0.0434707007
0 0.1514329030 0.1500608590 0.0180946792 0.0634672231
0 0.0619375978 0.5121717962 0.0200508607 0.0521648409
0 0.0871234351 0.4300121718 0.0146713615 0.0530342549
0 0.2243006651 0.1717962094 0.0239632238 0.0408624587
0 0.2365267997 0.1213701965 0.0151604069 0.0512954269
0 0.2541324335 0.1022430882 0.0171165884 0.0617283951
0 0.1223347027 0.1270213876 0.0244522692 0.0312989045
0 0.1844434664 0.0787689098 0.0127151800 0.0512954269
0 0.1577904930 0.0809424448 0.0288536776 0.0347765606
0 0.1321156103 0.0744218397 0.0166275430 0.0426012867
0 0.0951926839 0.0800730308 0.0141823161 0.0382542167
0 0.0805213224 0.3735002608 0.0151604069 0.0530342549
0 0.0817439358 0.1396278908 0.0254303599 0.0356459746
0 0.0692041516 0.1885056462 0.0133424792 0.0453455035
0 0.0455545775 0.0913754130 0.0166275430 0.0452095288
0 0.8436766432 0.0757259607 0.0283646322 0.0399930447
0 0.9439309468 0.2722135281 0.0146713615 0.0504260129
0 0.9123875196 0.1844027126 0.0229851330 0.0434707007
0 0.9001613850 0.1348461137 0.0190727700 0.0347765606
0 0.6064896322 0.9803512433 0.0254303599 0.0339071466
0 0.9500440141 0.1474526169 0.0200508607 0.0408624587
0 0.9297486307 0.1257172666 0.0205399061 0.0269518345
0 0.9678941706 0.1835332986 0.0176056338 0.0382542167
0 0.9700948748 0.2209181012 0.0180946792 0.0417318727
0 0.9825655321 0.2587376109 0.0176056338 0.0582507390
0 0.9644708529 0.2856894453 0.0146713615 0.0495565989
0 0.9126320423 0.1113719353 0.0127151800 0.0434707007
0 0.9304408848 0.3702950692 0.0167511950 0.0404349625
0 0.9295473920 0.3209259506 0.0136013719 0.0449715730
0 0.9612391552 0.3905125505 0.0150546016 0.0415423322
0 0.9689891339 0.3468322220 0.0197955605 0.0414300501
0 0.9424004781 0.3091682592 0.0135666057 0.0286999335
0 0.9424827583 0.3586836536 0.0137311660 0.0355728367
0 0.9527480758 0.3619887660 0.0087741927 0.0406646773
0 0.9084751565 0.4973917580 0.0141823161 0.0452095288
0 0.9192341549 0.5186924013 0.0151604069 0.0426012867
0 0.9295041080 0.5569466180 0.0220070423 0.0373848026
0 0.8493852630 0.1262611654 0.0156494523 0.0530342549
0 0.7397544992 0.0239958268 0.0278755869 0.0269518345
0 0.2531543427 0.1883150756 0.0268974961 0.0547730829
0 0.6392556729 0.5439054078 0.0185837246 0.0756390193
0 0.1695275822 0.0496435403 0.0210289515 0.0295600765
0 0.2208773474 0.1557120501 0.0229851330 0.0399930447
0 0.8832893192 0.5982437837 0.0215179969 0.0486871848
0 0.6908499609 0.9181881412 0.0239632238 0.0260824204
0 0.6705545775 0.9807859503 0.0215179969 0.0312989045
0 0.7751568074 0.8982724826 0.0223891234 0.0676525657
0 0.8062646714 0.8868892367 0.0239632238 0.0573813250
0 0.0851672535 0.4826117197 0.0146713615 0.0486871848
0 0.3301789906 0.0357329160 0.0264084507 0.0417318727
0 0.9678941706 0.5286906625 0.0185837246 0.0643366371
0 0.0470642443 0.1675882043 0.0128357030 0.0310104733
0 0.0553745392 0.3281990521 0.0120129015 0.0336434381
0 0.2700434439 0.6909630800 0.0176079516 0.0687496343
0 0.9378291206 0.1055672576 0.0141521854 0.0257445439
0 0.9652284097 0.1435989702 0.0083925750 0.0286700603
0 0.9848933649 0.3728131765 0.0098736177 0.0415423322
0 0.8678087151 0.4396612252 0.0128357030 0.0248668890
0 0.8443588731 0.7916008425 0.0169497104 0.0301328184
0 0.6412091890 0.9865865075 0.0149749868 0.0228190276
