0 0.1846879890 0.7338723700 0.0220070423 0.0539036689
0 0.2135049176 0.7529919401 0.0239632238 0.0408624587
0 0.2535995719 0.8070011448 0.0215179969 0.0599895670
0 0.3434015905 0.8605605660 0.0278755869 0.0625978091
0 0.3737040297 0.8581985742 0.0254303599 0.0504260129
0 0.3700361894 0.8116849244 0.0337441315 0.0495565989
0 0.1455643584 0.8725439054 0.0268974961 0.0460789428
0 0.3974227308 0.9377499565 0.0229851330 0.0565119110
0 0.4343456573 0.8538515041 0.0244522692 0.0591201530
0 0.4668671753 0.9151451921 0.0180946792 0.0408624587
0 0.3950718501 0.8198631954 0.0221957346 0.0415695486
0 0.4015796166 0.7747348287 0.0244522692 0.0608589810
0 0.4304332942 0.7690836376 0.0352112676 0.0512954269
0 0.4074481612 0.7082246566 0.0254303599 0.0634672231
0 0.4514622457 0.6734480960 0.0264084507 0.0704225352
0 0.4798268779 0.6673621979 0.0254303599 0.0686837072
0 0.4888742175 0.7564771344 0.0210289515 0.0678142932
0 0.4864289906 0.8321161537 0.0210289515 0.0625978091
0 0.5045236698 0.8773256825 0.0288536776 0.0521648409
0 0.5336218701 0.8821074596 0.0195618153 0.0530342549
0 0.5619865023 0.8473308990 0.0195618153 0.0652060511
0 0.5387568466 0.7769083638 0.0376564945 0.0582507390
0 0.5905956573 0.8216831855 0.0180946792 0.0643366371
0 0.6404782864 0.8368979308 0.0268974961 0.0634672231
0 0.6238507433 0.7664753956 0.0190727700 0.0652060511
0 0.6619962833 0.7777777778 0.0288536776 0.0460789428
0 0.6143143584 0.8934098418 0.0185837246 0.0617283951
0 0.6453687402 0.9116675361 0.0278755869 0.0582507390
0 0.5233519171 0.7151799687 0.0195618153 0.0652060511
0 0.5551398670 0.7273517649 0.0185837246 0.0686837072
0 0.5739681142 0.7399582681 0.0180946792 0.0608589810
0 0.6052670188 0.7269170579 0.0327660407 0.0660754651
0 0.5874168623 0.6847504782 0.0224960876 0.0617283951
0 0.5612529343 0.6530168666 0.0200508607 0.0660754651
0 0.5323992567 0.6564945227 0.0259194053 0.0643366371
0 0.6395001956 0.6382368284 0.0210289515 0.0660754651
0 0.6786238263 0.6143279430 0.0317879499 0.0530342549
0 0.6057560642 0.5756390193 0.0190727700 0.0660754651
0 0.5766578638 0.5621631021 0.0215179969 0.0704225352
0 0.5446253912 0.5639019301 0.0210289515 0.0686837072
0 0.5196840767 0.5143453312 0.0200508607 0.0721613632
0 0.4986551252 0.5543383759 0.0171165884 0.0617283951
0 0.4751809468 0.5791166754 0.0249413146 0.0869414015
0 0.4348347027 0.5608589810 0.0195618153 0.0765084333
0 0.4213859546 0.5030429491 0.0288536776 0.0356459746
0 0.3727259390 0.5821596244 0.0234741784 0.0704225352
0 0.3516969875 0.5634672231 0.0205399061 0.0678142932
0 0.3609888498 0.4969570509 0.0234741784 0.0739001913
0 0.3318906495 0.5047817771 0.0210289515 0.0669448792
0 0.2996136541 0.5152147453 0.0229851330 0.0669448792
0 0.2866539515 0.5656407581 0.0273865415 0.0617283951
0 0.3054821987 0.5986784907 0.0229851330 0.0739001913
0 0.2607345462 0.5812902104 0.0195618153 0.0652060511
0 0.2343260955 0.4704399235 0.0215179969 0.0660754651
0 0.2785847027 0.4504434011 0.0200508607 0.0643366371
0 0.3284673318 0.4226221527 0.0210289515 0.0765084333
0 0.3575655321 0.4156668405 0.0195618153 0.0730307773
0 0.3927767997 0.3356807512 0.0244522692 0.0712919492
0 0.4487724961 0.3261171970 0.0210289515 0.0765084333
0 0.5257971440 0.3261171970 0.0234741784 0.0747696053
0 0.4949872848 0.3256824900 0.0303208138 0.0582507390
0 0.5084360329 0.3974091462 0.0220070423 0.0730307773
0 0.4837392410 0.3939314902 0.0224960876 0.0625978091
0 0.4798268779 0.4391410190 0.0205399061 0.0608589810
0 0.4558636541 0.4474004521 0.0283646322 0.0530342549
0 0.4455937011 0.4182750826 0.0312989045 0.0539036689
0 0.3932658451 0.5491218918 0.0215179969 0.0669448792
0 0.3952220266 0.4595722483 0.0234741784 0.0721613632
0 0.3783499609 0.7108328986 0.0229851330 0.0599895670
0 0.3678354851 0.6464962615 0.0224960876 0.0582507390
0 0.3318906495 0.6582333507 0.0337441315 0.0434707007
0 0.3492517606 0.6890975483 0.0244522692 0.0495565989
0 0.3595217136 0.7308294210 0.0273865415 0.0460789428
0 0.3507188967 0.7703877587 0.0273865415 0.0469483568
0 0.3272447183 0.7312641280 0.0273865415 0.0660754651
0 0.3001026995 0.7525647713 0.0347222222 0.0443401148
0 0.3039609991 0.7187033569 0.0189646429 0.0444315791
0 0.2768104997 0.7270683259 0.0206649943 0.0379516807
0 0.2961903365 0.6812728221 0.0278755869 0.0634672231
0 0.2837196792 0.6421491914 0.0224960876 0.0739001913
0 0.5072134194 0.6186750130 0.0205399061 0.0669448792
0 0.5177278951 0.9347070075 0.0347222222 0.0399930447
0 0.5015893975 0.9633976700 0.0268974961 0.0365153886
0 0.7099227308 0.8090766823 0.0249413146 0.0617283951
0 0.6571058294 0.7069205356 0.0210289515 0.0712919492
0 0.6920725743 0.6943140323 0.0303208138 0.0547730829
0 0.6994082551 0.7443053382 0.0234741784 0.0591201530
0 0.7236160016 0.7043122935 0.0210289515 0.0660754651
0 0.7003863459 0.6417144844 0.0254303599 0.0539036689
0 0.7170138889 0.5060858981 0.0312989045 0.0591201530
0 0.5551398670 0.5030429491 0.0234741784 0.0634672231
0 0.5438918232 0.4065379934 0.0185837246 0.0773778473
0 0.5668769562 0.3952356112 0.0195618153 0.0634672231
0 0.5548953443 0.3226395409 0.0288536776 0.0452095288
0 0.5685886150 0.2687358720 0.0308098592 0.0539036689
0 0.5407130282 0.2378716745 0.0210289515 0.0669448792
0 0.5221293036 0.2287428273 0.0210289515 0.0643366371
0 0.5001222613 0.1839680056 0.0308098592 0.0582507390
0 0.5218847809 0.1318031647 0.0224960876 0.0634672231
0 0.5473151408 0.1622326552 0.0254303599 0.0512954269
0 0.4700459703 0.2791688402 0.0391236307 0.0556424970
0 0.4727357199 0.2274387063 0.0347222222 0.0443401148
0 0.4350792254 0.2109198400 0.0357003130 0.0408624587
0 0.4319004304 0.2804729612 0.0273865415 0.0617283951
0 0.4047584116 0.2569987828 0.0327660407 0.0426012867
0 0.3744375978 0.2804729612 0.0298317684 0.0599895670
0 0.3925322770 0.1965745088 0.0376564945 0.0504260129
0 0.4685788341 0.1574508781 0.0528169014 0.0382542167
0 0.4426594288 0.1083289863 0.0283646322 0.0478177708
0 0.3607443271 0.2296122413 0.0180946792 0.0573813250
0 0.3441167840 0.2322204834 0.0151604069 0.0556424970
0 0.3277337637 0.3004694836 0.0224960876 0.0547730829
0 0.3490072379 0.3413319423 0.0171165884 0.0582507390
0 0.3074383803 0.3626325856 0.0200508607 0.0591201530
0 0.3485181925 0.1361502347 0.0347222222 0.0443401148
0 0.1382286776 0.6169361850 0.0249413146 0.0478177708
0 0.1015502739 0.5747696053 0.0288536776 0.0434707007
0 0.1624364241 0.4973917580 0.0283646322 0.0347765606
0 0.2054724178 0.4274039298 0.0166275430 0.0547730829
0 0.2263158572 0.3055042953 0.0377745156 0.0429646314
0 0.1898229656 0.3339419231 0.0264084507 0.0382542167
0 0.1983812598 0.2974265345 0.0288536776 0.0330377326
0 0.1981367371 0.2404799165 0.0176056338 0.0634672231
0 0.1841989437 0.2083115980 0.0132042254 0.0599895670
0 0.1592576291 0.2504781777 0.0249413146 0.0434707007
0 0.1482541080 0.2935141714 0.0293427230 0.0391236307
0 0.1653706964 0.3361154582 0.0215179969 0.0739001913
0 0.1555897887 0.4195792036 0.0205399061 0.0669448792
0 0.1795530125 0.4508781082 0.0244522692 0.0512954269
0 0.1846879890 0.3952356112 0.0220070423 0.0617283951
0 0.1411629499 0.3826291080 0.0190727700 0.0608589810
0 0.1431191315 0.4508781082 0.0180946792 0.0756390193
0 0.1223347027 0.4717440445 0.0234741784 0.0547730829
0 0.1372505869 0.5512954269 0.0220070423 0.0695531212
0 0.1849325117 0.5678142932 0.0283646322 0.0504260129
0 0.2172095070 0.6382368284 0.0205399061 0.0591201530
0 0.2670921362 0.5139106242 0.0234741784 0.0608589810
0 0.2269904147 0.3834985220 0.0205399061 0.0625978091
0 0.1741735133 0.6251956182 0.0244522692 0.0365153886
0 0.7387764085 0.7686489306 0.0190727700 0.0556424970
0 0.6888937793 0.5473830638 0.0190727700 0.0686837072
0 0.6238507433 0.5573813250 0.0190727700 0.0765084333
0 0.5913292254 0.5034776561 0.0176056338 0.0608589810
0 0.5781250000 0.4682663885 0.0215179969 0.0582507390
0 0.6111355634 0.4952182229 0.0200508607 0.0669448792
0 0.6424344679 0.4534863502 0.0278755869 0.0582507390
0 0.6082012911 0.4269692227 0.0425469484 0.0504260129
0 0.5976868153 0.3682837767 0.0254303599 0.0617283951
0 0.6245843114 0.3565466875 0.0254303599 0.0712919492
0 0.5984203834 0.3065553817 0.0239632238 0.0565119110
0 0.6265404930 0.2982959485 0.0254303599 0.0608589810
0 0.6170041080 0.2361328465 0.0317879499 0.0669448792
0 0.5680995696 0.1991827508 0.0190727700 0.0678142932
0 0.5905956573 0.1974439228 0.0190727700 0.0643366371
0 0.6048355705 0.1512762797 0.0289688718 0.0606815804
0 0.6676203052 0.2422187446 0.0273865415 0.0791166754
0 0.6622408059 0.3282907320 0.0215179969 0.0652060511
0 0.6556386933 0.3791514519 0.0308098592 0.0486871848
0 0.6910163918 0.3369049665 0.0171724187 0.0430244351
0 0.6821411368 0.3166702348 0.0180635838 0.0520944837
0 0.7048750334 0.2991909927 0.0187582827 0.0435219610
0 0.6930506651 0.2330898974 0.0293427230 0.0521648409
0 0.7067439358 0.1674491393 0.0273865415 0.0547730829
0 0.6742224178 0.1604938272 0.0268974961 0.0478177708
0 0.6983294577 0.1120219856 0.0330536729 0.0499872854
0 0.6425429484 0.1364962414 0.0310268200 0.0332151332
0 0.6405542580 0.0973173301 0.0221589855 0.0501380509
0 0.6282521518 0.0487741262 0.0278755869 0.0521648409
0 0.6599849781 0.0438893261 0.0185837246 0.0539036689
0 0.5984203834 0.0596418014 0.0190727700 0.0460789428
0 0.5634536385 0.0565988524 0.0264084507 0.0452095288
0 0.5556289124 0.0187793427 0.0234741784 0.0304294905
0 0.5301985524 0.0205181708 0.0176056338 0.0408624587
0 0.4707795383 0.0535559033 0.0220070423 0.0652060511
0 0.4336120892 0.0551263766 0.0298317684 0.0382542167
0 0.4161336637 0.0960013991 0.0278755869 0.0391236307
0 0.4062255477 0.0505129543 0.0210289515 0.0521648409
0 0.3840248661 0.0833496663 0.0215179969 0.0521648409
0 0.3746821205 0.0379064511 0.0303208138 0.0339071466
0 0.3037705399 0.2235263432 0.0224960876 0.0573813250
0 0.3084164710 0.1791862285 0.0317879499 0.0365153886
0 0.2785847027 0.1930968527 0.0268974961 0.0573813250
0 0.3243104460 0.2283081203 0.0185837246 0.0669448792
0 0.2976574726 0.1335419927 0.0190727700 0.0582507390
0 0.2822334618 0.1191750517 0.0228805395 0.0560194105
0 0.2900772692 0.0692053556 0.0283646322 0.0530342549
0 0.6661531690 0.5456442358 0.0264084507 0.0617283951
0 0.6727552817 0.4534863502 0.0190727700 0.0652060511
0 0.6950068466 0.4508781082 0.0224960876 0.0617283951
0 0.6866930751 0.3982785603 0.0273865415 0.0417318727
0 0.7285064554 0.3356807512 0.0259194053 0.0486871848
0 0.7309516823 0.2796035472 0.0347222222 0.0339071466
0 0.7920823552 0.2326551904 0.0278755869 0.0565119110
0 0.7536922926 0.2157016171 0.0234741784 0.0556424970
0 0.7478237480 0.1561467571 0.0195618153 0.0547730829
0 0.7686081768 0.1418014258 0.0220070423 0.0573813250
0 0.6826701115 0.0636908585 0.0234282421 0.0610147720
0 0.7272838419 0.2187445662 0.0244522692 0.0356459746
0 0.7629841549 0.2904712224 0.0185837246 0.0730307773
0 0.7788781299 0.2869935663 0.0180946792 0.0539036689
0 0.7779000391 0.1096331073 0.0239632238 0.0521648409
0 0.7453785211 0.0718135976 0.0234741784 0.0530342549
0 0.7126124804 0.0600765084 0.0215179969 0.0591201530
0 0.7703198357 0.0487741262 0.0156494523 0.0486871848
0 0.8224031690 0.1183272474 0.0259194053 0.0434707007
0 0.8700850939 0.1478873239 0.0146713615 0.0625978091
0 0.8527239828 0.2030951139 0.0259194053 0.0408624587
0 0.8150674883 0.2165710311 0.0200508607 0.0660754651
0 0.7920823552 0.3187271779 0.0239632238 0.0512954269
0 0.8791324335 0.2648235090 0.0220070423 0.0634672231
0 0.8678843897 0.3204660059 0.0249413146 0.0495565989
0 0.8294943271 0.3548078595 0.0176056338 0.0625978091
0 0.8219141236 0.4469657451 0.0200508607 0.0573813250
0 0.7930604460 0.4404451400 0.0278755869 0.0495565989
0 0.7595608372 0.4487045731 0.0205399061 0.0591201530
0 0.7358421362 0.4278386368 0.0190727700 0.0660754651
0 0.7783890845 0.3756737959 0.0200508607 0.0608589810
0 0.8053293367 0.3710558506 0.0191582822 0.0509677633
0 0.8162901017 0.2817770822 0.0224960876 0.0747696053
0 0.7441559077 0.5099982612 0.0268974961 0.0512954269
0 0.7720314945 0.4943488089 0.0220070423 0.0634672231
0 0.7898816510 0.4952182229 0.0176056338 0.0565119110
0 0.8121332160 0.5234741784 0.0171165884 0.0556424970
0 0.8395197574 0.4786993566 0.0190727700 0.0582507390
0 0.7771664710 0.5634672231 0.0224960876 0.0678142932
0 0.7399990219 0.5747696053 0.0215179969 0.0556424970
0 0.7111453443 0.5895496435 0.0283646322 0.0556424970
0 0.7485573161 0.6591027647 0.0239632238 0.0730307773
0 0.7546703834 0.6964875674 0.0234741784 0.0486871848
0 0.7842576291 0.6743175100 0.0190727700 0.0739001913
0 0.8522349374 0.6673621979 0.0171165884 0.0652060511
0 0.8466109155 0.3482872544 0.0156494523 0.0634672231
0 0.8510123239 0.3852373500 0.0234741784 0.0504260129
0 0.8901359546 0.4065379934 0.0205399061 0.0495565989
0 0.9219239045 0.4147974265 0.0254303599 0.0417318727
0 0.8705741393 0.4730481655 0.0303208138 0.0399930447
0 0.8507678013 0.5213006434 0.0161384977 0.0495565989
0 0.9004059077 0.4608763693 0.0224960876 0.0521648409
0 0.8969825900 0.3326378021 0.0205399061 0.0565119110
0 0.8726041723 0.3683219706 0.0206876091 0.0444165026
0 0.8960044992 0.2248304643 0.0195618153 0.0495565989
0 0.2533988654 0.6838810642 0.0185837246 0.0634672231
0 0.2922779734 0.4821770127 0.0220070423 0.0512954269
0 0.3133069249 0.4300121718 0.0151604069 0.0599895670
0 0.2937451095 0.4100156495 0.0200508607 0.0582507390
0 0.2712490219 0.3908885411 0.0200508607 0.0617283951
0 0.2526652973 0.3948009042 0.0268974961 0.0312989045
0 0.2925224961 0.3448095983 0.0264084507 0.0773778473
0 0.2780956573 0.3187271779 0.0298317684 0.0373848026
0 0.2371448202 0.2402492454 0.0271554463 0.0386622884
0 0.2123190532 0.1209354895 0.0224960876 0.0573813250
0 0.1714837637 0.1478873239 0.0239632238 0.0469483568
0 0.1607032105 0.1963249920 0.0288967871 0.0412328391
0 0.1355389280 0.2461311076 0.0185837246 0.0452095288
0 0.0890796166 0.1996174578 0.0195618153 0.0495565989
0 0.0878570031 0.2630846809 0.0200508607 0.0547730829
0 0.1269806338 0.1774474005 0.0200508607 0.0556424970
0 0.2136536807 0.0469817765 0.0251653426 0.0416248293
0 0.0956817293 0.6534515736 0.0220070423 0.0565119110
0 0.1228237480 0.7273517649 0.0234741784 0.0391236307
0 0.2433734351 0.6260650322 0.0220070423 0.0417318727
0 0.2335925274 0.6751869240 0.0190727700 0.0582507390
0 0.6996527778 0.8760215615 0.0210289515 0.0582507390
0 0.7651848592 0.7899495740 0.0180946792 0.0565119110
0 0.7529587246 0.8142931664 0.0171165884 0.0547730829
0 0.7825459703 0.7399582681 0.0224960876 0.0521648409
0 0.8057756260 0.7099634846 0.0171165884 0.0582507390
0 0.8243593505 0.7395235611 0.0200508607 0.0495565989
0 0.8275978628 0.7915130116 0.0235936129 0.0422505058
0 0.8050095491 0.6134007355 0.0288536776 0.0399930447
0 0.8197134194 0.5782472613 0.0283646322 0.0330377326
0 0.8698405712 0.5504260129 0.0161384977 0.0591201530
0 0.8884242958 0.5256477134 0.0200508607 0.0582507390
0 0.8732638889 0.6238914971 0.0229851330 0.0339071466
0 0.8791324335 0.6521474526 0.0249413146 0.0330377326
0 0.8309614632 0.6856198922 0.0215179969 0.0530342549
0 0.8522349374 0.7403929751 0.0210289515 0.0478177708
0 0.9082306338 0.5686837072 0.0224960876 0.0347765606
0 0.9241246088 0.6047643888 0.0190727700 0.0547730829
0 0.7964837637 0.1722309164 0.0278755869 0.0399930447
0 0.8038194444 0.1287602156 0.0210289515 0.0521648409
0 0.7996625587 0.0735524257 0.0273865415 0.0373848026
0 0.9507775822 0.5373848026 0.0146713615 0.0608589810
0 0.9612920579 0.4704399235 0.0151604069 0.0591201530
0 0.9781641236 0.4613110763 0.0176056338 0.0426012867
0 0.1015502739 0.5021735350 0.0190727700 0.0495565989
0 0.1220901800 0.3961050252 0.0190727700 0.0373848026
0 0.1061962050 0.3730655538 0.0166275430 0.0486871848
0 0.1247799296 0.3322030951 0.0166275430 0.0643366371
0 0.1255134977 0.2878629804 0.0200508607 0.0434707007
0 0.1514329030 0.1500608590 0.0180946792 0.0634672231
0 0.0619375978 0.5121717962 0.0200508607 0.0521648409
0 0.0861365104 0.4275200191 0.0166452109 0.0480499496
0 0.2273402376 0.1741240277 0.0234826590 0.0388924570
0 0.2365267997 0.1213701965 0.0151604069 0.0512954269
0 0.2541324335 0.1022430882 0.0171165884 0.0617283951
0 0.1223347027 0.1270213876 0.0244522692 0.0312989045
0 0.1856660798 0.0709441836 0.0151604069 0.0512954269
0 0.1599982643 0.0809424448 0.0288536776 0.0347765606
0 0.1321156103 0.0744218397 0.0166275430 0.0426012867
0 0.0951926839 0.0800730308 0.0141823161 0.0382542167
0 0.1037509781 0.3300295601 0.0205399061 0.0443401148
0 0.0770980047 0.1452790819 0.0210289515 0.0278212485
0 0.0685397105 0.1909233177 0.0146713615 0.0530342549
0 0.0455545775 0.0913754130 0.0166275430 0.0452095288
0 0.9462436650 0.2805639230 0.0131003385 0.0443813240
0 0.9128765649 0.1835332986 0.0229851330 0.0434707007
0 0.9001613850 0.1348461137 0.0190727700 0.0347765606
0 0.9471807664 0.1451426392 0.0208869022 0.0379813312
0 0.9297486307 0.1257172666 0.0205399061 0.0269518345
0 0.9678941706 0.1835332986 0.0176056338 0.0382542167
0 0.9725401017 0.2217875152 0.0180946792 0.0417318727
0 0.9828100548 0.2591723179 0.0171165884 0.0573813250
0 0.9639818075 0.2848200313 0.0146713615 0.0495565989
0 0.9126320423 0.1113719353 0.0127151800 0.0434707007
0 0.9113479448 0.4915078855 0.0130459216 0.0438878185
0 0.9182560642 0.5230394714 0.0171165884 0.0512954269
0 0.9295041080 0.5569466180 0.0220070423 0.0373848026
0 0.8490561424 0.1257172666 0.0156494523 0.0530342549
0 0.7397544992 0.0239958268 0.0278755869 0.0269518345
0 0.2512352636 0.1819784044 0.0230593379 0.0674464255
0 0.6392556729 0.5439054078 0.0185837246 0.0756390193
0 0.2208773474 0.1557120501 0.0229851330 0.0399930447
0 0.8798660016 0.5930272996 0.0146713615 0.0556424970
0 0.6903609155 0.9103634151 0.0249413146 0.0417318727
0 0.6705545775 0.9807859503 0.0215179969 0.0312989045
0 0.7737431534 0.9034081029 0.0234741784 0.0573813250
0 0.8062646714 0.8868892367 0.0239632238 0.0573813250
0 0.0855598326 0.4793481506 0.0138862034 0.0421600466
0 0.3301789906 0.0357329160 0.0264084507 0.0417318727
0 0.9678941706 0.5286906625 0.0185837246 0.0643366371
0 0.4365767502 0.3698351531 0.0224791265 0.0403197031
0 0.4353237480 0.3965397322 0.0224960876 0.0417318727
0 0.9444199922 0.4752217006 0.0166275430 0.0426012867
0 0.9417302426 0.4487045731 0.0210289515 0.0434707007
0 0.9292595853 0.2365675535 0.0146713615 0.0452095288
0 0.9350973879 0.2933940617 0.0127766640 0.0458387232
0 0.9165444053 0.3487219614 0.0156494523 0.0521648409
0 0.9334164710 0.3765432099 0.0141823161 0.0556424970
0 0.9414857199 0.3617631716 0.0117370892 0.0399930447
0 0.9522447183 0.3665449487 0.0117370892 0.0426012867
0 0.9605584898 0.3891497131 0.0136932707 0.0512954269
0 0.9683832160 0.3456790123 0.0185837246 0.0391236307
0 0.9840326682 0.3761085029 0.0156494523 0.0547730829
0 0.0487114644 0.1637764933 0.0140494541 0.0392492685
0 0.0573418433 0.3273745807 0.0188664098 0.0353243417
0 0.2696893064 0.6929279954 0.0140494541 0.0531649183
0 0.8445126846 0.7887318918 0.0190671162 0.0299721687
0 0.9462708735 0.3180974809 0.0182642903 0.0510240491
0 0.9647358703 0.1441518590 0.0130459216 0.0399628916
0 0.9393464997 0.1034753443 0.0168593449 0.0264040534
