0 0.0956049926 0.0928139158 0.0181060526 0.0482994920 0.1002304588 0.0809550161 2 0.0937791506 0.0974950604 2
0 0.1120283019 0.0911949686 0.0117924528 0.0428022362 0.1149801936 0.0807771809 2 0.1109751127 0.1023410452 2
0 0.1152577421 0.1429591816 0.0177954356 0.0447636745 0.1213344789 0.1314485224 2 0.1119064801 0.1503609317 2
0 0.1231234681 0.1075190297 0.0202971814 0.0299238142 0.1300787843 0.1009390789 2 0.1195314322 0.1062570971 2
0 0.1518379015 0.0925326927 0.0183080808 0.0364758698 0.1501377137 0.0988217368 2 0.1526085966 0.0896818690 2
0 0.1441877414 0.1275000987 0.0294349747 0.0306449248 0.1344540528 0.1247363140 2 0.1430762467 0.1227633588 2
0 0.1870127917 0.1879867478 0.0162146226 0.0462962963 0.1868080305 0.1960819985 2 0.1879219801 0.1759483906 2
0 0.1673296103 0.1892572135 0.0255503145 0.0349406010 0.1610325028 0.1996146059 2 0.1701576152 0.1824216118 2
0 0.1707045391 0.1602203584 0.0220168477 0.0360059553 0.1655949447 0.1716135485 2 0.1730207183 0.1550558254 2
0 0.1758453936 0.1100883148 0.0238878446 0.0480367586 0.1843654839 0.0943204132 2 0.1782688182 0.1187070759 2
0 0.2053388293 0.2221618985 0.0148697530 0.0425558853 0.2084047481 0.2350641795 2 0.2039490483 0.2163132945 2
0 0.1942210894 0.3381832743 0.0142492138 0.0497903564 0.1925969134 0.3206217612 2 0.1949573283 0.3461439081 2
0 0.2892644046 0.2620506536 0.0326844260 0.0313180828 0.2783613806 0.2591066456 2 0.2957083933 0.2587105763 2
0 0.2751717705 0.2967741119 0.0195530998 0.0435705125 0.2721969188 0.2809922262 2 0.2765202708 0.3039280407 2
0 0.2554203053 0.2930651600 0.0187130530 0.0562532035 0.2603037174 0.2690415047 2 0.2532066546 0.3039550830 2
0 0.1207941729 0.4456070732 0.0150767544 0.0402046784 0.1200356775 0.4319042335 2 0.1201969070 0.4552168321 2
0 0.1249693335 0.4928938593 0.0121166375 0.0616372286 0.1259322060 0.4677848913 2 0.1245328634 0.5042757544 2
0 0.0764422875 0.7310333402 0.0209476967 0.0345127016 0.0800451083 0.7392037906 2 0.0722795118 0.7248924921 2
0 0.1884594298 0.5140107212 0.0150767544 0.0560428850 0.1925637069 0.4963244601 2 0.1869026351 0.5207193030 2
0 0.2473619763 0.6199189439 0.0245068165 0.0575017054 0.2533455424 0.6076998315 2 0.2446496258 0.6254578675 2
0 0.3157184223 0.5898410018 0.0348227339 0.0489684860 0.3249068572 0.6002281743 2 0.3115533048 0.5851324965 2
0 0.3029797091 0.5150471588 0.0199786246 0.0566712114 0.2988671985 0.5370772842 2 0.3009883287 0.5097382729 2
0 0.2408482615 0.4151772294 0.0184289791 0.0642238545 0.2396151921 0.3986298190 2 0.2419331574 0.4274756091 2
0 0.2626156940 0.4202593877 0.0160091969 0.0554136141 0.2636541194 0.4406154629 2 0.2621449758 0.4110319788 2
0 0.2582363043 0.7866889701 0.0154626649 0.0588286121 0.2588613812 0.7701466933 2 0.2573615241 0.8031268699 2
0 0.2520411416 0.7500894973 0.0207830455 0.0362260783 0.2477646642 0.7348318683 2 0.2568429241 0.7597456690 2
0 0.1362379449 0.7551907581 0.0159904971 0.0487329435 0.1324409618 0.7407816497 2 0.1349815487 0.7632488337 2
0 0.1694535819 0.8746057560 0.0155336257 0.0462962963 0.1728477842 0.8590467678 2 0.1724145816 0.8856715390 2
0 0.1693851523 0.9124789768 0.0204331736 0.0274822069 0.1612169856 0.9141611108 2 0.1733767963 0.9101905604 2
0 0.0801802547 0.7753873840 0.0133806268 0.0385199257 0.0829617093 0.7894460584 2 0.0806089848 0.7693988537 2
0 0.2926569836 0.7784689619 0.0213468310 0.0533907147 0.2877806977 0.7680193200 2 0.2967798519 0.7902486742 2
0 0.3159217481 0.7198794542 0.0158946184 0.0533271102 0.3158882682 0.7024645030 2 0.3159369246 0.7277736516 2
0 0.3391812865 0.8231806368 0.0214729532 0.0430474334 0.3350075124 0.8156366414 2 0.3415465498 0.8325758621 2
0 0.3630475427 0.8662468136 0.0301535088 0.0324886290 0.3672434979 0.8637102884 2 0.3582359243 0.8696181684 2
0 0.3787542245 0.9253708977 0.0195848093 0.0562306613 0.3810060826 0.9044688064 2 0.3777334572 0.9348458157 2
0 0.3075570273 0.8966593482 0.0206618074 0.0398065636 0.3145669410 0.8913105493 2 0.3037206906 0.9023898377 2
0 0.2780920060 0.9351013910 0.0287518854 0.0201106083 0.2900146991 0.9419769530 2 0.2726874493 0.9319846987 2
0 0.2132320234 0.9602286424 0.0307818352 0.0298238313 0.1996605194 0.9573558477 2 0.2193839862 0.9615308802 2
0 0.3242328668 0.9616360397 0.0242141813 0.0503573749 0.3195262704 0.9529774150 2 0.3273916658 0.9754499730 2
0 0.3351017405 0.8986204983 0.0180149098 0.0622736905 0.3327398312 0.8806516972 2 0.3361723940 0.9067657559 2
0 0.4471153846 0.8001181294 0.0256410256 0.0464873880 0.4537323755 0.7852621930 2 0.4441159026 0.8068523254 2
0 0.5452288287 0.9634736485 0.0265295221 0.0417136717 0.5364798317 0.9571043191 2 0.5483712936 0.9691121051 2
0 0.5928374288 0.9412613693 0.0313390313 0.0310575083 0.5846510059 0.9438027870 2 0.6009023536 0.9409551032 2
0 0.6196899781 0.9216248744 0.0201009513 0.0576741612 0.6240015172 0.9068198845 2 0.6179880547 0.9274689493 2
0 0.5844191554 0.7665393466 0.0393379269 0.0411923089 0.6006175280 0.7693674020 2 0.5770764332 0.7652573891 2
0 0.4669783184 0.4579478349 0.0164034454 0.0519267626 0.4668749634 0.4427356857 2 0.4670191165 0.4639526306 2
0 0.4433782409 0.5372291444 0.0329559225 0.0514198096 0.4565663447 0.5221524230 2 0.4374000734 0.5440634222 2
0 0.4092131541 0.6062093857 0.0205159994 0.0713931304 0.4126126796 0.6309085585 2 0.4097541233 0.5974854438 2
0 0.4603365385 0.5997150997 0.0192307692 0.0584045584 0.4669296349 0.5766169851 2 0.4573478878 0.6101854750 2
0 0.3726689295 0.6411346984 0.0336255557 0.0471494530 0.3599328630 0.6393185496 2 0.3797227244 0.6462928369 2
0 0.3807326290 0.5423261581 0.0242857708 0.0606468292 0.3760302653 0.5579750001 2 0.3826779245 0.5298710749 2
0 0.3488096299 0.4924313421 0.0316276329 0.0551798184 0.3595399098 0.4736352791 2 0.3439455940 0.5009515974 2
0 0.3374229118 0.5601222495 0.0242412551 0.0515546411 0.3455868074 0.5768041577 2 0.3342003214 0.5535372857 2
0 0.3563290771 0.4249850515 0.0216525453 0.0545883015 0.3573574263 0.4173145815 2 0.3538916988 0.4365462325 2
0 0.2830345291 0.4687585165 0.0240438482 0.0391097864 0.2751946714 0.4585356111 2 0.2809726359 0.4597088538 2
0 0.3037078070 0.3767855702 0.0247710786 0.0603823479 0.3086634595 0.3600372359 2 0.3020589611 0.3877743540 2
0 0.3666692884 0.2885635123 0.0189845647 0.0570323146 0.3619240185 0.3052790809 2 0.3681427868 0.2740045502 2
0 0.3329312627 0.3492887204 0.0315072016 0.0285779607 0.3257430812 0.3456615177 2 0.3385344665 0.3494230613 2
0 0.2989258593 0.3311217693 0.0248251399 0.0345323741 0.3059172128 0.3209011242 2 0.2922285434 0.3306570056 2
0 0.3081766230 0.2981580084 0.0277134774 0.0307850586 0.3195079630 0.3071224750 2 0.3030401266 0.2940944157 2
0 0.3764045061 0.2000500822 0.0246113309 0.0586416656 0.3824573678 0.2157389575 2 0.3736607439 0.1929383150 2
0 0.4025008631 0.1696832429 0.0155685630 0.0620305871 0.4023026488 0.1842150283 2 0.4040600317 0.1572387986 2
0 0.4186498079 0.1658909840 0.0190116587 0.0520687945 0.4204815905 0.1513617116 2 0.4177304636 0.1748718612 2
0 0.4181152562 0.2341685657 0.0288699604 0.0534435144 0.4277424837 0.2162479075 2 0.4137512340 0.2422920001 2
0 0.4246675803 0.3467290917 0.0211661314 0.0627463884 0.4221341796 0.3629842333 2 0.4306894886 0.3362286148 2
0 0.4227615248 0.4471368532 0.0284426714 0.0564749146 0.4172330218 0.4231792378 2 0.4292766124 0.4542689328 2
0 0.4957958846 0.4084957782 0.0341200240 0.0452057294 0.4867248572 0.4174746158 2 0.4999077813 0.4044256711 2
0 0.4988238725 0.2918634097 0.0272490640 0.0597583924 0.5073198893 0.2777188102 2 0.4932827180 0.3057381182 2
0 0.5248260518 0.6036244277 0.0176503855 0.0636702118 0.5240184107 0.5841935137 2 0.5247844051 0.6121854082 2
0 0.5612424747 0.6324493349 0.0216450216 0.0529100529 0.5552775386 0.6164873172 2 0.5639463802 0.6396849175 2
0 0.5844904547 0.6953463203 0.0363031831 0.0342712843 0.5964303010 0.6863470597 2 0.5776318665 0.6969102403 2
0 0.5459665698 0.6839519409 0.0175629845 0.0737510767 0.5442989843 0.7021057825 2 0.5465966853 0.6624961263 2
0 0.5953206659 0.7174855618 0.0249035399 0.0474539767 0.6028307300 0.7067485719 2 0.5919163539 0.7223526393 2
0 0.5841586084 0.6412380183 0.0281789952 0.0378702837 0.5754176483 0.6315575468 2 0.5878048549 0.6460066317 2
0 0.6228085660 0.6033687001 0.0292361658 0.0344151612 0.6297597866 0.5956389554 2 0.6158375182 0.6116148320 2
0 0.6222716386 0.7151549780 0.0192701574 0.0577132077 0.6212570569 0.7355328972 2 0.6209203355 0.7027537702 2
0 0.6275679138 0.6493685796 0.0356688257 0.0435087848 0.6160831312 0.6554252113 2 0.6327739657 0.6466231084 2
0 0.6626773050 0.6579327555 0.0347222222 0.0420278434 0.6517994208 0.6476439024 2 0.6676082498 0.6625966925 2
0 0.6511734701 0.6921046841 0.0348280008 0.0590530431 0.6421816237 0.6771635820 2 0.6552494740 0.6988774857 2
0 0.6609657245 0.7815195208 0.0217543942 0.0390545541 0.6538349773 0.7920162743 2 0.6641980922 0.7767613425 2
0 0.6962553381 0.8380624395 0.0235507246 0.0426731079 0.6881259667 0.8489857950 2 0.7023329004 0.8308647439 2
0 0.7322849608 0.7663597707 0.0211720867 0.0624811804 0.7377958417 0.7533794837 2 0.7292766931 0.7799577424 2
0 0.7873052168 0.8570460705 0.0182079946 0.0398976212 0.7813258532 0.8527396305 2 0.7926323916 0.8660135539 2
0 0.7957020226 0.8321886006 0.0190188945 0.0516221629 0.7914581347 0.8182434432 2 0.7980728952 0.8367835942 2
0 0.8182147912 0.8308641975 0.0218462491 0.0407407407 0.8273372476 0.8175223179 2 0.8140795818 0.8369120716 2
0 0.8417555170 0.7841405474 0.0152439024 0.0579644685 0.8428966682 0.7663131674 2 0.8412382332 0.7922216988 2
0 0.7814476061 0.7905426549 0.0189137308 0.0589534218 0.7833515148 0.7744702586 2 0.7809808914 0.8032280253 2
0 0.6444833473 0.9014926298 0.0253448997 0.0574136009 0.6384952533 0.9183537818 2 0.6470383678 0.8955684412 2
0 0.6816953991 0.4661224476 0.0277426501 0.0445161796 0.6866823175 0.4565697279 2 0.6765443421 0.4720191005 2
0 0.6543200829 0.4244579946 0.0241850375 0.0584914182 0.6578729692 0.4087096954 2 0.6529176277 0.4306744285 2
0 0.7162768799 0.4775153889 0.0301844788 0.0398857074 0.7278306720 0.4748342080 2 0.7110395460 0.4787307682 2
0 0.7202478214 0.5230659020 0.0183823529 0.0601378644 0.7250334588 0.5044271656 2 0.7203709164 0.5371542828 2
0 0.7610038707 0.5428198526 0.0223959140 0.0546320063 0.7569746266 0.5586044518 2 0.7656650494 0.5303017489 2
0 0.7428674953 0.5038882998 0.0200427520 0.0352493901 0.7498448283 0.4941570873 2 0.7379143407 0.5145045391 2
0 0.7967130829 0.6030512378 0.0272560449 0.0479754366 0.7876208837 0.5877201082 2 0.8008345768 0.6100008388 2
0 0.7994560585 0.5682199901 0.0263534217 0.0471816266 0.7934400249 0.5555167527 2 0.8049403923 0.5750124401 2
0 0.7822239160 0.5179162903 0.0165142276 0.0496838302 0.7794214547 0.5365174316 2 0.7827915775 0.5152691623 2
0 0.7975697400 0.5127458987 0.0157763885 0.0619197975 0.8035959206 0.4882575605 2 0.7948380723 0.5238464623 2
0 0.7701239883 0.4555652812 0.0200954712 0.0632097910 0.7718470031 0.4400302133 2 0.7693429458 0.4626073275 2
0 0.7465126596 0.4193048160 0.0210786632 0.0511806006 0.7397262887 0.3999073183 2 0.7494479455 0.4263080931 2
0 0.7619481143 0.3995304805 0.0181091915 0.0490609610 0.7631534719 0.3805135115 2 0.7597353047 0.4041916637 2
0 0.7786246612 0.4031165312 0.0169376694 0.0579644685 0.7751854047 0.3902480886 2 0.7801836762 0.4089497962 2
0 0.8300564577 0.4614258503 0.0241701728 0.0308520031 0.8393757950 0.4555880048 2 0.8251533196 0.4642765281 2
0 0.8391249255 0.4360923386 0.0280001491 0.0376918660 0.8284851936 0.4265287751 2 0.8461883041 0.4367788942 2
0 0.8224532958 0.5835288285 0.0127032520 0.0511894008 0.8209252508 0.5952775746 2 0.8258519873 0.5697315333 2
0 0.8364244580 0.5676001204 0.0105860434 0.0436615477 0.8356086613 0.5783261890 2 0.8367464830 0.5633661460 2
0 0.8480691057 0.5822794339 0.0143970190 0.0504366155 0.8508252154 0.5685110985 2 0.8486737800 0.5872127884 2
0 0.8633130081 0.5901836796 0.0118563686 0.0602228245 0.8629852023 0.5727451734 2 0.8634424052 0.5970673005 2
0 0.8647392365 0.6654779528 0.0118563686 0.0511894008 0.8650031712 0.6828224984 2 0.8646195862 0.6576150922 2
0 0.7354342712 0.7004311194 0.0186327700 0.0490697470 0.7312912945 0.6862221696 2 0.7371084104 0.7100913701 2
0 0.6976250261 0.6060487039 0.0248304305 0.0486065586 0.7033126926 0.5877264714 2 0.6950468069 0.6143541719 2
0 0.7419357721 0.6574993059 0.0208710031 0.0595873563 0.7451990629 0.6697594611 2 0.7392816711 0.6420048940 2
0 0.7691408947 0.7153353100 0.0207486450 0.0609756098 0.7636250904 0.7327782563 2 0.7723000236 0.7041168412 2
0 0.8010201887 0.7194295319 0.0222222222 0.0551641072 0.7968803108 0.7339258412 2 0.8053029401 0.7130819889 2
0 0.8052411417 0.7708515602 0.0200951444 0.0503062117 0.8081896679 0.7541840411 2 0.8093328551 0.7675735271 2
0 0.8339625392 0.7597852505 0.0184404541 0.0470725762 0.8309961921 0.7711195790 2 0.8367933849 0.7513462209 2
0 0.8843274069 0.7355842728 0.0210433489 0.0406424781 0.8790768473 0.7264891625 2 0.8878659608 0.7445595743 2
0 0.8728788562 0.8217088754 0.0118930446 0.0474408856 0.8730643205 0.8315198511 2 0.8736190839 0.8053688751 2
0 0.8876609079 0.8107497742 0.0232892954 0.0436615477 0.8823429272 0.8176303135 2 0.8931306501 0.8055685677 2
0 0.9105219068 0.8234953404 0.0148107512 0.0465691210 0.9114385478 0.8122190505 2 0.9095656137 0.8327449771 2
0 0.8582147696 0.9320009033 0.0169037940 0.0405450166 0.8645953396 0.9158696137 2 0.8553224573 0.9393132169 2
0 0.8773057273 0.6222845590 0.0119410569 0.0554055141 0.8800315078 0.6380293104 2 0.8760701309 0.6151474632 2
0 0.9009658264 0.6373052308 0.0119233608 0.0566038372 0.9018538835 0.6224486411 2 0.9020432153 0.6441160991 2
0 0.9212717968 0.6236912126 0.0135501355 0.0474254743 0.9195807151 0.6152600172 2 0.9215688257 0.6314862127 2
0 0.8232143615 0.5043385413 0.0324928457 0.0447609607 0.8146369287 0.5077686245 2 0.8271025117 0.4946203127 2
0 0.8447993267 0.5379463882 0.0125181368 0.0524441540 0.8469481621 0.5538466381 2 0.8441878175 0.5300423762 2
0 0.8565014368 0.4910600255 0.0118534483 0.0625798212 0.8568651564 0.4700285657 2 0.8563369906 0.5043820322 2
0 0.8677143664 0.4662258130 0.0157569040 0.0565912523 0.8653299830 0.4509725339 2 0.8684915651 0.4805592153 2
0 0.8754054789 0.5234887238 0.0143970190 0.0421057914 0.8734270753 0.5386865044 2 0.8782218996 0.5149414883 2
0 0.8927422087 0.5152815417 0.0165142276 0.0519421861 0.8963171930 0.5275139969 2 0.8896163272 0.5043672639 2
0 0.8828174305 0.5515080455 0.0224424119 0.0248419151 0.8784508879 0.5513449788 2 0.8881533613 0.5506542368 2
0 0.9070267312 0.5689927733 0.0141985702 0.0453929539 0.9103349292 0.5815900933 2 0.9054866370 0.5646753747 2
0 0.9222261152 0.5728038899 0.0148702774 0.0372997739 0.9277867038 0.5631048850 2 0.9197055004 0.5772004488 2
0 0.9372855900 0.5520911239 0.0119622476 0.0432396839 0.9356438144 0.5639676512 2 0.9383603883 0.5419926026 2
0 0.9306412264 0.6205343763 0.0186314363 0.0331225534 0.9258309872 0.6290820700 2 0.9328217078 0.6166597067 2
0 0.9510484749 0.6051803437 0.0122549020 0.0363108206 0.9526799767 0.5961699448 2 0.9515636002 0.6119610098 2
0 0.9614788010 0.5675498752 0.0199558099 0.0246971432 0.9558904433 0.5589865541 2 0.9646013127 0.5677315743 2
0 0.9375382788 0.4963377567 0.0114329268 0.0504366155 0.9363691731 0.4781887256 2 0.9380682344 0.5045647126 2
0 0.9579522358 0.4998494429 0.0139735772 0.0496838302 0.9572113160 0.5142429428 2 0.9601864625 0.4941324965 2
0 0.9266960337 0.5382209025 0.0187228921 0.0247830957 0.9209810902 0.5380332147 2 0.9279930954 0.5360410809 2
0 0.9103287001 0.5126118178 0.0135501355 0.0459199036 0.9117341563 0.5267522672 2 0.9077442645 0.4985979537 2
0 0.9067751853 0.4482329125 0.0121317828 0.0378129242 0.9092816990 0.4361363282 2 0.9072856749 0.4525084328 2
0 0.8925608407 0.4516339900 0.0124446903 0.0537133376 0.8935110755 0.4720037011 2 0.8921300676 0.4423997210 2
0 0.8783589517 0.4144195999 0.0126176085 0.0421047530 0.8762145610 0.4025508394 2 0.8792054218 0.4191046370 2
0 0.9010963978 0.3995075260 0.0149530083 0.0613423146 0.9028322783 0.3787955995 2 0.9020351482 0.4085060593 2
0 0.9321222900 0.4068804577 0.0215955285 0.0293586269 0.9269962546 0.4128517450 2 0.9341457250 0.4045233706 2
0 0.9218710638 0.4727811446 0.0236007300 0.0236508145 0.9148880404 0.4737816551 2 0.9270717119 0.4713199340 2
0 0.9517394804 0.4640433718 0.0117152213 0.0243558424 0.9481660480 0.4571896629 2 0.9533593174 0.4671501580 2
0 0.9441400484 0.3834284155 0.0111071041 0.0417736075 0.9424456790 0.3754449708 2 0.9455727432 0.3939095407 2
0 0.9604364273 0.4286861387 0.0157802620 0.0384422363 0.9567970328 0.4228323878 2 0.9616973343 0.4399041139 2
0 0.9782774390 0.4411321891 0.0139735772 0.0451671183 0.9786701772 0.4506400392 2 0.9774022671 0.4332515574 2
0 0.9882283198 0.4618337850 0.0177845528 0.0444143330 0.9912867605 0.4487015813 2 0.9868419286 0.4677866129 2
0 0.9911234319 0.5002489048 0.0148409498 0.0358422939 0.9863457193 0.4914399456 2 0.9932891690 0.5042420060 2
0 0.9725609756 0.3970942487 0.0177845528 0.0398976212 0.9697618728 0.3899433966 2 0.9755218074 0.4035017612 2
0 0.9619622030 0.3681144690 0.0219736282 0.0323220480 0.9550145089 0.3565488571 2 0.9651115928 0.3733571608 2
0 0.9371253688 0.3419258399 0.0209050890 0.0304340345 0.9289997887 0.3450290408 2 0.9408086943 0.3405191589 2
0 0.9558932266 0.3097737523 0.0135501355 0.0566313516 0.9545049254 0.2900685182 2 0.9565225435 0.3187061349 2
0 0.8314634157 0.3895148541 0.0184967796 0.0471073096 0.8343275081 0.3773775573 2 0.8301651227 0.3950166908 2
0 0.8077841151 0.3420929775 0.0228077342 0.0399419027 0.8016972018 0.3318064821 2 0.8110901782 0.3405522600 2
0 0.8042316368 0.3768204263 0.0209439109 0.0402759641 0.7970021001 0.3650046378 2 0.8075087858 0.3821765233 2
0 0.7456448837 0.3074944603 0.0283268044 0.0352168408 0.7545980598 0.3147541294 2 0.7393995134 0.3062831077 2
0 0.7179404322 0.3097799728 0.0152927611 0.0569858476 0.7183692002 0.2948266047 2 0.7177460717 0.3165583346 2
0 0.6961506371 0.3151170261 0.0266966989 0.0475679328 0.6891806926 0.3253790022 2 0.6967685015 0.3064304215 2
0 0.6576927911 0.2949552344 0.0179046056 0.0511415670 0.6566949954 0.2791883586 2 0.6593818240 0.3014978699 2
0 0.7109953704 0.2171986349 0.0201388889 0.0561377095 0.7094851198 0.2050025575 2 0.7116799670 0.2227271169 2
0 0.7693089431 0.2367509786 0.0203252033 0.0459199036 0.7712554267 0.2479450464 2 0.7685706419 0.2325050687 2
0 0.7803061018 0.1565801770 0.0272988506 0.0587484036 0.7747624083 0.1413088812 2 0.7854654868 0.1731167348 2
0 0.7687791061 0.1721425478 0.0206894224 0.0637077466 0.7631254919 0.1490666572 2 0.7713418895 0.1826028489 2
0 0.7856114499 0.2318578741 0.0190548780 0.0391448359 0.7795313522 0.2239784302 2 0.7875998330 0.2390101205 2
0 0.8019592211 0.2401696622 0.0153344314 0.0601605250 0.8038491333 0.2173778588 2 0.8030371500 0.2481157696 2
0 0.8406588753 0.1656127672 0.0156673442 0.0526949714 0.8415544224 0.1808377069 2 0.8403191943 0.1598379476 2
0 0.8208260071 0.2379145099 0.0188280343 0.0425054846 0.8222421851 0.2527207217 2 0.8155943900 0.2298922057 2
0 0.8649472144 0.1826506375 0.0243396661 0.0330378651 0.8600750457 0.1861768558 2 0.8734872747 0.1774057462 2
0 0.7575522079 0.2562422138 0.0179838195 0.0382296851 0.7524322309 0.2655017151 2 0.7590399380 0.2571650852 2
0 0.8606477130 0.3235375012 0.0291744987 0.0316356631 0.8505770957 0.3309443868 2 0.8652151128 0.3251889615 2
0 0.8734059400 0.2976744324 0.0261869615 0.0457063379 0.8647578045 0.2920062732 2 0.8800119200 0.3064108316 2
0 0.8810594431 0.2658490457 0.0233477011 0.0383141762 0.8740835725 0.2715046833 2 0.8832926426 0.2693378433 2
0 0.9098915989 0.2386329419 0.0169376694 0.0511894008 0.9072805091 0.2524497008 2 0.9117966842 0.2288500246 2
0 0.8856458614 0.2238322427 0.0138536021 0.0466495790 0.8879428828 0.2369779345 2 0.8841853446 0.2138083479 2
0 0.8963649880 0.1828536418 0.0224424119 0.0248419151 0.8880974846 0.1829255319 2 0.8985766850 0.1873226016 2
0 0.8809752334 0.1545347996 0.0247972185 0.0228041671 0.8739977794 0.1557762599 2 0.8860024872 0.1540639137 2
0 0.8578238593 0.1701373465 0.0211364488 0.0525573016 0.8568559046 0.1801766173 2 0.8612327076 0.1580946302 2
0 0.7413617886 0.1437819934 0.0186314363 0.0587172538 0.7404606869 0.1279556841 2 0.7425696630 0.1499773761 2
0 0.7136934345 0.1541986908 0.0188901371 0.0547108247 0.7164410426 0.1388021702 2 0.7124479438 0.1611779336 2
0 0.7024436395 0.0773037400 0.0147033642 0.0474717922 0.7037470508 0.0876351724 2 0.7033028488 0.0667647314 2
0 0.6906857763 0.1272207167 0.0207486450 0.0421559771 0.6962809301 0.1197144341 2 0.6881571857 0.1377939443 2
0 0.6308486961 0.1345101877 0.0335328710 0.0596833283 0.6244280460 0.1132695565 2 0.6383352402 0.1417066743 2
0 0.7537702920 0.0306723111 0.0139735772 0.0391153149 0.7522703527 0.0222390330 2 0.7544502145 0.0344951161 2
0 0.7221582696 0.0770181869 0.0262533875 0.0293586269 0.7147710780 0.0735767704 2 0.7255068836 0.0785781810 2
0 0.7195500820 0.0986861915 0.0249919769 0.0287484746 0.7252022698 0.1000063584 2 0.7151271979 0.0988655136 2
0 0.6816829692 0.0748237228 0.0199017615 0.0481782596 0.6795333181 0.0637843982 2 0.6826574060 0.0798278486 2
0 0.7716444862 0.1073538326 0.0170090160 0.0443095220 0.7741397347 0.0930943376 2 0.7705133901 0.1138176616 2
0 0.7794877820 0.3096207377 0.0219298246 0.0386928817 0.7841294252 0.2975084928 2 0.7768788452 0.3125895422 2
0 0.7776766981 0.3539359744 0.0264555468 0.0419022156 0.7746060746 0.3622196633 2 0.7836598871 0.3386217793 2
0 0.9171972143 0.1670829127 0.0212816834 0.0367802044 0.9208992890 0.1779329977 2 0.9131840615 0.1618570314 2
0 0.9393207995 0.2118729711 0.0182079946 0.0444143330 0.9423969306 0.2234388518 2 0.9361036687 0.2040181359 2
0 0.9530014493 0.2017317953 0.0176082360 0.0320851835 0.9572238788 0.2109257863 2 0.9515019520 0.1968198953 2
0 0.9548245443 0.2451132278 0.0144744306 0.0417368306 0.9516678654 0.2328718788 2 0.9562554669 0.2506622312 2
0 0.9435441614 0.2676966675 0.0196588015 0.0269046076 0.9377274823 0.2671644144 2 0.9467358658 0.2691916174 2
0 0.9275846026 0.2613039102 0.0125781589 0.0360630133 0.9306174969 0.2525264059 2 0.9272260110 0.2678668987 2
0 0.9274080770 0.2593204559 0.0192677980 0.0309002982 0.9313780436 0.2498274512 2 0.9259540511 0.2677529136 2
0 0.7821689225 0.8919477864 0.0210788217 0.0407957852 0.7768490876 0.8819300810 2 0.7845804036 0.8964888123 2
0 0.8263418517 0.9709935959 0.0364553665 0.0363475432 0.8201017249 0.9859586579 2 0.8325777494 0.9724253432 2
0 0.9038207244 0.8722974864 0.0172045343 0.0405724088 0.9081970881 0.8638686842 2 0.8993025902 0.8829593138 2
0 0.8567455296 0.8774397233 0.0206639566 0.0451054729 0.8615986828 0.8675434105 2 0.8542272598 0.8864833410 2
0 0.8859027721 0.9007866778 0.0205721083 0.0268351826 0.8935843370 0.9076645184 2 0.8805678582 0.9018794167 2
0 0.9905572493 0.8419903643 0.0080453930 0.0398976212 0.9913993912 0.8323743550 2 0.9911860603 0.8511474752 2
0 0.9580938325 0.9115343011 0.0203252033 0.0218307739 0.9524336643 0.9174869990 2 0.9633390082 0.9123519901 2
0 0.6735000827 0.3829140260 0.0260313307 0.0431541586 0.6816522378 0.3776453659 2 0.6691952495 0.3924092039 2
0 0.7097186520 0.4133644363 0.0125442999 0.0587819133 0.7098938173 0.4359356853 2 0.7096392496 0.4031328892 2
0 0.8154219072 0.3045816333 0.0247713415 0.0333391081 0.8096012167 0.2981794892 2 0.8176296951 0.3070099665 2
0 0.5693424380 0.8108139481 0.0162939979 0.0670425247 0.5706932115 0.7895572617 2 0.5668311650 0.8290690158 2
0 0.6902109061 0.9125108577 0.0297896055 0.0269843198 0.6988488549 0.9078376266 2 0.6805327402 0.9163608413 2
0 0.7472788916 0.9515775936 0.0242245653 0.0372084247 0.7432513825 0.9635050837 2 0.7483313393 0.9469451864 2
0 0.7110516489 0.9337194426 0.0291541776 0.0289395217 0.7049620785 0.9396719927 2 0.7184906992 0.9333586363 2
0 0.2332156309 0.8530288763 0.0155131827 0.0579096045 0.2339890781 0.8372826383 2 0.2344183452 0.8718247266 2
0 0.1615415041 0.7602618247 0.0188230450 0.0356466393 0.1684189032 0.7511009235 2 0.1584239791 0.7644144612 2
0 0.1833214120 0.7759267225 0.0198970037 0.0338119018 0.1902449691 0.7727437691 2 0.1801829635 0.7773695552 2
0 0.1114200800 0.8753524609 0.0179790490 0.0484410965 0.1119184470 0.8567703274 2 0.1123069657 0.8842832125 2
0 0.0537605932 0.9584902699 0.0167725989 0.0510043942 0.0570012636 0.9415946914 2 0.0560698255 0.9623968090 2
0 0.1754373400 0.7306810098 0.0207450565 0.0588512241 0.1747878088 0.7213918028 2 0.1748664775 0.7425099939 2
0 0.2012730997 0.5367878480 0.0178357474 0.0449428226 0.2055119452 0.5214350211 2 0.1992066967 0.5471505446 2
0 0.1316531206 0.6594374573 0.0167276851 0.0415954416 0.1276742678 0.6686339495 2 0.1340440743 0.6526357027 2
0 0.1553268396 0.4170313142 0.0151387543 0.0577801347 0.1576127048 0.3947293905 2 0.1542906569 0.4271407762 2
0 0.1385950284 0.4376872461 0.0147322335 0.0505514337 0.1369549181 0.4222599288 2 0.1393384904 0.4446804490 2
0 0.1802406354 0.3833409744 0.0288133609 0.0389499002 0.1906846431 0.3889849699 2 0.1759771270 0.3775457908 2
0 0.2307570977 0.2539372179 0.0202566379 0.0543532330 0.2314766756 0.2700287715 2 0.2305426180 0.2425124990 2
0 0.3974273714 0.1115221654 0.0342848899 0.0464273468 0.3907632957 0.1207895124 2 0.4027948261 0.1009368849 2
0 0.4525845888 0.1350061031 0.0276864487 0.0514232189 0.4634230947 0.1496096236 2 0.4476714940 0.1283863273 2
0 0.4542009967 0.2217087844 0.0219361660 0.0663858608 0.4545011404 0.1978856970 2 0.4558138120 0.2442781984 2
0 0.4399406300 0.2589869281 0.0231518283 0.0605936819 0.4431637796 0.2787979518 2 0.4361979542 0.2498546769 2
0 0.4775762460 0.2336007300 0.0137473881 0.0577119425 0.4764095629 0.2228455719 2 0.4781051035 0.2384760432 2
0 0.5320423864 0.1166459175 0.0362048707 0.0320948753 0.5258451373 0.1164268631 2 0.5393904631 0.1164176931 2
0 0.4799843936 0.0823876711 0.0388418079 0.0353107345 0.4673653121 0.0879418976 2 0.4857046233 0.0798699402 2
0 0.5032559401 0.1015801712 0.0291834489 0.0418015313 0.4975834496 0.1119252697 2 0.5112949308 0.0900723600 2
0 0.3233301740 0.1282991101 0.0271335117 0.0478587791 0.3293879980 0.1149540338 2 0.3205839604 0.1343488781 2
0 0.3414258975 0.0748330639 0.0194209040 0.0541431262 0.3430118806 0.0637136510 2 0.3391036167 0.0873884020 2
0 0.4707496488 0.6104524863 0.0153893288 0.0422951232 0.4765715471 0.5948310318 2 0.4681105823 0.6175336916 2
0 0.5318818934 0.4949618736 0.0208716299 0.0639978214 0.5349305310 0.4733017745 2 0.5304999460 0.5047803966 2
0 0.6413140457 0.5760441292 0.0178526778 0.0516154452 0.6445749554 0.5585292915 2 0.6416236716 0.5812939118 2
0 0.6365036266 0.7601586840 0.0183150609 0.0528384324 0.6314546276 0.7442845523 2 0.6387923378 0.7673544279 2
0 0.7086802844 0.5672262438 0.0235145502 0.0445161876 0.7020947144 0.5549102397 2 0.7116655232 0.5728090885 2
0 0.8086579782 0.1272930562 0.0267486980 0.0430997409 0.7999677545 0.1186892374 2 0.8121474110 0.1344115967 2
0 0.7804844802 0.0735677550 0.0321261682 0.0406715126 0.7729355760 0.0645617767 2 0.7839063984 0.0776501650 2
0 0.1682291667 0.5890432099 0.0260416667 0.0459876543 0.1726837418 0.6000027928 2 0.1662099078 0.5840752309 2
0 0.2838577438 0.6209554335 0.0284526671 0.0501119251 0.2917779497 0.6120330568 2 0.2784923366 0.6301282904 2
0 0.1505772791 0.7169475389 0.0272120787 0.0265293383 0.1599673403 0.7189894688 2 0.1463207643 0.7160219321 2
0 0.7527334014 0.8730180672 0.0188482567 0.0297816946 0.7602213197 0.8669441227 2 0.7493391281 0.8757713863 2
0 0.7529865459 0.6072543857 0.0325810495 0.0574101554 0.7617054433 0.6190413399 2 0.7504333557 0.5926366831 2
0 0.8940435009 0.5897020091 0.0138679253 0.0446913460 0.8917094024 0.5793465445 2 0.8948024434 0.6026106585 2
0 0.6727600763 0.5113773905 0.0330201525 0.0290486565 0.6612662285 0.5156347524 2 0.6779702374 0.5094475283 2
0 0.7502042484 0.3391152459 0.0204248366 0.0261994284 0.7447532812 0.3386306111 2 0.7555343725 0.3388220919 2
0 0.3937917900 0.4518938352 0.0317439255 0.0577245682 0.3849517328 0.4389490539 2 0.3992217689 0.4564618150 2
0 0.5106943127 0.7171791152 0.0260033718 0.0681006042 0.5073045684 0.6910221411 2 0.5121251386 0.7326474036 2
0 0.3555702179 0.3338435242 0.0268279104 0.0400361787 0.3679400010 0.3368125347 2 0.3529232182 0.3329718340 2
0 0.4009870397 0.3486089874 0.0376428693 0.0556506432 0.4108354829 0.3433831326 2 0.3934060260 0.3606898525 2
0 0.5002780488 0.4593447417 0.0295271214 0.0398836492 0.4941962153 0.4566908355 2 0.5065277278 0.4629182579 2
0 0.3351234937 0.7255350287 0.0230529184 0.0428738865 0.3282356989 0.7373838322 2 0.3389527165 0.7202960191 2
0 0.4274595033 0.7508402734 0.0189940592 0.0566859691 0.4292908152 0.7324416843 2 0.4239231428 0.7613266943 2
0 0.1346587312 0.8084475129 0.0282739104 0.0435660797 0.1235869696 0.7932606824 2 0.1396775607 0.8153317031 2
0 0.3281860750 0.1969890398 0.0248069058 0.0495833694 0.3361883296 0.2116109028 2 0.3229356997 0.1905237055 2
0 0.3744208860 0.1567660500 0.0294478396 0.0452387100 0.3842408181 0.1708644214 2 0.3699695107 0.1503752582 2
0 0.4486552404 0.0936817230 0.0318436960 0.0301515036 0.4572423253 0.0881870714 2 0.4427427305 0.0925871503 2
0 0.4172655599 0.3959126575 0.0316400198 0.0393602201 0.4057015365 0.3977943994 2 0.4267153547 0.3961630501 2
0 0.7124470148 0.7088504089 0.0166824495 0.0612794613 0.7127078763 0.6981585409 2 0.7120776923 0.7182549421 2
0 0.5201699053 0.9588982589 0.0206730769 0.0439458689 0.5196290956 0.9444340949 2 0.5200487927 0.9693831264 2
0 0.3781111401 0.0964797828 0.0301128229 0.0303845746 0.3701464792 0.0985888628 2 0.3864130909 0.0915202637 2
0 0.6157301547 0.8743914985 0.0214332091 0.0563961658 0.6192390031 0.8570464610 2 0.6141395937 0.8822540040 2
0 0.8883291575 0.3377589735 0.0129442402 0.0376195231 0.8886089212 0.3305694249 2 0.8891599830 0.3467508262 2
0 0.1524717642 0.6669993440 0.0299704520 0.0203093812 0.1419525527 0.6625516756 2 0.1572401227 0.6690154721 2
0 0.7624563334 0.6667985666 0.0207862579 0.0303017118 0.7546180816 0.6709136077 2 0.7660094130 0.6649332185 2
0 0.1385416667 0.0756172840 0.0236111111 0.0265432099 0.1305968839 0.0794836155 2 0.1442924239 0.0705967317 2
0 0.3512809358 0.2865694194 0.0170138889 0.0358024691 0.3494866683 0.2963181050 2 0.3538458486 0.2764505457 2
0 0.1905533878 0.3020802007 0.0226508932 0.0588297947 0.1950958645 0.2892992600 2 0.1855804109 0.3151631194 2
0 0.2245470947 0.7791285981 0.0303828719 0.0370370370 0.2373223521 0.7817304296 2 0.2187560705 0.7779491879 2
0 0.4996870758 0.5166156300 0.0265957447 0.0630417652 0.4939004959 0.4963227929 2 0.5023101325 0.5258143731 2
0 0.8211137821 0.5384615385 0.0180288462 0.0284900285 0.8152042107 0.5333989397 2 0.8234656890 0.5447395906 2
0 0.7232544319 0.2745868805 0.0255349261 0.0316286950 0.7158472298 0.2728397414 2 0.7266121167 0.2753788587 2
0 0.8695436508 0.3546626984 0.0285218254 0.0292107584 0.8595328871 0.3476877555 2 0.8740815300 0.3578244400 2
0 0.9019714673 0.2907483126 0.0169144605 0.0432668068 0.8958793439 0.2762680048 2 0.9037093693 0.3023384486 2
0 0.7496722028 0.1107226107 0.0229458042 0.0349650350 0.7565918801 0.1158838744 2 0.7469423974 0.1060643243 2
0 0.1678059099 0.3497234170 0.0223171828 0.0510738823 0.1629413975 0.3679119556 2 0.1726911957 0.3381299959 2
0 0.4172602700 0.2874204345 0.0345010616 0.0442321302 0.4048506944 0.2782678386 2 0.4228855306 0.2915693062 2
0 0.6285665884 0.9688863099 0.0138888889 0.0364865927 0.6339490767 0.9585240627 2 0.6266018470 0.9745303588 2
0 0.6706143843 0.8874734607 0.0235536093 0.0448218920 0.6761462036 0.8749156180 2 0.6681068106 0.8931659308 2
0 0.6606154711 0.5797058578 0.0252402924 0.0432201106 0.6513172636 0.5863914910 2 0.6657381963 0.5706708995 2
0 0.9536124795 0.3744754607 0.0169334975 0.0337529648 0.9564108283 0.3815007090 2 0.9499886750 0.3668197106 2
0 0.8203444520 0.2765427583 0.0266525786 0.0294944230 0.8129394846 0.2743957612 2 0.8250208082 0.2772769441 2
0 0.9001253858 0.2074331276 0.0202546296 0.0342935528 0.9047465426 0.2007977163 2 0.8983725810 0.2099499391 2
0 0.5426175387 0.8163549414 0.0125213328 0.0490157990 0.5433798050 0.8010468228 2 0.5422720034 0.8232941115 2
0 0.5392599240 0.9165149124 0.0196081606 0.0414354753 0.5340849737 0.9101128142 2 0.5425571431 0.9263894748 2
0 0.8385942109 0.3173611472 0.0230973644 0.0511960792 0.8448130013 0.3016154329 2 0.8357752333 0.3244986795 2
0 0.6580774854 0.1494476933 0.0169042398 0.0568551007 0.6603357414 0.1645234826 2 0.6594997363 0.1365553128 2
0 0.1791243155 0.2776703928 0.0173134532 0.0461026386 0.1826919237 0.2583419054 2 0.1790012946 0.2890185660 2
0 0.2790052841 0.3909404776 0.0192665635 0.0641089196 0.2838783759 0.3719850789 2 0.2796499448 0.4105296527 2
0 0.3639156044 0.0728823303 0.0265945252 0.0459757525 0.3539642539 0.0854314350 2 0.3684265516 0.0671938211 2
0 0.4577688295 0.3910340395 0.0188608410 0.0713416149 0.4567465034 0.4119855527 2 0.4571833579 0.3762130224 2
0 0.4453475576 0.4300591884 0.0233671171 0.0710710711 0.4417980659 0.4100586270 2 0.4467481885 0.4453577094 2
0 0.2129181338 0.8116849244 0.0194395540 0.0339071466 0.2185375519 0.8039156110 2 0.2103708516 0.8152067541 2
0 0.7262228261 0.8917069243 0.0212862319 0.0442834138 0.7314073323 0.8919250255 2 0.7198011502 0.8900592563 2
0 0.7618055556 0.9740740741 0.0267210145 0.0281803543 0.7542867829 0.9758988683 2 0.7659113541 0.9763801646 2
0 0.8529922059 0.7913980421 0.0233759843 0.0240594926 0.8452621313 0.7925920344 2 0.8564962487 0.7908568054 2
0 0.6468735347 0.4678073400 0.0266568241 0.0488480607 0.6385997141 0.4531720436 2 0.6506240575 0.4744415199 2
0 0.9412802419 0.4427601885 0.0193212366 0.0453172707 0.9358710450 0.4420687986 2 0.9450182305 0.4382995389 2
0 0.9164178331 0.3541676039 0.0126844863 0.0511698725 0.9180401908 0.3396459637 2 0.9156824184 0.3607502634 2
0 0.8991523693 0.3366013072 0.0089528867 0.0487170177 0.8980229396 0.3201130048 2 0.8996643397 0.3440754547 2
0 0.8540219907 0.3647119342 0.0338541667 0.0411522634 0.8635439660 0.3732489123 2 0.8459688621 0.3645473836 2
0 0.8654513889 0.3958333333 0.0156250000 0.0303497942 0.8688945081 0.3920378486 2 0.8618705087 0.3970550710 2
0 0.4711163123 0.8715465756 0.0295205696 0.0466801120 0.4630666488 0.8611673705 2 0.4745392600 0.8835418162 2
0 0.2038724923 0.3872599451 0.0262827932 0.0432956104 0.2030030615 0.3998720552 2 0.2073011467 0.3777174259 2
0 0.2195148395 0.4173930917 0.0247742778 0.0618298571 0.2239606104 0.4017563679 2 0.2122242515 0.4293799732 2
0 0.2178507194 0.4666854479 0.0236061151 0.0591684060 0.2248442151 0.4512161925 2 0.2151445884 0.4775630490 2
0 0.2340297901 0.4843366048 0.0163966049 0.0612997257 0.2320536984 0.4651920945 2 0.2338564173 0.4979688014 2
0 0.2000382900 0.4156143854 0.0147087191 0.0555846843 0.1994326058 0.3912538163 2 0.2003128466 0.4266570314 2
0 0.2664561170 0.4925137904 0.0182845745 0.0462962963 0.2722564764 0.4791551965 2 0.2638268141 0.4985692410 2
0 0.1634438306 0.6368426437 0.0195672192 0.0429711479 0.1713566613 0.6259752731 2 0.1620511816 0.6384336382 2
0 0.1754719153 0.6544757677 0.0240561694 0.0568147833 0.1810519977 0.6394141878 2 0.1729424639 0.6613031819 2
0 0.2190300060 0.6932422754 0.0354976803 0.0317836961 0.2308673705 0.6904591198 2 0.2136641287 0.6945038799 2
0 0.8235807457 0.7615805286 0.0131944444 0.0592592593 0.8236750760 0.7764167545 2 0.8248912608 0.7467706548 2
0 0.8625408497 0.2221011862 0.0142973856 0.0532558702 0.8631737607 0.2071141135 2 0.8610380839 0.2266041421 2
0 0.8754765795 0.2351125635 0.0129357298 0.0344952796 0.8756007822 0.2465547002 2 0.8743265105 0.2305694828 2
0 0.8490944989 0.2423747277 0.0200844227 0.0381263617 0.8548600330 0.2537940692 2 0.8472293504 0.2371552929 2
0 0.8448632189 0.2720855872 0.0205428297 0.0486890338 0.8385766921 0.2570884461 2 0.8479293593 0.2793987850 2
0 0.1624028497 0.1057858377 0.0167314335 0.0359815774 0.1590051265 0.1169865994 2 0.1639430377 0.1007085324 2
0 0.3482956522 0.1793967132 0.0296848014 0.0455766647 0.3575919540 0.1932558818 2 0.3440816386 0.1731143521 2
0 0.4833258393 0.1415534239 0.0247302158 0.0393018918 0.4872691899 0.1448880279 2 0.4759095980 0.1350007361 2
0 0.2140334081 0.3417670358 0.0247302158 0.0426325606 0.2094684119 0.3293642837 2 0.2161027209 0.3473892033 2
0 0.2348431648 0.2999375780 0.0253979401 0.0518102372 0.2290962179 0.3115276559 2 0.2381563880 0.2916231089 2
0 0.2123292860 0.9060981716 0.0303645926 0.0406792657 0.2191965451 0.8950907176 2 0.2044017320 0.9105900456 2
0 0.3018830128 0.9490740741 0.0228365385 0.0434472934 0.3089684330 0.9624562073 2 0.2978415813 0.9424396487 2
0 0.3894230769 0.8457977208 0.0152243590 0.0633903134 0.3927178352 0.8288625045 2 0.3864473462 0.8630583247 2
0 0.5272435897 0.8636039886 0.0352564103 0.0320512821 0.5157893465 0.8563638359 2 0.5324357982 0.8668859498 2
0 0.5964856028 0.5903975764 0.0198310031 0.0579563350 0.5932655730 0.5776686684 2 0.6006141756 0.6014957738 2
0 0.8573808183 0.5379546213 0.0096189940 0.0475475475 0.8592824695 0.5484155337 2 0.8586195635 0.5271728081 2
0 0.9255992384 0.5027379530 0.0198812724 0.0278773397 0.9189671503 0.4962545600 2 0.9286055639 0.5056768751 2
0 0.9294316969 0.3664086091 0.0156710914 0.0348246477 0.9243218440 0.3623245042 2 0.9324759245 0.3728508156 2
0 0.9179261983 0.2916666667 0.0173611111 0.0514403292 0.9250022656 0.3054289106 2 0.9155160121 0.2818357939 2
0 0.9345213780 0.3052832244 0.0127655229 0.0447833454 0.9335950631 0.2928838449 2 0.9348908673 0.3188092383 2
0 0.8117525077 0.1890003429 0.0258005401 0.0428669410 0.8048668763 0.2006961303 2 0.8159413541 0.1835356782 2
0 0.7925704811 0.4812898554 0.0236236666 0.0321791991 0.7957553782 0.4723370864 2 0.7898272310 0.4848520638 2
0 0.6691649729 0.7335892803 0.0207486450 0.0534477567 0.6643496986 0.7434541737 2 0.6741464770 0.7210430705 2
0 0.7046434313 0.6608325978 0.0330348809 0.0346098284 0.7077073974 0.6705112275 2 0.6947732068 0.6567147576 2
0 0.1283882621 0.5943806856 0.0171384162 0.0432738110 0.1278902142 0.5805206545 2 0.1286140272 0.6006634377 2
0 0.7696053751 0.8324992770 0.0284000815 0.0345114914 0.7789935459 0.8248839017 2 0.7653497173 0.8359513266 2
0 0.5066446857 0.1680135063 0.0179132047 0.0647895221 0.5057475282 0.1560933428 2 0.5070513672 0.1734169164 2
0 0.4852709566 0.2059413756 0.0318119736 0.0353466373 0.4744744452 0.2084184422 2 0.4901653752 0.2048184387 2
0 0.4993252760 0.2425413747 0.0288811746 0.0531148039 0.4958075563 0.2609169763 2 0.5057732830 0.2358116510 2
0 0.4719930263 0.3750400469 0.0174282950 0.0663049801 0.4731336519 0.3970335096 2 0.4724245920 0.3622107895 2
0 0.6234659487 0.5049403367 0.0287997359 0.0392166617 0.6329027067 0.5034736927 2 0.6191882663 0.5056051664 2
0 0.9414828776 0.5885999250 0.0146907024 0.0211421749 0.9367953164 0.5951822205 2 0.9436077490 0.5856161704 2
0 0.3586058238 0.6063313214 0.0375973162 0.0302369950 0.3678721229 0.6066457285 2 0.3495532450 0.6056764757 2
0 0.5064712156 0.6633359680 0.0353574375 0.0307874286 0.4957019636 0.6634539129 2 0.5109811346 0.6590842336 2
0 0.5930823561 0.6943886988 0.0226465416 0.0450476000 0.5846730564 0.6786111773 2 0.5932151711 0.6929126862 2
0 0.5877654777 0.8259188493 0.0265047995 0.0380363387 0.5809225043 0.8278096348 2 0.5965271281 0.8160027532 2
0 0.8870628933 0.8435434147 0.0184883915 0.0355697517 0.8896892315 0.8316171692 2 0.8826113090 0.8493477225 2
0 0.7888391858 0.2026249461 0.0191989603 0.0278441062 0.7859983187 0.1940205061 2 0.7939607646 0.2117715586 2
0 0.3828885186 0.3385395824 0.0331991738 0.0361351552 0.3949222562 0.3288063723 2 0.3774332242 0.3429519710 2
0 0.3318250620 0.4501356047 0.0194031274 0.0619332147 0.3305491957 0.4686184305 2 0.3306644709 0.4374163357 2
0 0.1231553664 0.7006002416 0.0248443826 0.0321220301 0.1330253882 0.6912007282 2 0.1186812855 0.7048610410 2
0 0.2813490716 0.9642713366 0.0189934330 0.0409621578 0.2892802620 0.9623593347 2 0.2777538629 0.9651380470 2
0 0.4188419044 0.5046084788 0.0335924753 0.0385691383 0.4139686573 0.5047668141 2 0.4275108674 0.5144661109 2
0 0.1941512116 0.8227182792 0.0154483192 0.0205753353 0.1981355060 0.8195384677 2 0.1904548220 0.8293285220 2
0 0.1961243322 0.6536038698 0.0186748888 0.0291071897 0.1977737116 0.6494371821 2 0.1911714782 0.6560394155 2
0 0.0509279320 0.1860006430 0.0194650032 0.0293793161 0.0446066528 0.1790918852 2 0.0524409301 0.1916970056 2
0 0.1422896562 0.1676649788 0.0252036894 0.0375685764 0.1501939210 0.1673352645 2 0.1373982017 0.1607866136 2
0 0.0971796102 0.1896810313 0.0214231360 0.0347250832 0.0917268889 0.1798724844 2 0.0996513288 0.1941272457 2
0 0.0527096390 0.2190823623 0.0198721397 0.0310199255 0.0471357461 0.2161440861 2 0.0565871296 0.2213140737 2
0 0.0455605155 0.2423730149 0.0145405901 0.0427385640 0.0448819546 0.2308887491 2 0.0456574528 0.2481220411 2
0 0.0551534275 0.3439551552 0.0131524484 0.0560288787 0.0550293478 0.3249141599 2 0.0552775072 0.3584432527 2
0 0.1160339087 0.3151919531 0.0189997043 0.0289519304 0.1104115472 0.3209409793 2 0.1185825251 0.3125859195 2
0 0.1111288829 0.2333473714 0.0130283687 0.0377753759 0.1107830108 0.2462185725 2 0.1118687082 0.2274687509 2
0 0.1334632293 0.2397774034 0.0151997635 0.0532164054 0.1321867593 0.2242481393 2 0.1332724567 0.2490640797 2
0 0.0800701826 0.3654254326 0.0149283391 0.0292965963 0.0776467509 0.3553198302 2 0.0805548689 0.3732424538 2
0 0.0878251639 0.4123859293 0.0141528410 0.0372239105 0.0855956068 0.4236496089 2 0.0890853484 0.4036589903 2
0 0.1291638685 0.3811975265 0.0277628333 0.0223343463 0.1379688743 0.3813850247 2 0.1224589116 0.3808335594 2
0 0.0609203681 0.5406124886 0.0173711583 0.0289519304 0.0579297108 0.5343202690 2 0.0664601903 0.5460389075 2
0 0.1715267129 0.5162101472 0.0187670549 0.0545950688 0.1733522355 0.5345960017 2 0.1693971950 0.5045411406 2
0 0.0368361615 0.5785239638 0.0191935789 0.0417045664 0.0398412168 0.5670396980 2 0.0330556081 0.5908216409 2
0 0.0584047034 0.5060263699 0.0118748152 0.0525615404 0.0585258750 0.4886552117 2 0.0570718160 0.5201059694 2
0 0.0528308105 0.1553150434 0.0172063649 0.0370515776 0.0558601001 0.1669475155 2 0.0514576336 0.1500420438 2
0 0.0980035770 0.1425193242 0.0139589665 0.0344665838 0.1012994441 0.1335580124 2 0.0974219534 0.1559612919 2
0 0.0690968840 0.6656963461 0.0189221545 0.0275732671 0.0740600720 0.6611963889 2 0.0627377992 0.6716742304 2
0 0.0657234671 0.7556922002 0.0157038373 0.0358452472 0.0644632826 0.7436909357 2 0.0677591497 0.7643708860 2
0 0.0718547492 0.8612116835 0.0155099627 0.0396365714 0.0687042880 0.8478558823 2 0.0725817787 0.8706899941 2
0 0.0620398509 0.8131738823 0.0138135606 0.0409290683 0.0653114837 0.8008951618 2 0.0605568198 0.8187398263 2
0 0.1180211226 0.6268353268 0.0133288742 0.0491148820 0.1166882352 0.6111874977 2 0.1183846374 0.6404840940 2
0 0.0845171797 0.6126262538 0.0124200873 0.0398519876 0.0828510704 0.5995289520 2 0.0828510704 0.6194549457 2
0 0.0476204324 0.4546253914 0.0247190031 0.0564390310 0.0539213548 0.4370388170 2 0.0430159123 0.4667662456 2
0 0.0351397593 0.3469981873 0.0176910512 0.0366207453 0.0284753222 0.3578465445 2 0.0405924806 0.3384590911 2
0 0.0523461242 0.4770294169 0.0133288742 0.0443757267 0.0522249526 0.4924015133 2 0.0531943253 0.4699982338 2
0 0.0647540944 0.5705078723 0.0145405901 0.0430832298 0.0629122863 0.5531642873 2 0.0650449062 0.5766015643 2
0 0.0197509682 0.6403256738 0.0159946491 0.0452373913 0.0178122228 0.6255395094 2 0.0195086250 0.6496661181 2
0 0.0572899248 0.6103173734 0.0186119553 0.0275732671 0.0636877845 0.6046924269 2 0.0516675633 0.6143430703 2
0 0.2347093578 0.9417773232 0.0261730621 0.0491148820 0.2276256670 0.9564256214 2 0.2409545413 0.9305756835 2
0 0.1630407282 0.9324265253 0.0244188853 0.0280585566 0.1692943452 0.9379852959 2 0.1567871112 0.9337500421 2
0 0.0977854681 0.9370381680 0.0203568261 0.0413599006 0.0912422026 0.9219590375 2 0.1031170178 0.9486706400 2
0 0.1200418691 0.9413086053 0.0230226009 0.0206799503 0.1150084817 0.9392224136 2 0.1256813214 0.9448694186 2
0 0.0571203763 0.8637772961 0.0102440202 0.0410819621 0.0558656449 0.8483186196 2 0.0576891461 0.8707847141 2
0 0.0444205333 0.7293455726 0.0189841944 0.0341908512 0.0490735221 0.7159295238 2 0.0390230662 0.7375469652 2
0 0.0361091320 0.5120174005 0.0201144829 0.0400674037 0.0308987539 0.4989545652 2 0.0408348237 0.5187728509 2
0 0.0598441365 0.2494731488 0.0108634261 0.0491289443 0.0616547075 0.2327625313 2 0.0589864976 0.2588516949 2
0 0.2597834142 0.0511828770 0.0195813279 0.0413599006 0.2671060553 0.0653141764 2 0.2564640609 0.0447771590 2
0 0.2854029602 0.1713127083 0.0207151062 0.0372680278 0.2914848508 0.1585504768 2 0.2826460391 0.1770978279 2
0 0.2911450117 0.1883598807 0.0222955714 0.0448065590 0.2990492765 0.1729119578 2 0.2875620085 0.1953624241 2
0 0.3153301465 0.0489425491 0.0306321764 0.0368792447 0.3263364038 0.0601441888 2 0.3102448175 0.0411875677 2
0 0.3504589679 0.0258499379 0.0285964938 0.0245574410 0.3409518454 0.0226186956 2 0.3581582103 0.0282195155 2
0 0.2990104435 0.2784291567 0.0316378870 0.0534370673 0.3106388923 0.2601650648 2 0.2937392677 0.2867082695 2
0 0.2324493318 0.1772416711 0.0168720657 0.0586854460 0.2311818770 0.2009832670 2 0.2357863972 0.1617775279 2
0 0.2661849719 0.0173711583 0.0309268657 0.0210108295 0.2768272879 0.0140072197 2 0.2573467747 0.0215071483 2
0 0.2008451362 0.1259753639 0.0240404422 0.0337772522 0.1924639401 0.1190820472 2 0.2050657848 0.1328686807 2
0 0.2090341954 0.0629015155 0.0164793354 0.0365345789 0.2093773533 0.0697948323 2 0.2070508589 0.0556635329 2
0 0.2217628785 0.1539697350 0.0242690528 0.0377044999 0.2273913270 0.1500341153 2 0.2167461215 0.1620150372 2
0 0.2084943071 0.0923285333 0.0169145450 0.0453172159 0.2098689117 0.1039754813 2 0.2072483484 0.0827992122 2
0 0.2266673158 0.0646593113 0.0198527523 0.0562494648 0.2221337537 0.0475638857 2 0.2289581373 0.0814790042 2
0 0.3111985355 0.0990914285 0.0344127298 0.0271424348 0.3196248075 0.0984451801 2 0.3036301584 0.1005993416 2
0 0.4979340163 0.0269270186 0.0298082096 0.0258499379 0.4874575211 0.0286503478 2 0.5058756019 0.0208953665 2
0 0.5613352687 0.0336049192 0.0482262904 0.0383440745 0.5418920764 0.0316661739 2 0.5777588652 0.0264961863 2
0 0.5669336896 0.0585931925 0.0329586708 0.0280040994 0.5569418808 0.0583777764 2 0.5765716774 0.0626860994 2
0 0.6357358799 0.0792731428 0.0346550730 0.0443757267 0.6470702699 0.0906901987 2 0.6271981302 0.0691485838 2
0 0.6525558804 0.0400674037 0.0327163276 0.0443757267 0.6630420693 0.0532077888 2 0.6478024910 0.0341108672 2
0 0.6055389982 0.1081389068 0.0176910512 0.0460990559 0.6100877794 0.0971526832 2 0.6028174844 0.1178326335 2
0 0.5908286001 0.2003407844 0.0184180807 0.0590240248 0.5885917726 0.1803846324 2 0.5912575475 0.2131278870 2
0 0.5677558941 0.1033997515 0.0189027671 0.0641940124 0.5702447584 0.0868127080 2 0.5639438361 0.1169709689 2
0 0.6241275163 0.1757795776 0.0227802578 0.0547157018 0.6245564638 0.1561767080 2 0.6216483457 0.1863349689 2
0 0.6273991691 0.2312362679 0.0310551651 0.0351932310 0.6179944124 0.2321261951 2 0.6330196887 0.2334186920 2
0 0.6148220422 0.3472136034 0.0305352391 0.0551465341 0.6220365983 0.3651706936 2 0.6055572629 0.3311349421 2
0 0.6121130313 0.2663598714 0.0312899733 0.0466724144 0.6201030494 0.2528273884 2 0.6042208475 0.2753024686 2
0 0.6161035823 0.4109685056 0.0184786665 0.0484686335 0.6193661272 0.3935628808 2 0.6148221928 0.4242596820 2
0 0.1761866143 0.4604378734 0.0269685476 0.0444576067 0.1689056140 0.4692062468 2 0.1832348342 0.4527712989 2
0 0.2664913269 0.5560902225 0.0173711583 0.0366724452 0.2659903551 0.5446969485 2 0.2678515507 0.5642739682 2
0 0.2742849154 0.1486199095 0.0210935493 0.0521134748 0.2782818328 0.1319877148 2 0.2700615525 0.1620425759 2
0 0.1342956955 0.2564914114 0.0127075501 0.0532059315 0.1324358026 0.2394953531 2 0.1351387850 0.2641957246 2
0 0.0482204741 0.4050723517 0.0200601980 0.0257775581 0.0561460651 0.4141560888 2 0.0455992904 0.4000385760 2
0 0.1099759615 0.5299145299 0.0124198718 0.0527065527 0.1104547504 0.5129527396 2 0.1097589106 0.5376038749 2
0 0.0340899287 0.7952212153 0.0171974467 0.0249993026 0.0371742787 0.7901353813 2 0.0292331777 0.7973706066 2
0 0.2727841351 0.8410774026 0.0285088183 0.0488381719 0.2633649347 0.8551894007 2 0.2757729049 0.8358881137 2
0 0.4210101829 0.0374824099 0.0215685419 0.0581623602 0.4161075806 0.0622552671 2 0.4237413904 0.0217570310 2
0 0.4691173996 0.0245574410 0.0285964938 0.0392057391 0.4622760520 0.0346820000 2 0.4649418269 0.0122787205 2
0 0.1702460753 0.0437294782 0.0276271211 0.0224032795 0.1638894140 0.0454528074 2 0.1779453177 0.0454528074 2
0 0.0514979231 0.2901655527 0.0189027671 0.0439448944 0.0500438641 0.2762410528 2 0.0561024433 0.3016601584 2
0 0.1407677209 0.5109381025 0.0195425530 0.0424628313 0.1468584832 0.4996826949 2 0.1356913101 0.5286346254 2
0 0.9926817792 0.2087065800 0.0146364416 0.0472054332 0.9977715286 0.1920920321 2 0.9933046593 0.2218711606 2
0 0.1322285683 0.9632149050 0.0159723607 0.0309218810 0.1276716470 0.9584352799 2 0.1358668631 0.9736821936 2
0 0.0869333411 0.8811206163 0.0241955419 0.0259188710 0.0949985217 0.8753302303 2 0.0822803523 0.8891168638 2
0 0.4412012925 0.6516306405 0.0321640203 0.0336215242 0.4521559404 0.6509327261 2 0.4355589511 0.6499433710 2
0 0.1128349788 0.5886917552 0.0168670845 0.0210246161 0.1173910304 0.5844454721 2 0.1088605509 0.5940961155 2
0 0.1472165359 0.2944887780 0.0186604239 0.0301582609 0.1541053298 0.3045325559 2 0.1435028162 0.2888812263 2
0 0.1490053258 0.3102896129 0.0246710526 0.0377680312 0.1525814836 0.3141759521 2 0.1411331993 0.3036180899 2
0 0.4692252547 0.6875520391 0.0224894460 0.0620398509 0.4713609765 0.6687139830 2 0.4677936851 0.7053864282 2
0 0.1265232204 0.9043169813 0.0204918521 0.0286235394 0.1317213202 0.9119811508 2 0.1224511966 0.8986234990 2
0 0.1982915699 0.7483049220 0.0191698040 0.0280219015 0.1917334911 0.7419441355 2 0.2060910016 0.7575298695 2
0 0.2169156846 0.6359368032 0.0283491157 0.0344927399 0.2272716867 0.6431554846 2 0.2102107277 0.6359864351 2
0 0.2127830463 0.6661575522 0.0286624111 0.0251468196 0.2197029713 0.6603517251 2 0.2080394793 0.6702781013 2
0 0.7428314891 0.4632821459 0.0276877069 0.0492656733 0.7337717321 0.4697205038 2 0.7494755694 0.4586911970 2
0 0.8589430930 0.9586014968 0.0181466564 0.0308820591 0.8528585346 0.9707337343 2 0.8629400104 0.9533625761 2
0 0.3041789834 0.8645413575 0.0335432103 0.0360504805 0.3151216934 0.8698757444 2 0.2959105820 0.8625572258 2
0 0.2526919437 0.3857771967 0.0145405901 0.0392057391 0.2494857436 0.3714218646 2 0.2533632343 0.3925326472 2
0 0.2371497635 0.1373916340 0.0242044756 0.0345596712 0.2435858670 0.1268882045 2 0.2306259903 0.1475562432 2
0 0.0820474547 0.4740127614 0.0251574077 0.0250727026 0.0904332572 0.4732266982 2 0.0795698312 0.4739043389 2
0 0.0808016712 0.5044625361 0.0227802578 0.0180949565 0.0732347947 0.5044060661 2 0.0856427648 0.5012296257 2
0 0.1020216267 0.4394298052 0.0136318032 0.0463144720 0.1022882042 0.4250034719 2 0.1029086027 0.4500951449 2
0 0.3689545533 0.6629280313 0.0345726763 0.0420750822 0.3794656550 0.6727661730 2 0.3599231020 0.6523619554 2
0 0.7954861090 0.0430832298 0.0234588186 0.0299859279 0.7882681601 0.0373962435 2 0.8014516284 0.0508382112 2
0 0.8326135741 0.1142460408 0.0256678251 0.0402059594 0.8293150393 0.1009544025 2 0.8410281632 0.1240718297 2
0 0.0902883073 0.5490252566 0.0225330206 0.0229089585 0.0978870909 0.5501494597 2 0.0837819613 0.5444274682 2
0 0.1340904389 0.5509921912 0.0270683592 0.0333958141 0.1429312905 0.5503821259 2 0.1300828810 0.5512687338 2
0 0.0828676369 0.6878361413 0.0146065599 0.0483187468 0.0817098802 0.6731407209 2 0.0856858228 0.7009092089 2
0 0.0966066781 0.6932740218 0.0136820941 0.0420734666 0.0953124259 0.7076315923 2 0.0960519986 0.6869235580 2
0 0.1070901205 0.6711881235 0.0247017267 0.0444400991 0.1130466386 0.6624263241 2 0.1043900308 0.6751598472 2
0 0.9055589343 0.9367215062 0.0193768036 0.0481215274 0.9109613689 0.9231791092 2 0.9032698133 0.9515786991 2
0 0.9192726474 0.8424506451 0.0208559489 0.0378661199 0.9139196595 0.8534107832 2 0.9247174203 0.8302703766 2
0 0.8885922544 0.9396140571 0.0251454703 0.0339217324 0.8801271058 0.9492120666 2 0.8901852939 0.9355381900 2
0 0.8815322938 0.9242309458 0.0094665300 0.0273477533 0.8792795555 0.9318567617 2 0.8840128205 0.9192347217 2
0 0.4130448576 0.0798260640 0.0272919756 0.0238529495 0.4212431231 0.0776576141 2 0.4093285838 0.0808090224 2
0 0.1134942143 0.8202693806 0.0190586422 0.0447242804 0.1115883501 0.8072857865 2 0.1163530106 0.8337137703 2
0 0.0461221398 0.7803467890 0.0131147853 0.0348339801 0.0478143216 0.7926538701 2 0.0460969092 0.7771104208 2
0 0.0396364744 0.7468974627 0.0212445175 0.0292397661 0.0429623997 0.7570313850 2 0.0381288325 0.7423037557 2
0 0.0551587599 0.9037370853 0.0193635805 0.0379478742 0.0609114205 0.8975027917 2 0.0544345378 0.9099114619 2
0 0.9683687527 0.1225174226 0.0093006174 0.0333399181 0.9685974564 0.1137080946 2 0.9679875799 0.1307846380 2
0 0.9138610360 0.1236016475 0.0201259262 0.0284609057 0.9079147397 0.1169607696 2 0.9165564922 0.1266119575 2
0 0.8865690604 0.0963604950 0.0237851855 0.0238529495 0.8792154739 0.0974447199 2 0.8927852271 0.0993421137 2
0 0.9740863454 0.3269470258 0.0091481483 0.0276477370 0.9740863454 0.3173733192 2 0.9737814071 0.3290287378 2
0 0.9335002807 0.2373596843 0.0156128397 0.0401163242 0.9293811745 0.2264480441 2 0.9368216684 0.2470483187 2
0 0.0464969882 0.0784111504 0.0167838027 0.0213375476 0.0483510129 0.0783244124 2 0.0424961980 0.0750283685 2
0 0.1393628905 0.2016278981 0.0210407410 0.0417426617 0.1457315264 0.1877172916 2 0.1371932547 0.2072333413 2
0 0.0727277786 0.4002995044 0.0163141977 0.0577349801 0.0753959885 0.3817809417 2 0.0688398156 0.4167471973 2
0 0.0630459884 0.3736492544 0.0164666669 0.0444532241 0.0648756180 0.3627202666 2 0.0612163587 0.3830494850 2
0 0.0971644545 0.3994474100 0.0189330600 0.0494363233 0.0966621460 0.3877930597 2 0.0979933768 0.4088297930 2
