0 0.0956049926 0.0928139158 0.0181060526 0.0482994920 0.1017030043 0.0778463090 2 0.0931978827 0.0987221816 2
0 0.1119204203 0.0952462651 0.0117924528 0.0428022362 0.1141285113 0.0799460931 2 0.1109194926 0.1021818330 2
0 0.1126434894 0.1494801615 0.0199887932 0.0493600060 0.1194692080 0.1367875885 2 0.1088791712 0.1576419229 2
0 0.1265134660 0.1001585324 0.0190501824 0.0299651208 0.1331976048 0.0906925082 2 0.1234835459 0.1044494812 2
0 0.1492892127 0.0943828131 0.0183080808 0.0364758698 0.1456775084 0.1002942737 2 0.1497660299 0.0858517041 2
0 0.1373915336 0.1240130857 0.0216514270 0.0291988147 0.1314248324 0.1197465353 2 0.1400962393 0.1259471130 2
0 0.1887896782 0.1798360228 0.0142116884 0.0419310500 0.1886102104 0.1871679778 2 0.1895865578 0.1689327541 2
0 0.1661044153 0.2061025960 0.0186723463 0.0520476180 0.1615024457 0.2215309971 2 0.1685402683 0.1902045243 2
0 0.1699061520 0.1621031919 0.0198477291 0.0322402884 0.1652999592 0.1723048303 2 0.1719941392 0.1574787893 2
0 0.2852249469 0.2524152113 0.0346358904 0.0323218315 0.2736709443 0.2493768475 2 0.2920536819 0.2489680841 2
0 0.2760879423 0.2984630888 0.0177207563 0.0469484663 0.2733918673 0.2785568498 2 0.2773100730 0.3074865869 2
0 0.2547459527 0.2846893018 0.0200617583 0.0622935098 0.2632457380 0.2672995699 2 0.2501907019 0.2972483727 2
0 0.1207941729 0.4456070732 0.0150767544 0.0402046784 0.1221854048 0.4302799950 2 0.1215942298 0.4523505290 2
0 0.1308038519 0.4843416133 0.0146807058 0.0442580335 0.1333176785 0.4732539662 2 0.1291416317 0.4956564404 2
0 0.0817858228 0.7280716422 0.0183504875 0.0337853075 0.0899275212 0.7290985618 2 0.0780951910 0.7276061396 2
0 0.1873138135 0.5145362029 0.0160071712 0.0569010472 0.1916713737 0.4965791192 2 0.1856609458 0.5213475106 2
0 0.2504339017 0.6202271859 0.0306506673 0.0357961054 0.2603882571 0.6168604451 2 0.2443873287 0.6200854351 2
0 0.2967890986 0.5491417884 0.0260846406 0.0548282980 0.2907591899 0.5652323223 2 0.3017990486 0.5465002934 2
0 0.2381675017 0.4158580573 0.0184289791 0.0642238545 0.2369344323 0.3993106469 2 0.2392523976 0.4281564370 2
0 0.2657538730 0.4333611999 0.0160091969 0.0554136141 0.2671579764 0.4498983711 2 0.2651173930 0.4258649002 2
0 0.2582363043 0.7866889701 0.0154626649 0.0588286121 0.2588613812 0.7701466933 2 0.2573615241 0.8031268699 2
0 0.1349676514 0.7599389774 0.0194430895 0.0311297890 0.1282561767 0.7515074098 2 0.1409438075 0.7669455938 2
0 0.1694535819 0.8746057560 0.0155336257 0.0462962963 0.1695059353 0.8624573790 2 0.1696915936 0.8895222290 2
0 0.1883522110 0.8945612415 0.0161274989 0.0493112898 0.1899100743 0.8800983152 2 0.1854936788 0.9034180554 2
0 0.0791750878 0.7842858662 0.0109142781 0.0354168716 0.0814438581 0.7972120143 2 0.0795247933 0.7787797546 2
0 0.2764543497 0.7288022818 0.0314402377 0.0643574021 0.2681162901 0.7126580833 2 0.2795758044 0.7345984306 2
0 0.3185590355 0.7064731692 0.0188355948 0.0708320699 0.3185193608 0.6833416505 2 0.3185770201 0.7169586866 2
0 0.3391812865 0.8231806368 0.0214729532 0.0430474334 0.3350075124 0.8156366414 2 0.3415465498 0.8325758621 2
0 0.3538563663 0.8655659857 0.0301535088 0.0324886290 0.3580523215 0.8630294605 2 0.3470333478 0.8652060479 2
0 0.3803500715 0.9115401648 0.0195848093 0.0562306613 0.3810913399 0.8937115174 2 0.3825194891 0.9269848887 2
0 0.3012216423 0.9021060621 0.0132876476 0.0420684785 0.3015628954 0.8887677151 2 0.2998049156 0.9101618558 2
0 0.2802789548 0.9402071563 0.0198622881 0.0553201507 0.2843262902 0.9192807653 2 0.2843262902 0.9490114453 2
0 0.2144676691 0.9592303942 0.0307818352 0.0298238313 0.2019521480 0.9537903435 2 0.2163406473 0.9654835648 2
0 0.3261289889 0.9540203395 0.0242141813 0.0503573749 0.3264787181 0.9310042471 2 0.3259704567 0.9644535342 2
0 0.3373827624 0.8979446400 0.0180149098 0.0622736905 0.3350208531 0.8799758389 2 0.3352705842 0.9045419810 2
0 0.4501774267 0.8022548815 0.0195169414 0.0507608922 0.4530630812 0.7853104922 2 0.4488693596 0.8099357732 2
0 0.5372309982 0.9632251462 0.0425251832 0.0340706681 0.5242785772 0.9617563374 2 0.5420385145 0.9615370789 2
0 0.5866529304 0.9367623118 0.0246108059 0.0513838014 0.5815085362 0.9217707334 2 0.5866218680 0.9442818329 2
0 0.6194482966 0.9105135691 0.0223978076 0.0499537329 0.6242524982 0.8976904175 2 0.6175519012 0.9155753394 2
0 0.6078612334 0.7964583296 0.0302711229 0.0358989697 0.6203261233 0.7989229711 2 0.6022108989 0.7953411075 2
0 0.4676629363 0.4393511261 0.0176917392 0.0644058043 0.4675514639 0.4186280825 2 0.4677069385 0.4412829299 2
0 0.4526864793 0.5315741071 0.0340544872 0.0356125356 0.4663142002 0.5211322116 2 0.4465090335 0.5363074183 2
0 0.4092131541 0.6062093857 0.0205159994 0.0713931304 0.4114190541 0.6307388980 2 0.4082132197 0.5950901578 2
0 0.4726291779 0.5902275256 0.0252891243 0.0617980234 0.4812993270 0.5657873472 2 0.4686989993 0.6013062584 2
0 0.3546853166 0.6429064148 0.0377046144 0.0385349793 0.3399205920 0.6416516273 2 0.3613781663 0.6434752100 2
0 0.3789385303 0.5430000345 0.0295003904 0.0494846804 0.3692687678 0.5532853083 2 0.3875781748 0.5360387333 2
0 0.3604269070 0.4809606957 0.0327093349 0.0497720307 0.3715241750 0.4640067033 2 0.3553965155 0.4886459404 2
0 0.3379096579 0.5600894691 0.0252147474 0.0514890803 0.3464014033 0.5767501633 2 0.3345576531 0.5535128792 2
0 0.3563290771 0.4282453541 0.0216525453 0.0545883015 0.3573574263 0.4205748841 2 0.3538916988 0.4398065350 2
0 0.2585840265 0.4718413937 0.0255047251 0.0338869798 0.2491884053 0.4682246902 2 0.2628430616 0.4734808454 2
0 0.3031708654 0.3825129471 0.0247710786 0.0603823479 0.3058806550 0.3691077215 2 0.3020063123 0.3955106493 2
0 0.3665988024 0.2949259332 0.0212867058 0.0543557529 0.3632266709 0.3072722328 2 0.3691120891 0.2845378875 2
0 0.3334508603 0.3469748556 0.0318621207 0.0291897705 0.3261817061 0.3432700001 2 0.3391171824 0.3471120724 2
0 0.3012710552 0.3175215639 0.0286918626 0.0464954350 0.3134184975 0.3301784576 2 0.2957646197 0.3117841940 2
0 0.3139092883 0.2955012668 0.0270644944 0.0450921839 0.3243495432 0.3059195064 2 0.3086764445 0.2882875592 2
0 0.3745315839 0.2030363766 0.0277817742 0.0581800568 0.3813641781 0.2186017540 2 0.3714343689 0.1959805910 2
0 0.4090547272 0.1510878217 0.0155685630 0.0620305871 0.4088565129 0.1656196071 2 0.4106138958 0.1386433774 2
0 0.4247952482 0.1528569657 0.0169907312 0.0588914570 0.4264323135 0.1364238980 2 0.4239736296 0.1630146224 2
0 0.4295865190 0.2174564270 0.0260416667 0.0592320261 0.4383565424 0.1934680195 2 0.4256110674 0.2283303722 2
0 0.4246588028 0.4377512849 0.0284426714 0.0564749146 0.4294415931 0.4155534636 2 0.4320812841 0.4464965091 2
0 0.4857042380 0.4075863230 0.0297598257 0.0322548423 0.4773304031 0.4086990096 2 0.4895000974 0.4070819422 2
0 0.5028169742 0.2866208930 0.0160963424 0.0670405983 0.5055631750 0.2618598432 2 0.5027514033 0.2970689026 2
0 0.5225122760 0.6028381976 0.0160865592 0.0634594073 0.5208936440 0.5815111315 2 0.5214874449 0.6183079362 2
0 0.6062557234 0.7088420838 0.0306204212 0.0330687831 0.6154898052 0.7013599040 2 0.6020699142 0.7122337560 2
0 0.5836123205 0.6369016410 0.0277619492 0.0373078292 0.5748172625 0.6344555079 2 0.5893096340 0.6426410141 2
0 0.6178043735 0.6098478436 0.0255023641 0.0383290041 0.6238678416 0.6012390385 2 0.6117236104 0.6190317618 2
0 0.6111322335 0.7482887335 0.0274120611 0.0423414712 0.6209888093 0.7477208511 2 0.6066642477 0.7485461546 2
0 0.6639775414 0.6560228565 0.0321217494 0.0404407747 0.6538211808 0.6516350529 2 0.6693789887 0.6673997058 2
0 0.6358867623 0.6837249679 0.0235764432 0.0488050181 0.6297998279 0.6713767345 2 0.6386459696 0.6893224221 2
0 0.6524360139 0.8035911850 0.0298407054 0.0359098844 0.6437797861 0.8156834479 2 0.6597906054 0.7993745293 2
0 0.6936714841 0.8510495598 0.0235507246 0.0426731079 0.6855421127 0.8619729153 2 0.6997490464 0.8438518642 2
0 0.7321220654 0.7664182218 0.0233907186 0.0604346862 0.7381428037 0.7524269025 2 0.7331341068 0.7754058707 2
0 0.7847794384 0.8456272913 0.0242084267 0.0405839785 0.7785293394 0.8327189510 2 0.7876126083 0.8514786420 2
0 0.8207722685 0.8256053156 0.0197997453 0.0435717424 0.8269728964 0.8099015441 2 0.8179615239 0.8327238353 2
0 0.8408611913 0.7790303099 0.0194219835 0.0584355546 0.8455921052 0.7593916309 2 0.8423113543 0.7853599025 2
0 0.7820134842 0.7921888564 0.0176230062 0.0579391925 0.7837874649 0.7763929681 2 0.7815786193 0.8046559888 2
0 0.6388482625 0.9125077952 0.0261483429 0.0438000423 0.6310671609 0.9196647090 2 0.6471128982 0.9008985023 2
0 0.6910844503 0.4356968846 0.0214666820 0.0636795821 0.6959354523 0.4096045995 2 0.6888854910 0.4475245174 2
0 0.6498195895 0.4221233225 0.0268725723 0.0567487775 0.6557412196 0.4099284578 2 0.6471353146 0.4276512547 2
0 0.7415483533 0.4834385473 0.0302895981 0.0282374573 0.7531423822 0.4815403803 2 0.7362927800 0.4842989863 2
0 0.7279246795 0.5277430132 0.0244162088 0.0594915887 0.7261662191 0.5090218245 2 0.7263797703 0.5372972944 2
0 0.7529155344 0.5664821524 0.0198143116 0.0349369297 0.7463632496 0.5650388623 2 0.7558856851 0.5671363959 2
0 0.7646706832 0.4971014044 0.0212426670 0.0481064924 0.7695073370 0.4814942081 2 0.7611973243 0.5098747702 2
0 0.7931257366 0.6050317571 0.0272560449 0.0479754366 0.7823735114 0.5944786916 2 0.7964442075 0.6131693540 2
0 0.7881727431 0.5674651100 0.0291232639 0.0379092861 0.7815244020 0.5572583686 2 0.7942335006 0.5729226779 2
0 0.7822239160 0.5179162903 0.0165142276 0.0496838302 0.7794214547 0.5365174316 2 0.7827915775 0.5152691623 2
0 0.7736940938 0.4512139691 0.0230107066 0.0424138957 0.7776659202 0.4419225637 2 0.7718496707 0.4550017880 2
0 0.7434805559 0.4100220064 0.0221285239 0.0540537654 0.7363561775 0.3895355765 2 0.7465620390 0.4174184318 2
0 0.7632168109 0.3993407649 0.0155717983 0.0521921494 0.7642532782 0.3791100872 2 0.7613140520 0.4042994360 2
0 0.7810031596 0.3970241434 0.0123420221 0.0457796929 0.7805120274 0.3822915245 2 0.7812257898 0.4037024395 2
0 0.8381112549 0.4637071136 0.0275933612 0.0240848910 0.8487504771 0.4591497475 2 0.8325136921 0.4659325206 2
0 0.8362209858 0.4353338393 0.0284668699 0.0406766073 0.8254039055 0.4250129569 2 0.8434021005 0.4360747618 2
0 0.8266662821 0.5613607144 0.0133892826 0.0428549920 0.8246689946 0.5739463131 2 0.8296442233 0.5561240137 2
0 0.8341815349 0.5704419582 0.0118293474 0.0435807039 0.8332699250 0.5811481663 2 0.8345413809 0.5662158234 2
0 0.8471659265 0.5844203031 0.0143970190 0.0504366155 0.8476161232 0.5667507074 2 0.8469618524 0.5924299308 2
0 0.8683767718 0.5903980999 0.0150529865 0.0540569471 0.8679605856 0.5747450246 2 0.8685410558 0.5965769454 2
0 0.8650813710 0.6699789220 0.0118563686 0.0511894008 0.8653453056 0.6873234676 2 0.8649617207 0.6621160614 2
0 0.7352031741 0.7007177083 0.0190949642 0.0551760457 0.7309574290 0.6847405796 2 0.7358501799 0.7095789183 2
0 0.6990637401 0.5918104549 0.0155629960 0.0402293140 0.6989930767 0.5770475969 2 0.6990957718 0.5985024585 2
0 0.7421801018 0.6552879990 0.0213596625 0.0551647427 0.7455197970 0.6666381973 2 0.7440157296 0.6434343963 2
0 0.7681634008 0.7202112224 0.0207486450 0.0609756098 0.7626475965 0.7376541687 2 0.7713225297 0.7089927535 2
0 0.8013888889 0.7156278229 0.0222222222 0.0551641072 0.7972490110 0.7301241323 2 0.8056716404 0.7092802800 2
0 0.8043520820 0.7770912760 0.0218732638 0.0378267802 0.8112945349 0.7754354554 2 0.8046680010 0.7798857858 2
0 0.8843274069 0.7355842728 0.0210433489 0.0406424781 0.8790768473 0.7264891625 2 0.8856078288 0.7426065953 2
0 0.8747793815 0.8194430578 0.0118930446 0.0474408856 0.8739091925 0.8302084236 2 0.8743684505 0.8058517820 2
0 0.8903588808 0.8095431198 0.0190085158 0.0405515004 0.8860183923 0.8159335527 2 0.8948232358 0.8047309749 2
0 0.9121053866 0.8173287545 0.0162930508 0.0457639373 0.9131137675 0.8062474326 2 0.9110533852 0.8264184643 2
0 0.8582147696 0.9320009033 0.0169037940 0.0405450166 0.8645953396 0.9158696137 2 0.8553224573 0.9393132169 2
0 0.8773057273 0.6222845590 0.0119410569 0.0554055141 0.8781799392 0.6378976433 2 0.8769094470 0.6152071479 2
0 0.9009658264 0.6373052308 0.0119233608 0.0566038372 0.9018538835 0.6224486411 2 0.9020432153 0.6441160991 2
0 0.9069900416 0.5998583980 0.0208864392 0.0323659361 0.9043833758 0.5941044538 2 0.9074478876 0.6051781650 2
0 0.8231528567 0.5067794773 0.0284851746 0.0370121287 0.8141463203 0.5066055916 2 0.8292646119 0.5071597101 2
0 0.8445890142 0.5313410171 0.0125181368 0.0524441540 0.8453593226 0.5436698471 2 0.8442398334 0.5213023161 2
0 0.8547923064 0.4835968165 0.0096913520 0.0392386962 0.8554276271 0.4723960716 2 0.8541358013 0.4906593443 2
0 0.8677143664 0.4662258130 0.0157569040 0.0565912523 0.8653299830 0.4509725339 2 0.8684915651 0.4805592153 2
0 0.8751092376 0.5250239188 0.0188555595 0.0449418316 0.8725181521 0.5412453475 2 0.8787978615 0.5159009833 2
0 0.8932079946 0.5113661566 0.0155826558 0.0515635396 0.8965813131 0.5235094400 2 0.8946219702 0.4956299642 2
0 0.8815112661 0.5489983652 0.0249430564 0.0243176262 0.8766581818 0.5488387400 2 0.8874417526 0.5481625761 2
0 0.9070267312 0.5689927733 0.0141985702 0.0453929539 0.9092717808 0.5818922253 2 0.9060090502 0.5631454516 2
0 0.9271769345 0.5587831139 0.0192815967 0.0372413291 0.9343870910 0.5444972409 2 0.9239085705 0.5652589001 2
0 0.9443341041 0.5218186767 0.0141191462 0.0369302271 0.9423963018 0.5319622025 2 0.9456026979 0.5131937135 2
0 0.9305675012 0.6184743034 0.0156245464 0.0323897991 0.9265335769 0.6268329006 2 0.9323960791 0.6146853512 2
0 0.9470722569 0.6194032493 0.0137739565 0.0237395973 0.9437233001 0.6258109096 2 0.9512518410 0.6179127546 2
0 0.9624825016 0.5669825662 0.0197521605 0.0251658601 0.9569511732 0.5582567253 2 0.9655731480 0.5671677136 2
0 0.9586953722 0.5025211314 0.0117269637 0.0482686238 0.9580735744 0.5165046433 2 0.9605703893 0.4969670279 2
0 0.9207706532 0.5395985768 0.0201512897 0.0370456291 0.9151004730 0.5486341077 2 0.9232825512 0.5323219011 2
0 0.9088939821 0.5135649101 0.0113305328 0.0478260882 0.9100692153 0.5282923447 2 0.9067328944 0.4989693154 2
0 0.9051819715 0.4482769968 0.0108166126 0.0365227155 0.9062418552 0.4353951018 2 0.9047015262 0.4541163598 2
0 0.8916442095 0.4522295928 0.0176375069 0.0523309379 0.8929909503 0.4720750563 2 0.8910336870 0.4432329826 2
0 0.8777808007 0.4134277729 0.0143698561 0.0372618183 0.8753386115 0.4029241702 2 0.8787448227 0.4175739319 2
0 0.9016166834 0.3997988818 0.0149530083 0.0613423146 0.9033525638 0.3790869553 2 0.9025554337 0.4087974150 2
0 0.9326598872 0.4041501062 0.0183455680 0.0360560486 0.9283052806 0.4114835904 2 0.9343788108 0.4012553098 2
0 0.9239583610 0.4708169576 0.0236007300 0.0236508145 0.9169753376 0.4718174681 2 0.9291590091 0.4693557470 2
0 0.9574540043 0.4559082892 0.0128517316 0.0236491903 0.9535339081 0.4492534315 2 0.9592309840 0.4589249362 2
0 0.9413284497 0.3734191494 0.0139204816 0.0552300033 0.9391357505 0.3546540846 2 0.9436812541 0.3833542673 2
0 0.9606481481 0.4264403292 0.0179398148 0.0246913580 0.9551839969 0.4276282905 2 0.9631250479 0.4259018264 2
0 0.9782774390 0.4411321891 0.0139735772 0.0451671183 0.9786701772 0.4506400392 2 0.9774022671 0.4332515574 2
0 0.9885477728 0.4515610086 0.0130208333 0.0385802469 0.9893960248 0.4377700373 2 0.9914344701 0.4542729946 2
0 0.9911234319 0.5002489048 0.0148409498 0.0358422939 0.9863457193 0.4914399456 2 0.9912327241 0.5050681942 2
0 0.9745206576 0.4013750530 0.0173636391 0.0324383053 0.9705413225 0.3917794129 2 0.9763244903 0.4057247567 2
0 0.9661953644 0.3690416934 0.0172361368 0.0329687599 0.9593458996 0.3612986349 2 0.9693002268 0.3725516218 2
0 0.9383470686 0.3275265684 0.0214453300 0.0233788807 0.9318151992 0.3292458919 2 0.9413079650 0.3267471991 2
0 0.9541232129 0.2954034851 0.0128836988 0.0379439018 0.9515591335 0.2839139130 2 0.9552855101 0.3006117082 2
0 0.8314634157 0.3895148541 0.0184967796 0.0471073096 0.8313815926 0.3711085237 2 0.8315005061 0.3978584437 2
0 0.8040360434 0.3292779071 0.0260416667 0.0366300366 0.7948557841 0.3263189152 2 0.8050919091 0.3301869003 2
0 0.8048527783 0.3760620112 0.0216123862 0.0379925743 0.7973924935 0.3649161023 2 0.8082345254 0.3811144517 2
0 0.7489408894 0.3081275720 0.0320252974 0.0339506173 0.7584502511 0.3121173810 2 0.7408914982 0.3063189916 2
0 0.7266426988 0.2846306739 0.0219814334 0.0493487636 0.7272589993 0.2716813144 2 0.7263633298 0.2905006186 2
0 0.6967252179 0.3097611801 0.0278458606 0.0368562407 0.6888091759 0.3173396869 2 0.7029420808 0.3078639107 2
0 0.7086805556 0.2213653016 0.0178240741 0.0562405902 0.7073438970 0.2091468730 2 0.7092864629 0.2269039153 2
0 0.7693089431 0.2367509786 0.0203252033 0.0459199036 0.7712554267 0.2479450464 2 0.7685706419 0.2325050687 2
0 0.7748454439 0.1465742061 0.0301587302 0.0705246914 0.7687209825 0.1282417348 2 0.7802761269 0.1580679878 2
0 0.7654222804 0.1810637983 0.0169556720 0.0534856213 0.7637615957 0.1644868146 2 0.7649770336 0.1919414112 2
0 0.7856114499 0.2318578741 0.0190548780 0.0391448359 0.7795313522 0.2239784302 2 0.7875998330 0.2390101205 2
0 0.8019592211 0.2401696622 0.0153344314 0.0601605250 0.8038491333 0.2173778588 2 0.8030371500 0.2481157696 2
0 0.8406235885 0.1595089331 0.0180527326 0.0330096357 0.8416554847 0.1690462703 2 0.8402321903 0.1558914210 2
0 0.8165454805 0.2527697934 0.0198717149 0.0293491107 0.8236331356 0.2625629351 2 0.8117031908 0.2522146844 2
0 0.8740725240 0.1822369348 0.0191437252 0.0221752217 0.8688524165 0.1819212639 2 0.8780689432 0.1797509927 2
0 0.7575522079 0.2562422138 0.0179838195 0.0382296851 0.7524322309 0.2655017151 2 0.7590399380 0.2571650852 2
0 0.8794621101 0.2704659691 0.0239705166 0.0244710328 0.8723001536 0.2740781907 2 0.8817548817 0.2726942431 2
0 0.9098915989 0.2386329419 0.0169376694 0.0511894008 0.9079647780 0.2581671481 2 0.9107650268 0.2297780862 2
0 0.8871581587 0.2266349661 0.0188992446 0.0445658256 0.8902917819 0.2391934632 2 0.8872574957 0.2164233765 2
0 0.8969354581 0.1834673709 0.0213014717 0.0260693733 0.8908798599 0.1797784895 2 0.8996804607 0.1851395409 2
0 0.8809752334 0.1545347996 0.0247972185 0.0228041671 0.8739977794 0.1557762599 2 0.8860024872 0.1540639137 2
0 0.7413617886 0.1437819934 0.0186314363 0.0587172538 0.7404606869 0.1279556841 2 0.7425696630 0.1499773761 2
0 0.7136934345 0.1541986908 0.0188901371 0.0547108247 0.7164410426 0.1388021702 2 0.7124479438 0.1611779336 2
0 0.7025399099 0.0837582350 0.0145108234 0.0603807822 0.7024484712 0.1004863518 2 0.7055797935 0.0696359047 2
0 0.6972446237 0.1375945838 0.0240815412 0.0363401035 0.7037385381 0.1311238743 2 0.6920749146 0.1422820448 2
0 0.6308486961 0.1345101877 0.0335328710 0.0596833283 0.6244280460 0.1132695565 2 0.6383352402 0.1417066743 2
0 0.7538160403 0.0283968330 0.0145765251 0.0432063340 0.7552511360 0.0152079435 2 0.7531655114 0.0343753566 2
0 0.7192028598 0.1054763150 0.0249919769 0.0287484746 0.7253624253 0.0986381384 2 0.7164107287 0.1085760605 2
0 0.7786489043 0.3036921497 0.0216280592 0.0514395866 0.7851144727 0.2863964455 2 0.7756726139 0.3048261402 2
0 0.7796062762 0.3485911987 0.0207024513 0.0458030122 0.7748705734 0.3607363986 2 0.7817529702 0.3430857796 2
0 0.9168198529 0.1615377633 0.0205269608 0.0256899056 0.9231886878 0.1670195831 2 0.9139328601 0.1590528543 2
0 0.9461947112 0.2306476777 0.0204734079 0.0365492734 0.9496535703 0.2401654281 2 0.9425773095 0.2241838067 2
0 0.9324642397 0.1847897858 0.0205886497 0.0237846573 0.9365831639 0.1849986382 2 0.9305971314 0.1846951130 2
0 0.9505086211 0.2094856242 0.0207980280 0.0411808697 0.9444591044 0.1954177525 2 0.9511709249 0.2130101415 2
0 0.9412725619 0.2593118336 0.0167862437 0.0308538640 0.9349914493 0.2587014524 2 0.9448255203 0.2601104716 2
0 0.7768213997 0.8960088044 0.0168437243 0.0474822770 0.7745884048 0.8827593534 2 0.7778336163 0.9020147805 2
0 0.8298138216 0.9747538929 0.0248952832 0.0331902408 0.8238196035 0.9791687932 2 0.8363105664 0.9696230368 2
0 0.9035399729 0.8800060223 0.0143970190 0.0466726889 0.9072021814 0.8703099043 2 0.8997591287 0.8922709128 2
0 0.8564953635 0.8777152055 0.0205685659 0.0422903868 0.8613261132 0.8684365334 2 0.8539887187 0.8861944003 2
0 0.9905572493 0.8419903643 0.0080453930 0.0398976212 0.9913993912 0.8323743550 2 0.9911860603 0.8511474752 2
0 0.6740328988 0.3850232187 0.0270969629 0.0473725440 0.6825187748 0.3792395390 2 0.6695518407 0.3954465649 2
0 0.7098451244 0.4383883547 0.0142618313 0.0604709648 0.7100442728 0.4616081705 2 0.7097548504 0.4278628122 2
0 0.8156497271 0.3041732294 0.0243157016 0.0341559160 0.8099361014 0.2976142328 2 0.8178169053 0.3066610567 2
0 0.5670475803 0.7901058098 0.0196098785 0.0542967976 0.5607216303 0.7761779164 2 0.5692353777 0.8019880139 2
0 0.6980950543 0.9076725518 0.0281326034 0.0351446337 0.7051306179 0.8990332922 2 0.6896086269 0.9176713211 2
0 0.7298166233 0.9345570630 0.0227385483 0.0425667857 0.7242098038 0.9214771194 2 0.7323581946 0.9404862014 2
0 0.6981025324 0.9498492346 0.0224300487 0.0347790956 0.6896444265 0.9582522196 2 0.7019365919 0.9460401615 2
0 0.2355259941 0.8530222924 0.0201339092 0.0578964366 0.2336710594 0.8380806671 2 0.2373416078 0.8673594524 2
0 0.1137290253 0.8846022918 0.0145291290 0.0427612284 0.1141317628 0.8681989707 2 0.1144457304 0.8924858852 2
0 0.0548733763 0.9532430467 0.0146591476 0.0452935176 0.0562836755 0.9374623489 2 0.0558815427 0.9590115607 2
0 0.1736782392 0.7334624567 0.0172268549 0.0644141179 0.1731388635 0.7232951903 2 0.1732041906 0.7464095719 2
0 0.2032771018 0.5329386308 0.0149612832 0.0583443050 0.2060763534 0.5185993532 2 0.2019428230 0.5467454890 2
0 0.1553268396 0.4170313142 0.0151387543 0.0577801347 0.1576127048 0.3947293905 2 0.1542906569 0.4271407762 2
0 0.1394883359 0.4261521306 0.0151357108 0.0562137967 0.1378033072 0.4089967699 2 0.1402521594 0.4339286556 2
0 0.1730439768 0.3819341523 0.0167828461 0.0506589950 0.1711122514 0.3697244677 2 0.1756842975 0.3877825695 2
0 0.2326221955 0.2558304431 0.0165264423 0.0581396835 0.2297431918 0.2709705252 2 0.2328518963 0.2445810776 2
0 0.3906621534 0.1225427533 0.0188415307 0.0526218987 0.3924182034 0.1443743385 2 0.3898661359 0.1126464957 2
0 0.4534118147 0.1414640320 0.0293409005 0.0385073612 0.4659191394 0.1405225001 2 0.4477422444 0.1418908283 2
0 0.4555376838 0.1999945596 0.0225949755 0.0556263740 0.4564710485 0.1824897011 2 0.4551145896 0.2079295119 2
0 0.4393787606 0.2667774960 0.0288711553 0.0660403050 0.4397228332 0.2838180290 2 0.4391931611 0.2508606525 2
0 0.4740912990 0.2182861883 0.0262125071 0.0510875774 0.4637507386 0.2331251115 2 0.4787786750 0.2115597045 2
0 0.5273590202 0.1162926089 0.0361664967 0.0328014925 0.5198047537 0.1167979193 2 0.5369020245 0.1194085455 2
0 0.5061929934 0.0665192556 0.0173611111 0.0640316934 0.5061032841 0.0856568217 2 0.5059403696 0.0553909287 2
0 0.3305188634 0.1343712311 0.0295683177 0.0344865510 0.3402074613 0.1349593688 2 0.3261270220 0.1341046282 2
0 0.3437240879 0.0814906947 0.0246165008 0.0635710337 0.3508071818 0.0628454072 2 0.3405133214 0.0899426035 2
0 0.4440515550 0.6401743075 0.0336392805 0.0364314901 0.4332964861 0.6272380117 2 0.4489268277 0.6460383303 2
0 0.5293133677 0.5033425171 0.0225776442 0.0512916846 0.5326111961 0.4859828172 2 0.5278184620 0.5112116690 2
0 0.6413140457 0.5765038088 0.0178526778 0.0516154452 0.6445749554 0.5589889710 2 0.6416236716 0.5817535914 2
0 0.6390127566 0.7547248209 0.0198759467 0.0582713638 0.6335334609 0.7372184858 2 0.6414965213 0.7626604426 2
0 0.7039967775 0.5368703844 0.0187174479 0.0585937500 0.7031102399 0.5185709770 2 0.7043986450 0.5451655057 2
0 0.7996746078 0.1275577595 0.0369728655 0.0397468316 0.7938467223 0.1312498837 2 0.8097457796 0.1283205112 2
0 0.7740439386 0.0680271621 0.0283465146 0.0361100277 0.7668898965 0.0622235488 2 0.7765699983 0.0738440181 2
0 0.2848774534 0.6196360913 0.0304920863 0.0527506095 0.2933653607 0.6102438996 2 0.2783315595 0.6263797108 2
0 0.7552996288 0.6184209140 0.0160476013 0.0541518900 0.7540367933 0.6405011927 2 0.7558720721 0.6084119237 2
0 0.8898822743 0.5934131009 0.0132514601 0.0453349581 0.8889106000 0.5793622804 2 0.8918800505 0.6005861082 2
0 0.6597336620 0.5072086585 0.0333074508 0.0319429210 0.6510649143 0.4970122229 2 0.6679197485 0.5101007404 2
0 0.7502042484 0.3391152459 0.0204248366 0.0261994284 0.7454641224 0.3328018730 2 0.7539942166 0.3347181005 2
0 0.3851906845 0.4358637474 0.0388978587 0.0463115141 0.3735803207 0.4254055159 2 0.3939878278 0.4436748435 2
0 0.5085374733 0.7233024686 0.0220225712 0.0835366757 0.5063137250 0.6887559897 2 0.5080573745 0.7383065132 2
0 0.4152496936 0.3350631275 0.0392922794 0.0391602374 0.4305176159 0.3230509815 2 0.4083287445 0.3405082332 2
0 0.5080160961 0.4744986376 0.0181720267 0.0458356492 0.5039414627 0.4574525361 2 0.5088991109 0.4741373304 2
0 0.3403746212 0.7288230191 0.0259461762 0.0390311564 0.3326223733 0.7396098299 2 0.3446844307 0.7240535750 2
0 0.4335751847 0.7252051411 0.0214554222 0.0573299816 0.4355321998 0.7083903447 2 0.4331565070 0.7355021944 2
0 0.1325267078 0.8061535939 0.0282739104 0.0429058599 0.1231769651 0.7936940378 2 0.1367649461 0.8118015107 2
0 0.3252939403 0.1948261150 0.0226657958 0.0513880751 0.3326055119 0.2099801757 2 0.3204967304 0.1881254592 2
0 0.3861136112 0.1751444435 0.0331210363 0.0485502506 0.3971584394 0.1909618464 2 0.3811069906 0.1679744148 2
0 0.4221549203 0.3963411467 0.0351925725 0.0358782259 0.4130689493 0.4011699388 2 0.4274603435 0.3893755732 2
0 0.7097148670 0.7090109824 0.0206260639 0.0609583143 0.7089737732 0.6889590578 2 0.7120702180 0.7189456810 2
0 0.5128459305 0.9159527199 0.0188365272 0.0667446746 0.5135737695 0.8895562162 2 0.5125160011 0.9279182550 2
0 0.3758428624 0.0934220922 0.0252925690 0.0320699861 0.3698996955 0.0925993308 2 0.3785368999 0.0937950499 2
0 0.6157301547 0.8743914985 0.0214332091 0.0563961658 0.6192390031 0.8570464610 2 0.6126803354 0.8821084454 2
0 0.8892846201 0.3331101731 0.0129442402 0.0376195231 0.8895643837 0.3259206245 2 0.8901154456 0.3421020258 2
0 0.7632220962 0.6734294477 0.0223437298 0.0285295793 0.7547965401 0.6773038291 2 0.7670414008 0.6716731906 2
0 0.3470038483 0.2917033070 0.0258180371 0.0411851176 0.3442811042 0.3029176387 2 0.3551640852 0.2878040169 2
0 0.1894696159 0.3017308344 0.0220941742 0.0490283364 0.1939004466 0.2910792885 2 0.1846188660 0.3126340466 2
0 0.2413775679 0.7636849515 0.0237155878 0.0521184838 0.2520044900 0.7445591523 2 0.2365603841 0.7723546762 2
0 0.5016101444 0.5050158337 0.0201339486 0.0683679001 0.4983960476 0.4843090807 2 0.5030670945 0.5131928685 2
0 0.8202981681 0.5435154098 0.0192090530 0.0305118729 0.8140017436 0.5380935349 2 0.8228040359 0.5502389947 2
0 0.6952576046 0.2852870335 0.0279868132 0.0281522331 0.6871391561 0.2837319309 2 0.6989376974 0.2859919616 2
0 0.7496722028 0.1107226107 0.0229458042 0.0349650350 0.7571908135 0.1080755575 2 0.7416185450 0.1046446303 2
0 0.4097732756 0.2948100932 0.0310365652 0.0274739851 0.3989698865 0.2918592237 2 0.4167925081 0.2926593414 2
0 0.6256149449 0.9678311090 0.0146848403 0.0500287772 0.6228102491 0.9522442430 2 0.6268863134 0.9748966353 2
0 0.6685295012 0.8865909705 0.0254714112 0.0540686672 0.6701532298 0.8673568419 2 0.6677934650 0.8953098010 2
0 0.6609254290 0.5907096393 0.0258699634 0.0309032017 0.6512452008 0.5874858552 2 0.6646003443 0.5937191368 2
0 0.8205984323 0.2806518231 0.0244309889 0.0352683006 0.8121652064 0.2712477711 2 0.8261237470 0.2854869400 2
0 0.9001253858 0.2074331276 0.0202546296 0.0342935528 0.9047465426 0.2007977163 2 0.8925463478 0.2040768748 2
0 0.5429212838 0.8146359776 0.0155667461 0.0566957025 0.5438689470 0.7969293492 2 0.5424917081 0.8226623923 2
0 0.5409672233 0.9064079718 0.0282485492 0.0649526958 0.5335119173 0.8963722829 2 0.5457173709 0.9218869653 2
0 0.8377269132 0.3061735253 0.0232656185 0.0430868810 0.8430027384 0.2907440577 2 0.8352081059 0.3174130798 2
0 0.6637015716 0.1521767381 0.0225968567 0.0660168941 0.6680722896 0.1747021793 2 0.6617203252 0.1419659556 2
0 0.1881805006 0.2719200394 0.0286281580 0.0401740825 0.1934926512 0.2650568082 2 0.1812044628 0.2756844307 2
0 0.2804144736 0.3725509436 0.0173368846 0.0611167055 0.2827803693 0.3547225852 2 0.2816366097 0.3837689361 2
0 0.3599877451 0.0945669935 0.0222120098 0.0599128540 0.3567484087 0.1174301258 2 0.3614561363 0.0842031356 2
0 0.4654234854 0.3712950958 0.0302542892 0.0585511983 0.4579634516 0.3782905233 2 0.4734942207 0.3614435873 2
0 0.4456037854 0.4371228401 0.0206175465 0.0743890860 0.4443667832 0.4110619108 2 0.4461645186 0.4489362593 2
0 0.2156351964 0.8354970816 0.0235990234 0.0486014636 0.2232994036 0.8498035048 2 0.2121610113 0.8290119799 2
0 0.7308075413 0.8944414891 0.0268213573 0.0382568197 0.7374713861 0.8986905780 2 0.7238753063 0.8854438766 2
0 0.7511261185 0.9733455130 0.0250315410 0.0382499590 0.7458250653 0.9813054448 2 0.7588199779 0.9667214586 2
0 0.8557028511 0.7926183934 0.0182481752 0.0452825088 0.8536938931 0.8064549547 2 0.8566135117 0.7863462802 2
0 0.6358012482 0.4661314268 0.0270086146 0.0356383810 0.6274182380 0.4554538633 2 0.6396012668 0.4709715663 2
0 0.9413992496 0.4288558912 0.0135028642 0.0428614098 0.9424611799 0.4160809910 2 0.9409178765 0.4346467535 2
0 0.9149615575 0.3474039276 0.0127108135 0.0490647095 0.9128403988 0.3271833907 2 0.9159230788 0.3565698970 2
0 0.9006752796 0.3296657047 0.0133815837 0.0436507937 0.9020688828 0.3135435413 2 0.9000435592 0.3369738813 2
0 0.8690476190 0.3936755117 0.0228174603 0.0346654374 0.8740756661 0.3893403213 2 0.8638183971 0.3950709766 2
0 0.2056582628 0.3979351562 0.0211004274 0.0531912789 0.2032924602 0.4136827074 2 0.2096206171 0.3897921377 2
0 0.2197056565 0.4110079011 0.0211875157 0.0561819831 0.2271076004 0.3903909291 2 0.2163503553 0.4203535746 2
0 0.2178507194 0.4666854479 0.0236061151 0.0591684060 0.2216141027 0.4449725552 2 0.2170415722 0.4655015174 2
0 0.1634438306 0.6368426437 0.0195672192 0.0429711479 0.1716146201 0.6245148683 2 0.1597400117 0.6424308244 2
0 0.1722942000 0.6552566616 0.0276542470 0.0456712753 0.1805372822 0.6454563133 2 0.1663779605 0.6596559750 2
0 0.2341316185 0.6890994486 0.0260499032 0.0316945650 0.2443294605 0.6942875639 2 0.2295089367 0.6867476759 2
0 0.8178630473 0.7740282575 0.0188533840 0.0644790974 0.8138863680 0.7977145191 2 0.8196656761 0.7632912752 2
0 0.8788574275 0.2380636140 0.0129357298 0.0344952796 0.8817587671 0.2496697017 2 0.8775422502 0.2328025745 2
0 0.8532128997 0.2589955735 0.0208807481 0.0522616454 0.8578077946 0.2757098612 2 0.8511300339 0.2514189870 2
0 0.8303468089 0.2432576426 0.0175471230 0.0381760729 0.8249770297 0.2314986918 2 0.8329658221 0.2489917710 2
0 0.1599441803 0.1352625671 0.0152675603 0.0451885655 0.1586053204 0.1535806886 2 0.1594509952 0.1316736844 2
0 0.3542762899 0.2250183430 0.0182540723 0.0584394519 0.3599928639 0.2427888890 2 0.3516849669 0.2169629545 2
0 0.1993687433 0.3584925986 0.0287419360 0.0265705543 0.1876135582 0.3638890546 2 0.2046973687 0.3560463851 2
0 0.2184715850 0.3074824176 0.0329992777 0.0328136913 0.2049751866 0.3084282872 2 0.2245895023 0.3070536550 2
0 0.3212705475 0.9859972312 0.0296554065 0.0280055376 0.3300752012 0.9957398183 2 0.3132432853 0.9827832920 2
0 0.4144630426 0.7767043518 0.0240970832 0.0513077921 0.4210978515 0.7655343174 2 0.4095949599 0.7860098704 2
0 0.4724744465 0.8384967769 0.0320428652 0.0423796655 0.4606702564 0.8314761887 2 0.4778252859 0.8416792096 2
0 0.5964197090 0.5873125590 0.0158321188 0.0435086001 0.5938489921 0.5777567966 2 0.5997157629 0.5956441251 2
0 0.8588033775 0.5435867694 0.0103556727 0.0482926666 0.8585816883 0.5600645762 2 0.8589038692 0.5361173796 2
0 0.9236964484 0.4990476936 0.0198812724 0.0278773397 0.9170643603 0.4925643006 2 0.9267027739 0.5019866157 2
0 0.9239308614 0.3610994286 0.0142865456 0.0476285785 0.9238386757 0.3462245527 2 0.9239726492 0.3678422099 2
0 0.9191919192 0.2923681257 0.0214646465 0.0370370370 0.9279405115 0.3022769414 2 0.9162648088 0.2901151239 2
0 0.9353445608 0.2946444290 0.0131492622 0.0380961026 0.9316168257 0.2809359883 2 0.9381351703 0.2988614358 2
0 0.8119781941 0.1799732375 0.0239339869 0.0431797695 0.8032306274 0.1952264128 2 0.8159434662 0.1730589731 2
0 0.7947607237 0.4615295305 0.0287644925 0.0463695752 0.8046030521 0.4527713145 2 0.7902991963 0.4654996298 2
0 0.6640034081 0.7525008836 0.0201935345 0.0561611298 0.6690082173 0.7737988710 2 0.6617347281 0.7428465059 2
0 0.1687632076 0.3530655014 0.0245745305 0.0410798122 0.1634066575 0.3676949307 2 0.1741426323 0.3437406656 2
0 0.1326721294 0.6025987376 0.0153442588 0.0512127813 0.1358717384 0.5890385472 2 0.1312217467 0.6087455718 2
0 0.2209094419 0.7469499367 0.0225420545 0.0314453871 0.2155518735 0.7373683947 2 0.2258768007 0.7490261325 2
0 0.7480828103 0.8695085385 0.0229712230 0.0273592096 0.7572086749 0.8639286572 2 0.7439460558 0.8720378987 2
0 0.7599469529 0.8383943810 0.0265690860 0.0321461072 0.7701258786 0.8311720668 2 0.7576019890 0.8450518024 2
0 0.8409507889 0.7386324911 0.0224635016 0.0420797970 0.8363238809 0.7478163933 2 0.8455750909 0.7328453203 2
0 0.5031073325 0.1793763571 0.0178062678 0.0688509022 0.5022155308 0.1667089692 2 0.5015268132 0.1930516385 2
0 0.2202668600 0.5650373651 0.0190882732 0.0390086304 0.2260785970 0.5527746528 2 0.2176323996 0.5705960526 2
0 0.9312659921 0.5891687657 0.0191648629 0.0280583614 0.9236500712 0.6007254021 2 0.9319318710 0.5832354267 2
0 0.8753644907 0.3195380033 0.0217803030 0.0409652076 0.8696149455 0.3069598175 2 0.8779707596 0.3252396950 2
0 0.8883073777 0.2952221363 0.0258838384 0.0246913580 0.8785468885 0.2931488333 2 0.8927318075 0.2961619645 2
0 0.9522357724 0.3789521229 0.0152439024 0.0397470641 0.9563464976 0.3915987849 2 0.9483885438 0.3702391365 2
0 0.6292972505 0.5060487083 0.0261695231 0.0313758134 0.6376309226 0.5119190980 2 0.6244203460 0.5027365918 2
0 0.4978344338 0.2410643880 0.0291473088 0.0410884710 0.4909854925 0.2472835584 2 0.5034119844 0.2347776180 2
0 0.1348686415 0.7112293908 0.0140224359 0.0420227920 0.1373104667 0.6972064809 2 0.1337617622 0.7175859758 2
0 0.1520691662 0.7185377466 0.0180288462 0.0413105413 0.1559677866 0.7327313732 2 0.1480929381 0.7115263424 2
0 0.1604567308 0.7581908832 0.0164262821 0.0349002849 0.1671730221 0.7536252787 2 0.1574122359 0.7602604717 2
0 0.3609262115 0.6030514442 0.0430610236 0.0349956255 0.3744115054 0.6023262593 2 0.3548133278 0.6033801705 2
0 0.5948525485 0.6923413926 0.0300824264 0.0258990208 0.6046793575 0.6864262319 2 0.5894099812 0.6933892855 2
0 0.7903211806 0.2061287478 0.0244915675 0.0220458554 0.7841400431 0.2029647007 2 0.7947947273 0.2050837563 2
0 0.8492463425 0.1938632045 0.0266203704 0.0360082305 0.8445352781 0.2027572494 2 0.8526418294 0.1897181404 2
0 0.4461043471 0.3587411984 0.0304711513 0.0359245502 0.4562655216 0.3508887359 2 0.4414982867 0.3623007196 2
0 0.3277595230 0.4933807626 0.0193643162 0.0783475783 0.3299638000 0.5170254847 2 0.3245659998 0.4826725010 2
0 0.7324651756 0.6213668418 0.0162673318 0.0406812160 0.7272239281 0.6350001590 2 0.7334262895 0.6140230666 2
0 0.8895815604 0.8405647824 0.0216697080 0.0405515004 0.8961792574 0.8251027587 2 0.8865908243 0.8475737177 2
0 0.7977421120 0.5163781535 0.0218731129 0.0562130972 0.8038847875 0.4997573514 2 0.7949576372 0.5239123631 2
0 0.9239004630 0.2595164609 0.0162037037 0.0344650206 0.9278075627 0.2511278977 2 0.9234385105 0.2657886360 2
0 0.8687453677 0.2066469021 0.0202546296 0.0329218107 0.8761458266 0.1988110839 2 0.8653907396 0.2101988785 2
0 0.6525242208 0.2736255138 0.0224187174 0.0572112300 0.6450173974 0.2514285228 2 0.6535859520 0.2807741984 2
0 0.8588639019 0.3229923849 0.0194704050 0.0437002423 0.8566264016 0.3132906819 2 0.8598781607 0.3273901669 2
0 0.8454748377 0.3811928812 0.0263798701 0.0493025493 0.8528945587 0.3914206245 2 0.8460088617 0.3684891051 2
0 0.4851456881 0.2143734923 0.0129560531 0.0400773908 0.4838913131 0.2272862600 2 0.4857142963 0.2085201347 2
0 0.4060352234 0.3749045437 0.0362435567 0.0405689194 0.3962803128 0.3830585626 2 0.4146525284 0.3673996812 2
0 0.1920021186 0.8272128060 0.0167725989 0.0294256121 0.1963108715 0.8208397739 2 0.1881476659 0.8334801174 2
0 0.2215748588 0.8976381042 0.0295727401 0.0235404896 0.2310076023 0.8958082726 2 0.2135967373 0.8976379859 2
0 0.5437271062 0.6732295482 0.0165979853 0.0778388278 0.5421511463 0.6923895905 2 0.5443226000 0.6505845166 2
0 0.4568738553 0.8688441188 0.0203182234 0.0498575499 0.4590002070 0.8557612513 2 0.4541350082 0.8850264956 2
0 0.9398674242 0.4903799904 0.0092442280 0.0404842072 0.9389221300 0.4758122179 2 0.9402959261 0.4969835616 2
0 0.3202614379 0.6021544420 0.0360838780 0.0338900992 0.3315617197 0.6055996172 2 0.3151390202 0.6005927441 2
0 0.4218294925 0.4977423352 0.0217608447 0.0526382547 0.4191144359 0.4878966346 2 0.4241002443 0.5110024089 2
0 0.1913182947 0.6555511565 0.0223431201 0.0465695684 0.1987042252 0.6467515134 2 0.1879702524 0.6595400348 2
0 0.0465851424 0.1884270905 0.0194650032 0.0293793161 0.0400157038 0.1914447089 2 0.0494457612 0.1879153307 2
0 0.1465548960 0.1623226583 0.0182242062 0.0489425491 0.1481582383 0.1783645714 2 0.1458281008 0.1550508590 2
0 0.0953620365 0.1842956276 0.0177879885 0.0368792447 0.0934232911 0.1712558385 2 0.0968160955 0.1923666211 2
0 0.0527096390 0.2190823623 0.0198721397 0.0310199255 0.0471357461 0.2161440861 2 0.0565871296 0.2213140737 2
0 0.0463360136 0.2423730149 0.0180303317 0.0227479453 0.0518614379 0.2398500609 2 0.0438313388 0.2435166699 2
0 0.0537265109 0.3371169850 0.0160062815 0.0529406728 0.0573868621 0.3185171620 2 0.0498180003 0.3523771339 2
0 0.1160339087 0.3151919531 0.0189997043 0.0289519304 0.1104115472 0.3209409793 2 0.1185825251 0.3125859195 2
0 0.1063207945 0.2347260348 0.0130283687 0.0377753759 0.1081463171 0.2492516319 2 0.1054932851 0.2281415816 2
0 0.0995739607 0.2829295663 0.0209384497 0.0358452472 0.1008923075 0.2707090944 2 0.0963944184 0.2869773219 2
0 0.0564174894 0.4205719667 0.0160915863 0.0361899130 0.0607796664 0.4097770327 2 0.0555450540 0.4294229855 2
0 0.0833660497 0.4323765479 0.0141528410 0.0372239105 0.0807487435 0.4439848933 2 0.0850139832 0.4253729381 2
0 0.1285434699 0.3696167543 0.0277628333 0.0223343463 0.1373484758 0.3698042526 2 0.1218385131 0.3692527872 2
0 0.0399819184 0.5237927956 0.0142691657 0.0317092571 0.0380769585 0.5137781850 2 0.0419544492 0.5283920166 2
0 0.1698981668 0.5146936175 0.0220241471 0.0515620094 0.1644340070 0.5242560265 2 0.1748256820 0.5010944822 2
0 0.0388718441 0.5723199787 0.0155099627 0.0396365714 0.0396473422 0.5604910471 2 0.0379024714 0.5801369999 2
0 0.0577988455 0.4913780718 0.0159946491 0.0379132422 0.0548907275 0.4787460688 2 0.0582835318 0.4977026900 2
0 0.0528308105 0.1553150434 0.0172063649 0.0370515776 0.0558601001 0.1669475155 2 0.0514576336 0.1500420438 2
0 0.0980035770 0.1425193242 0.0139589665 0.0344665838 0.1012994441 0.1335580124 2 0.0974219534 0.1559612919 2
0 0.0659948914 0.6656963461 0.0189221545 0.0275732671 0.0718886772 0.6645051810 2 0.0599460059 0.6691926364 2
0 0.0616521018 0.7336335866 0.0157038373 0.0358452472 0.0603919174 0.7216323221 2 0.0636877845 0.7423122724 2
0 0.0705218618 0.8528104537 0.0172063649 0.0383440745 0.0665231995 0.8401009009 2 0.0735511514 0.8590575220 2
0 0.0584047034 0.8183438699 0.0138135606 0.0409290683 0.0616763362 0.8060651494 2 0.0569216723 0.8239098139 2
0 0.1164458920 0.6240349169 0.0169640217 0.0486840497 0.1123260582 0.6098950008 2 0.1174152647 0.6344524418 2
0 0.0633121525 0.6088564712 0.0124200873 0.0398519876 0.0616460433 0.5957591694 2 0.0616460433 0.6156851631 2
0 0.0559812717 0.4681966088 0.0273847779 0.0361899130 0.0660385132 0.4607345934 2 0.0488321483 0.4783987176 2
0 0.0317469550 0.3534606717 0.0176910512 0.0366207453 0.0267789200 0.3653861097 2 0.0352609309 0.3485836501 2
0 0.0513767515 0.5033101870 0.0133288742 0.0443757267 0.0512555800 0.5186822834 2 0.0522249526 0.4962790039 2
0 0.0618459764 0.5518959170 0.0145405901 0.0430832298 0.0642694081 0.5404116513 2 0.0601980428 0.5641935941 2
0 0.0101784130 0.6054282577 0.0133288742 0.0452373913 0.0095725551 0.5906420932 2 0.0112689573 0.6147687019 2
0 0.2078092662 0.9368227518 0.0300505528 0.0280040994 0.1999985459 0.9357456711 2 0.2169625677 0.9348840065 2
0 0.1731123820 0.9384739087 0.0336277163 0.0206823369 0.1832037409 0.9412051148 2 0.1661857457 0.9364865677 2
0 0.0977854681 0.9370381680 0.0203568261 0.0413599006 0.0912422026 0.9219590375 2 0.1031170178 0.9486706400 2
0 0.1129901715 0.9350404296 0.0165426626 0.0307316194 0.1136108480 0.9450559579 2 0.1102438212 0.9296961040 2
0 0.0535468809 0.8508597719 0.0126263505 0.0457407413 0.0511009844 0.8330717059 2 0.0544362468 0.8576361780 2
0 0.0440482941 0.7280220558 0.0182397162 0.0368378848 0.0465919280 0.7162604030 2 0.0396434647 0.7405248780 2
0 0.0370785046 0.5066319967 0.0220532283 0.0292965963 0.0308987539 0.4989545652 2 0.0449546576 0.5118795341 2
0 0.0652758495 0.2313462624 0.0095293211 0.0413360773 0.0677534730 0.2185320785 2 0.0650852631 0.2446212420 2
0 0.0659173416 0.2399330251 0.0231098445 0.0306063264 0.0720437769 0.2310213452 2 0.0631402285 0.2439726896 2
0 0.2597834142 0.0511828770 0.0195813279 0.0413599006 0.2671060553 0.0653141764 2 0.2564640609 0.0447771590 2
0 0.2847577457 0.1546363964 0.0184320397 0.0413268127 0.2893506800 0.1398447724 2 0.2826757686 0.1613414395 2
0 0.3010326130 0.1697479254 0.0222955714 0.0448065590 0.3089368777 0.1543000025 2 0.2974496097 0.1767504688 2
0 0.3201770099 0.0458405565 0.0306321764 0.0368792447 0.3311832672 0.0570421963 2 0.3150916809 0.0380855751 2
0 0.3302233134 0.0241266087 0.0249613463 0.0374824099 0.3235031373 0.0131403851 2 0.3356202957 0.0338203354 2
0 0.3929038144 0.2512178134 0.0344279248 0.0472279440 0.4037547320 0.2420520430 2 0.3873454637 0.2609522331 2
0 0.2297835570 0.1931824661 0.0168720657 0.0586854460 0.2253656410 0.2143390682 2 0.2317861983 0.1835921783 2
0 0.2777864240 0.0138142068 0.0265840761 0.0276284136 0.2857610264 0.0058455326 2 0.2681417088 0.0232718374 2
0 0.2060797486 0.1304560198 0.0240404422 0.0337772522 0.1961475563 0.1249413664 2 0.2106881463 0.1345920099 2
0 0.2090341954 0.0629015155 0.0164793354 0.0365345789 0.2093773533 0.0697948323 2 0.2070508589 0.0556635329 2
0 0.2200664763 0.1563393126 0.0208762484 0.0329653447 0.2273913270 0.1500341153 2 0.2167461215 0.1620150372 2
0 0.2084943071 0.0923285333 0.0169145450 0.0453172159 0.2098689117 0.1039754813 2 0.2072483484 0.0827992122 2
0 0.2266673158 0.0646593113 0.0198527523 0.0562494648 0.2221337537 0.0475638857 2 0.2323703291 0.0773430141 2
0 0.3111985355 0.0990914285 0.0344127298 0.0271424348 0.3196248075 0.0984451801 2 0.3036301584 0.1005993416 2
0 0.4858168579 0.0295120124 0.0298082096 0.0258499379 0.4753403628 0.0312353416 2 0.4937584435 0.0234803602 2
0 0.4752435322 0.0920965468 0.0344796309 0.0413423866 0.4652517234 0.0945676894 2 0.4851238631 0.0859510434 2
0 0.4409786133 0.0943386775 0.0235224832 0.0566828763 0.4411652176 0.1135243105 2 0.4382570996 0.0773343975 2
0 0.5541861453 0.0370515776 0.0358667888 0.0452373913 0.5418920764 0.0316661739 2 0.5674592806 0.0458836397 2
0 0.6398557138 0.0857356273 0.0346550730 0.0443757267 0.6458585541 0.0984451801 2 0.6310756208 0.0781960621 2
0 0.6424986390 0.0370515776 0.0242343168 0.0504073789 0.6480167929 0.0471761366 2 0.6369901788 0.0213261988 2
0 0.6055389982 0.1021072546 0.0176910512 0.0460990559 0.6071796614 0.0893977018 2 0.6047952855 0.1078684949 2
0 0.5898592274 0.1887083124 0.0184180807 0.0590240248 0.5876224000 0.1687521603 2 0.5902881748 0.2014954150 2
0 0.5677558941 0.1033997515 0.0189027671 0.0641940124 0.5702447584 0.0868127080 2 0.5639438361 0.1169709689 2
0 0.6226734573 0.1757795776 0.0227802578 0.0547157018 0.6231024047 0.1561767080 2 0.6201942867 0.1863349689 2
0 0.5965870771 0.2832890815 0.0228348849 0.0648510370 0.5912924605 0.2990079117 2 0.5981927925 0.2659441730 2
0 0.6167607876 0.3510910941 0.0329586708 0.0516998758 0.6277316628 0.3740027557 2 0.6066478072 0.3399670042 2
0 0.6103977535 0.2685057333 0.0312899733 0.0466724144 0.6183877716 0.2549732503 2 0.6025055697 0.2774483306 2
0 0.6161035823 0.4109685056 0.0184786665 0.0484686335 0.6151251218 0.3957170423 2 0.6160339087 0.4237211416 2
0 0.1757243814 0.4629622814 0.0260440818 0.0444576067 0.1720579944 0.4797378140 2 0.1850744731 0.4551669095 2
0 0.2638546333 0.5569174205 0.0173711583 0.0366724452 0.2633536615 0.5455241466 2 0.2625781633 0.5706158196 2
0 0.2742849154 0.1486199095 0.0210935493 0.0521134748 0.2782818328 0.1319877148 2 0.2700615525 0.1620425759 2
0 0.1455249085 0.2535134985 0.0242469624 0.0463677613 0.1539958298 0.2395459844 2 0.1389821859 0.2571928753 2
0 0.0523151043 0.4076090922 0.0175786040 0.0334980728 0.0589998982 0.4205530867 2 0.0487012830 0.3994871107 2
0 0.1099759615 0.5299145299 0.0124198718 0.0527065527 0.1104547504 0.5129527396 2 0.1097589106 0.5376038749 2
0 0.1670701291 0.5844418362 0.0260416667 0.0462962963 0.1751236760 0.5992008487 2 0.1634194563 0.5777515758 2
0 0.0280348393 0.7832213295 0.0207709421 0.0129994168 0.0329059369 0.7841354384 2 0.0230788245 0.7849295485 2
0 0.2665801500 0.8402502046 0.0303700138 0.0372573998 0.2555324035 0.8416784998 2 0.2761606539 0.8449872919 2
0 0.4190714376 0.0439448944 0.0215685419 0.0581623602 0.4190156987 0.0644094285 2 0.4175616396 0.0346820000 2
0 0.4553038391 0.0288657640 0.0242343168 0.0400674037 0.4484624915 0.0308045093 2 0.4591255908 0.0359744969 2
0 0.1702460753 0.0437294782 0.0276271211 0.0224032795 0.1638894140 0.0454528074 2 0.1779453177 0.0454528074 2
0 0.0514979231 0.2901655527 0.0189027671 0.0439448944 0.0500438641 0.2762410528 2 0.0561024433 0.3016601584 2
0 0.1390616250 0.5109381025 0.0195425530 0.0424628313 0.1438340405 0.4989933633 2 0.1342178636 0.5227063729 2
0 0.9948531740 0.2199564729 0.0102936521 0.0472054332 0.9957862533 0.1989302024 2 0.9950417751 0.2313563645 2
0 0.1101840722 0.9702171913 0.0159723607 0.0309218810 0.1063577321 0.9600033923 2 0.1124564976 0.9761538269 2
0 0.1002719090 0.8681611808 0.0241955419 0.0259188710 0.1083370897 0.8623707947 2 0.0956189202 0.8761574283 2
0 0.4373238018 0.6554908979 0.0321640203 0.0336215242 0.4482784498 0.6547929834 2 0.4298433468 0.6589871882 2
0 0.1065340565 0.5909320831 0.0186119553 0.0227479453 0.1125441670 0.5963364435 2 0.1040136875 0.5894431267 2
0 0.1388307903 0.3117895986 0.0237776788 0.0347680597 0.1419602611 0.3141759521 2 0.1317106007 0.3165860236 2
0 0.4692252547 0.6875520391 0.0224894460 0.0620398509 0.4713609765 0.6687139830 2 0.4677936851 0.7053864282 2
0 0.1384768986 0.9456771903 0.0325681684 0.0281439653 0.1301970601 0.9430578947 2 0.1438458273 0.9441608254 2
0 0.1969257006 0.7448037788 0.0172004110 0.0259889797 0.1909076166 0.7460099791 2 0.2022157443 0.7440899974 2
0 0.2169156846 0.6377290656 0.0283491157 0.0309082152 0.2261859893 0.6352971034 2 0.2080393329 0.6410874895 2
0 0.2127830463 0.6661575522 0.0286624111 0.0251468196 0.2236735217 0.6621164142 2 0.2078463938 0.6679894001 2
0 0.7414743674 0.4524251720 0.0265244597 0.0344450422 0.7303789278 0.4548998727 2 0.7515112520 0.4535212094 2
0 0.8572369971 0.9586014968 0.0181466564 0.0308820591 0.8511524387 0.9707337343 2 0.8612339145 0.9533625761 2
0 0.3053225019 0.8611531544 0.0358302473 0.0428268866 0.3164939156 0.8487333573 2 0.2953769401 0.8640480351 2
0 0.2531386307 0.3736890764 0.0148383813 0.0453821509 0.2539595420 0.3594268592 2 0.2536617507 0.3843089754 2
0 0.5554097036 0.6331719966 0.0217691013 0.0522482945 0.5487429012 0.6164471557 2 0.5599100744 0.6433586643 2
0 0.5492206938 0.6441578032 0.0261008201 0.0591968938 0.5437788330 0.6281364179 2 0.5529144838 0.6538054338 2
0 0.8008396187 0.8353585177 0.0238251989 0.0561227969 0.7928756871 0.8173022189 2 0.8032983820 0.8430666796 2
0 0.2399132666 0.1307846380 0.0293503090 0.0348984915 0.2490175800 0.1299375873 2 0.2328177341 0.1384080949 2
0 0.1821114186 0.0820738755 0.0222748085 0.0573013763 0.1877285067 0.0605508945 2 0.1795651925 0.0918302428 2
0 0.1356596966 0.0674776306 0.0237533369 0.0255887500 0.1289189520 0.0699091691 2 0.1400487431 0.0635501386 2
0 0.0705169761 0.4902761360 0.0207739200 0.0406584367 0.0767110349 0.4816972059 2 0.0668005409 0.4993158618 2
0 0.0808513031 0.5049037084 0.0199016087 0.0366241920 0.0726392121 0.5185235788 2 0.0865857706 0.5027296114 2
0 0.1061317668 0.4361210131 0.0203010872 0.0534835215 0.1109737833 0.4197645511 2 0.1029086027 0.4489922142 2
0 0.1918000766 0.4434233787 0.0242633979 0.0228341118 0.1991316360 0.4491255304 2 0.1856379684 0.4460924710 2
0 0.3806645751 0.6983596795 0.0347277759 0.0379390922 0.3920287248 0.7040618311 2 0.3700821276 0.7007530391 2
0 0.5144000134 0.5518104219 0.0215200733 0.0499765466 0.5176512893 0.5644527648 2 0.5139676732 0.5434281487 2
0 0.7954861090 0.0472192199 0.0242343168 0.0320539230 0.7863294148 0.0456682236 2 0.7999006321 0.0542848695 2
0 0.8261117978 0.1005697003 0.0273553090 0.0513235007 0.8166092779 0.0840133873 2 0.8336826448 0.1148954464 2
0 0.0931755990 0.5441447345 0.0222490247 0.0313236518 0.1003483887 0.5365176565 2 0.0916391811 0.5508226351 2
0 0.1340904389 0.5509921912 0.0270683592 0.0333958141 0.1429312905 0.5503821259 2 0.1300828810 0.5512687338 2
0 0.0801696758 0.6849751456 0.0152692170 0.0553870892 0.0798639069 0.6643052929 2 0.0828931965 0.6995628579 2
0 0.1129697231 0.7007157662 0.0216325002 0.0335272937 0.1062211226 0.7047193195 2 0.1147262081 0.6997888352 2
0 0.0958671054 0.7014914958 0.0136820941 0.0420734666 0.0923541353 0.7155203673 2 0.0974595348 0.6951322083 2
0 0.1097525820 0.6659289402 0.0247017267 0.0444400991 0.1157091002 0.6571671408 2 0.1070524923 0.6699006639 2
0 0.9055589343 0.9367215062 0.0193768036 0.0481215274 0.9109613689 0.9231791092 2 0.9032698133 0.9515786991 2
0 0.8871352573 0.9028055001 0.0163824421 0.0216234198 0.8942137266 0.9027790116 2 0.8839265871 0.9028175074 2
0 0.9088446730 0.8496820222 0.0233704959 0.0286625491 0.9047489586 0.8539367015 2 0.9137717450 0.8502552732 2
0 0.8862995792 0.9404029346 0.0205601198 0.0323439774 0.8801271058 0.9492120666 2 0.8901852939 0.9355381900 2
0 0.8798661845 0.9244463620 0.0113446895 0.0292864986 0.8785525260 0.9311028051 2 0.8832857910 0.9184807652 2
0 0.4916997310 0.1531728888 0.0247302158 0.0498900264 0.4902155392 0.1374339865 2 0.4923725151 0.1603073332 2
0 0.4086232526 0.0803681765 0.0272919756 0.0238529495 0.4168215181 0.0781997266 2 0.4049069788 0.0813511349 2
0 0.1134942143 0.8202693806 0.0190586422 0.0447242804 0.1115883501 0.8072857865 2 0.1163530106 0.8337137703 2
0 0.0430386039 0.7840938705 0.0149102619 0.0312256794 0.0456285240 0.7945968013 2 0.0409446721 0.7796084752 2
0 0.0396364744 0.7468974627 0.0212445175 0.0292397661 0.0429623997 0.7570313850 2 0.0381288325 0.7423037557 2
0 0.0585130809 0.8969606792 0.0193635805 0.0379478742 0.0619787044 0.8869315981 2 0.0569421138 0.9015068616 2
0 0.9685212219 0.1122172853 0.0093006174 0.0333399181 0.9687499256 0.1034079573 2 0.9681400490 0.1204845007 2
0 0.9138610360 0.1236016475 0.0201259262 0.0284609057 0.9079147397 0.1169607696 2 0.9165564922 0.1266119575 2
0 0.8927440605 0.1020526761 0.0205833336 0.0330688618 0.8873317476 0.0888219221 2 0.8950601033 0.1046429329 2
0 0.9740863454 0.3269470258 0.0091481483 0.0276477370 0.9740863454 0.3173733192 2 0.9737814071 0.3290287378 2
0 0.9335002807 0.2373596843 0.0156128397 0.0401163242 0.9293811745 0.2264480441 2 0.9368216684 0.2470483187 2
0 0.1393628905 0.2016278981 0.0210407410 0.0417426617 0.1457315264 0.1877172916 2 0.1371932547 0.2072333413 2
0 0.0727277786 0.4002995044 0.0163141977 0.0577349801 0.0753959885 0.3817809417 2 0.0688398156 0.4167471973 2
0 0.0630459884 0.3736492544 0.0164666669 0.0444532241 0.0631984575 0.3754599101 2 0.0619787044 0.3841337099 2
0 0.0950936511 0.3989214916 0.0189330600 0.0494363233 0.0945913426 0.3872671414 2 0.0959225734 0.4083038747 2
