0 0.0950766509 0.0877009085 0.0191627358 0.0585255066 0.0999157378 0.0685730599 2 0.0931664851 0.0952513750 2
0 0.1120283019 0.0911949686 0.0117924528 0.0428022362 0.1152957702 0.0750312645 2 0.1127943409 0.0990727803 2
0 0.1124330713 0.1555081740 0.0177954356 0.0447636745 0.1185098081 0.1439975148 2 0.1090818093 0.1629099242 2
0 0.1248525943 0.1135344536 0.0205385220 0.0333126866 0.1318906117 0.1062093232 2 0.1212326485 0.1165814051 2
0 0.1542352176 0.0865636254 0.0183080808 0.0364758698 0.1508890017 0.0975724635 2 0.1557520573 0.0815733191 2
0 0.1474027984 0.1242706364 0.0220783241 0.0241860000 0.1417026464 0.1230114380 2 0.1499868673 0.1248414729 2
0 0.1870127917 0.1879867478 0.0162146226 0.0462962963 0.1857559670 0.2047735560 2 0.1887264993 0.1766085088 2
0 0.1670597484 0.1964535290 0.0255503145 0.0349406010 0.1607626410 0.2068109214 2 0.1698877533 0.1896179273 2
0 0.1719765954 0.1585124368 0.0245609602 0.0394217987 0.1670601294 0.1681402562 2 0.1732573554 0.1516827972 2
0 0.1696820175 0.1242690058 0.0238878446 0.0480367586 0.1770936232 0.1133045378 2 0.1671865414 0.1326414370 2
0 0.1777890938 0.0811693984 0.0238410044 0.0242916587 0.1853935997 0.0766957467 2 0.1743419712 0.0831973047 2
0 0.2174606850 0.1628551214 0.0280070755 0.0296995108 0.2258254432 0.1531770917 2 0.2136689401 0.1672421722 2
0 0.2002157466 0.2122033702 0.0127751572 0.0349406010 0.1988387647 0.2271976044 2 0.2008399325 0.2054064839 2
0 0.1662696980 0.2418178928 0.0298611111 0.0290123457 0.1581271758 0.2454817810 2 0.1699607034 0.2401570523 2
0 0.2362175708 0.2926220737 0.0258205582 0.0362836303 0.2297010250 0.2993552089 2 0.2391717382 0.2895697191 2
0 0.2130296906 0.3259521885 0.0187450865 0.0534918763 0.2084326813 0.3137602089 2 0.2176266999 0.3381441681 2
0 0.1962952044 0.3349056604 0.0142492138 0.0497903564 0.1940720178 0.3181724089 2 0.1959356065 0.3413637346 2
0 0.2809758772 0.2691276803 0.0274122807 0.0438596491 0.2753829881 0.2566218906 2 0.2868867742 0.2759799963 2
0 0.2778919956 0.3032407407 0.0157620614 0.0365497076 0.2727820083 0.2940795803 2 0.2778550602 0.3099810764 2
0 0.2561053541 0.3021377127 0.0253734923 0.0524792885 0.2639779069 0.2831272041 2 0.2525367259 0.3107551762 2
0 0.1224064684 0.4502887017 0.0150767544 0.0402046784 0.1218629457 0.4364903185 2 0.1226528473 0.4565435088 2
0 0.1152823465 0.4919294765 0.0236019737 0.0362468672 0.1080965685 0.4832366361 2 0.1195934031 0.4978876143 2
0 0.0710337353 0.7395054884 0.0187799563 0.0431615042 0.0773546971 0.7540204678 2 0.0680986023 0.7340842637 2
0 0.0492969190 0.7547038825 0.0212445175 0.0292397661 0.0526228443 0.7648378049 2 0.0477892770 0.7501101756 2
0 0.1355047776 0.2567442913 0.0127075501 0.0532059315 0.1350673341 0.2418977122 2 0.1357030707 0.2634742456 2
0 0.1490053258 0.3102896129 0.0246710526 0.0377680312 0.1564272773 0.3229389043 2 0.1456409552 0.3045556891 2
0 0.1884594298 0.5140107212 0.0150767544 0.0560428850 0.1925637069 0.4963244601 2 0.1869026351 0.5207193030 2
0 0.2188501603 0.4636036478 0.0185032895 0.0621345029 0.2243319041 0.4473589226 2 0.2167290012 0.4750265402 2
0 0.2347176535 0.4878654971 0.0280975877 0.0280214425 0.2245207291 0.4915789231 2 0.2383293727 0.4856323437 2
0 0.2457145468 0.6193266732 0.0171235380 0.0527046784 0.2485704072 0.6035494935 2 0.2446312894 0.6253111206 2
0 0.3114080775 0.5860095841 0.0348227339 0.0489684860 0.3182386907 0.5929579971 2 0.3058020000 0.5797517524 2
0 0.3044613226 0.4952008242 0.0260416667 0.0633528265 0.3001309901 0.5160644998 2 0.3064242624 0.4857433200 2
0 0.2408482615 0.4151772294 0.0184289791 0.0642238545 0.2388717335 0.4038754991 2 0.2443789866 0.4318170462 2
0 0.2657072368 0.4122076023 0.0233004386 0.0633528265 0.2716006166 0.3934757614 2 0.2614382692 0.4162093089 2
0 0.2641858553 0.4323830409 0.0171326754 0.0438596491 0.2661759816 0.4460975196 2 0.2632837310 0.4261662677 2
0 0.2054805631 0.5972899245 0.0260820024 0.0435604190 0.2110766958 0.6116776295 2 0.2029438362 0.5907679778 2
0 0.1603354019 0.6294720252 0.0169917258 0.0604150250 0.1624994832 0.6124836580 2 0.1594906612 0.6384567502 2
0 0.2585954997 0.7834961221 0.0154626649 0.0588286121 0.2592205766 0.7669538453 2 0.2577207195 0.7999340218 2
0 0.2350146199 0.7761858350 0.0196454678 0.0438596491 0.2310663308 0.7671783471 2 0.2372223681 0.7830211862 2
0 0.2039473684 0.7651072125 0.0278691520 0.0324886290 0.2118800584 0.7627183427 2 0.1980365581 0.7727569044 2
0 0.1386147661 0.7480506823 0.0159904971 0.0487329435 0.1377492294 0.7358419681 2 0.1421789706 0.7607411669 2
0 0.1694535819 0.8808479532 0.0155336257 0.0462962963 0.1705559150 0.8944824976 2 0.1682416171 0.8691827753 2
0 0.1880789064 0.9156141833 0.0137061404 0.0479207277 0.1914524409 0.9023562672 2 0.1860075507 0.9263849591 2
0 0.2049374183 0.9173129830 0.0149183075 0.0498873267 0.2067869780 0.9343348993 2 0.2040990130 0.9095969484 2
0 0.0922590741 0.8099513184 0.0166255685 0.0500234278 0.0937816424 0.8246421340 2 0.0915688431 0.8032914820 2
0 0.2956597222 0.7967297084 0.0267361111 0.0398739165 0.2895523557 0.7889255771 2 0.3008234613 0.8055271794 2
0 0.3195681263 0.7547720031 0.0241905837 0.0644499741 0.3180686442 0.7344904785 2 0.3169486575 0.7626720261 2
0 0.3391812865 0.8199317739 0.0214729532 0.0430474334 0.3340733642 0.8113913538 2 0.3401141892 0.8274448636 2
0 0.3725350148 0.8575443345 0.0301535088 0.0324886290 0.3798792482 0.8581172199 2 0.3658869007 0.8582726904 2
0 0.3688815202 0.9038654072 0.0232052295 0.0555956422 0.3747249098 0.8912721311 2 0.3664012913 0.9136035497 2
0 0.3785396138 0.9320478385 0.0178179825 0.0504148940 0.3794207297 0.9145366464 2 0.3784696382 0.9356720128 2
0 0.3042306287 0.8979044834 0.0182748538 0.0446718648 0.3091008468 0.8877747559 2 0.3033085259 0.9043356183 2
0 0.2814274916 0.9337671968 0.0287518854 0.0201106083 0.2931000232 0.9341738417 2 0.2761363330 0.9335828646 2
0 0.2260583904 0.9602289240 0.0309574079 0.0316764133 0.2173475791 0.9609914383 2 0.2303984489 0.9589554000 2
0 0.3243499283 0.9578492075 0.0242141813 0.0503573749 0.3196433319 0.9491905827 2 0.3275087272 0.9716631408 2
0 0.3366445497 0.8978227726 0.0182269649 0.0672504834 0.3361818676 0.8811848283 2 0.3371072318 0.9144607168 2
0 0.4417438272 0.7994970279 0.0257201646 0.0445816187 0.4454254433 0.7936782582 2 0.4372020887 0.8098897559 2
0 0.4899833087 0.9731367170 0.0289351852 0.0537265661 0.4941775679 0.9988504499 2 0.4867927179 0.9705045608 2
0 0.4857102804 0.8779539922 0.0353756696 0.0405342898 0.4763989542 0.8711630465 2 0.4913404100 0.8872959074 2
0 0.5425193212 0.8966962034 0.0232946909 0.0629397318 0.5406253339 0.8827595485 2 0.5448448097 0.9089163201 2
0 0.5491393247 0.9616141740 0.0276807804 0.0380289619 0.5419124574 0.9536325331 2 0.5524155046 0.9652325179 2
0 0.5908465862 0.9400934065 0.0201194406 0.0395368188 0.5864107397 0.9486721002 2 0.5928573554 0.9362046846 2
0 0.6101051481 0.9420070452 0.0229366336 0.0567723750 0.6150249248 0.9274335444 2 0.6081631310 0.9477597429 2
0 0.5872027207 0.8981666626 0.0367056697 0.0276139097 0.5775131904 0.8999140680 2 0.5953976234 0.9008241447 2
0 0.5709522220 0.7588586374 0.0383631771 0.0365652023 0.5861929064 0.7535004276 2 0.5640436197 0.7612875139 2
0 0.4437657450 0.4330102177 0.0270061728 0.0823045267 0.4401551365 0.4023001642 2 0.4479966501 0.4379853835 2
0 0.4671424897 0.4611339735 0.0160751029 0.0582990398 0.4670412035 0.4440550407 2 0.4671824711 0.4678756575 2
0 0.4271089565 0.5617260743 0.0376026867 0.0560174444 0.4406297834 0.5438731935 2 0.4209795150 0.5698193803 2
0 0.4105471256 0.6253942237 0.0218621399 0.0516728647 0.4114117100 0.6367627452 2 0.4096848810 0.6119578053 2
0 0.4515630868 0.6096665658 0.0154320988 0.0651577503 0.4558086559 0.5856009347 2 0.4496385703 0.6205755164 2
0 0.3822659465 0.6377457705 0.0276491770 0.0388660265 0.3727218484 0.6388823246 2 0.3870756844 0.6413058152 2
0 0.3807326290 0.5423261581 0.0242857708 0.0606468292 0.3760302653 0.5579750001 2 0.3826779245 0.5298710749 2
0 0.3375029677 0.4992877493 0.0308641975 0.0491540924 0.3479851125 0.4884852802 2 0.3333652790 0.5035518818 2
0 0.3340406379 0.5594421582 0.0186471193 0.0491540924 0.3403205576 0.5753473035 2 0.3315617222 0.5531638114 2
0 0.3563290771 0.4249850515 0.0216525453 0.0545883015 0.3573574263 0.4173145815 2 0.3538916988 0.4365462325 2
0 0.3261948256 0.4062040342 0.0228111520 0.0386628820 0.3220255715 0.3973786319 2 0.3291044383 0.4159615760 2
0 0.3140452239 0.4349214855 0.0266869086 0.0273161542 0.3054633941 0.4402237913 2 0.3205451270 0.4304768904 2
0 0.3057854097 0.3810539678 0.0294386977 0.0553152620 0.3127489877 0.3650326724 2 0.3028465751 0.3884553281 2
0 0.3481867284 0.2856652949 0.0225051440 0.0548696845 0.3458133586 0.3006058093 2 0.3530746599 0.2801339926 2
0 0.3661908436 0.2930955647 0.0199331276 0.0582990398 0.3612084766 0.3101823971 2 0.3663352139 0.2818153655 2
0 0.3311036988 0.3507507715 0.0315072016 0.0285779607 0.3239155173 0.3471235688 2 0.3367069026 0.3508851124 2
0 0.2958709243 0.3409482607 0.0250771605 0.0480109739 0.3029332529 0.3267383162 2 0.2930831631 0.3465574493 2
0 0.3118891461 0.3021371918 0.0277134774 0.0307850586 0.3222559799 0.3015280416 2 0.3071898603 0.3024133196 2
0 0.3724356849 0.1896944179 0.0180041152 0.0582990398 0.3754608298 0.2058458011 2 0.3710643867 0.1823729959 2
0 0.3954475309 0.1696387746 0.0154320988 0.0651577503 0.3952510540 0.1883096908 2 0.3955366004 0.1611746259 2
0 0.4198160834 0.1800844054 0.0198123471 0.0627541121 0.4217250128 0.1625735027 2 0.4188580203 0.1909082967 2
0 0.4135663441 0.2444079882 0.0242047603 0.0592320716 0.4196722897 0.2306839163 2 0.4104761656 0.2550297068 2
0 0.4285357406 0.3296127918 0.0211661314 0.0627463884 0.4331318514 0.3522542054 2 0.4267214863 0.3206753917 2
0 0.4412660840 0.3041738012 0.0257931543 0.0556250695 0.4335835383 0.2867476277 2 0.4442986678 0.3110525539 2
0 0.4288837449 0.4508459076 0.0295781893 0.0491540924 0.4223587778 0.4374450900 2 0.4314593897 0.4561357041 2
0 0.5086162551 0.3919753086 0.0270061728 0.0594421582 0.5003240692 0.4146588204 2 0.5109715328 0.3881019627 2
0 0.4963048986 0.3045800430 0.0278012387 0.0652643384 0.5030794118 0.2842123768 2 0.4958276274 0.3132002710 2
0 0.4715391900 0.3958399574 0.0261545118 0.0740301662 0.4756518535 0.4110717344 2 0.4686257609 0.3802844742 2
0 0.5151709640 0.5419098409 0.0257708437 0.0448022767 0.5068474315 0.5298105560 2 0.5205283418 0.5504786546 2
0 0.5265525249 0.6080431638 0.0218621399 0.0553325823 0.5242202903 0.5904961873 2 0.5259072592 0.6219862748 2
0 0.5619703048 0.6342640333 0.0289351852 0.0480109739 0.5543320202 0.6244048358 2 0.5654329939 0.6387335362 2
0 0.5761287104 0.6949178330 0.0371719176 0.0434707826 0.5866916584 0.6864202210 2 0.5713405260 0.6987698005 2
0 0.5491790998 0.6782539214 0.0236941659 0.0595555333 0.5498740019 0.6920643514 2 0.5457342696 0.6636169603 2
0 0.5909491278 0.7154254416 0.0302211934 0.0411522634 0.5986572834 0.7082557297 2 0.5835849031 0.7213127004 2
0 0.5979272041 0.6593205009 0.0282921811 0.0628715135 0.5890637430 0.6356484568 2 0.6019453065 0.6700518275 2
0 0.6176737066 0.6163481053 0.0327932099 0.0445816187 0.6253121985 0.6067662143 2 0.6118728516 0.6236677778 2
0 0.6260715660 0.7105606363 0.0218621399 0.0571559214 0.6239589609 0.7185701924 2 0.6303154569 0.6884547040 2
0 0.6276774819 0.6437793538 0.0343820716 0.0480839107 0.6188007650 0.6490215388 2 0.6317012977 0.6414030713 2
0 0.6648662551 0.6548925469 0.0308641975 0.0388660265 0.6549846551 0.6487829828 2 0.6720969404 0.6618558683 2
0 0.6717901115 0.7055942253 0.0360082305 0.0422953818 0.6630157162 0.6960353948 2 0.6773229307 0.7062465454 2
0 0.6618588186 0.7596971546 0.0206065098 0.0507427569 0.6579676484 0.7502407692 2 0.6632583767 0.7711022163 2
0 0.7083333333 0.8107497742 0.0160907859 0.0526949714 0.7090236802 0.7979241587 2 0.7080203991 0.8165636256 2
0 0.7290204164 0.7855349408 0.0178138680 0.0646121418 0.7305587174 0.7705764930 2 0.7295222822 0.7931477497 2
0 0.7656269439 0.8406524966 0.0292204130 0.0424835315 0.7723122632 0.8363156222 2 0.7564275479 0.8486306272 2
0 0.7865372026 0.8574849975 0.0217919081 0.0394480830 0.7816849458 0.8488719237 2 0.7900476332 0.8638740780 2
0 0.7988813073 0.8393367961 0.0176474384 0.0466350497 0.7956039708 0.8277285866 2 0.8021196936 0.8494861256 2
0 0.8132579607 0.8195046673 0.0230436992 0.0427130382 0.8200066636 0.8319295879 2 0.8120536467 0.8170780158 2
0 0.8356343286 0.8053117590 0.0152439024 0.0579644685 0.8376535949 0.7871527006 2 0.8348372498 0.8124798084 2
0 0.7814476061 0.7905426549 0.0189137308 0.0589534218 0.7833515148 0.7744702586 2 0.7809808914 0.8032280253 2
0 0.6443638456 0.9016235547 0.0160907859 0.0511894008 0.6409817859 0.9176299743 2 0.6471402065 0.8970714934 2
0 0.6613028443 0.4775720887 0.0242285552 0.0587823712 0.6549630320 0.4611338551 2 0.6655385960 0.4860346268 2
0 0.6546152920 0.4265900609 0.0235946192 0.0627555508 0.6580814434 0.4096936815 2 0.6532470744 0.4332596843 2
0 0.7060400549 0.4912503422 0.0296064376 0.0535544901 0.7174047026 0.4714927602 2 0.7017989476 0.4974316352 2
0 0.7134146341 0.5307136405 0.0177845528 0.0602228245 0.7137902235 0.5151330778 2 0.7126426849 0.5406217286 2
0 0.7642819557 0.5118877568 0.0230648025 0.0482324042 0.7694982936 0.5274165585 2 0.7638123649 0.4992321904 2
0 0.7344605241 0.5301698521 0.0208673201 0.0407811534 0.7417217221 0.5246403557 2 0.7311690230 0.5326763729 2
0 0.7953506098 0.5999698886 0.0224424119 0.0557061126 0.7893121777 0.5836313705 2 0.7980878310 0.6073761388 2
0 0.8160569106 0.6047939878 0.0206639566 0.0548153167 0.8113396841 0.5900354465 2 0.8179189736 0.6106197277 2
0 0.7822239160 0.5179162903 0.0165142276 0.0496838302 0.7794214547 0.5365174316 2 0.7838542069 0.5118451340 2
0 0.7990911914 0.4951738907 0.0157860850 0.0584521332 0.8039089653 0.4721958682 2 0.7969072944 0.5055898283 2
0 0.7837526291 0.4703231423 0.0322749058 0.0485136071 0.7924559955 0.4604612078 2 0.7798073931 0.4747935572 2
0 0.7642276423 0.4576934658 0.0228658537 0.0587172538 0.7661881936 0.4432625286 2 0.7633389244 0.4642350097 2
0 0.7465881947 0.4161128113 0.0203167505 0.0520452289 0.7400471250 0.3963876186 2 0.7494173813 0.4232343994 2
0 0.7636655575 0.3939550126 0.0146743050 0.0602118969 0.7647790906 0.3734331726 2 0.7622034867 0.4011924597 2
0 0.7786246612 0.4031165312 0.0169376694 0.0579644685 0.7790595745 0.3874931233 2 0.7792145413 0.4128388035 2
0 0.7932334011 0.4204305932 0.0148204607 0.0669978922 0.7928978878 0.4392863002 2 0.7924909747 0.4078071576 2
0 0.8111152311 0.4268597866 0.0224424119 0.0361336947 0.8067530198 0.4361368483 2 0.8170369557 0.4269139384 2
0 0.8233250830 0.4583005507 0.0262533875 0.0368864800 0.8320008820 0.4686656875 2 0.8209417627 0.4579805481 2
0 0.8349424119 0.4452725083 0.0262533875 0.0504366155 0.8282490202 0.4316928938 2 0.8414890078 0.4488599407 2
0 0.8247798103 0.5713640470 0.0127032520 0.0511894008 0.8239360342 0.5906549576 2 0.8251622940 0.5626194772 2
0 0.8364244580 0.5676001204 0.0105860434 0.0436615477 0.8356086613 0.5783261890 2 0.8367464830 0.5633661460 2
0 0.8468555346 0.5826390105 0.0143970190 0.0504366155 0.8496116443 0.5688706752 2 0.8474602089 0.5875723650 2
0 0.8633130081 0.5901836796 0.0118563686 0.0602228245 0.8629852023 0.5727451734 2 0.8634424052 0.5970673005 2
0 0.8667005420 0.6699789220 0.0118563686 0.0511894008 0.8669644766 0.6873234676 2 0.8665808916 0.6621160614 2
0 0.7375508130 0.7048838824 0.0228658537 0.0489310449 0.7324666147 0.6907150961 2 0.7375946777 0.7107715203 2
0 0.6945112742 0.6689567712 0.0271002710 0.0376392653 0.6882219363 0.6759038792 2 0.7010177286 0.6601214122 2
0 0.7419969512 0.6594399277 0.0207486450 0.0557061126 0.7457623626 0.6711662762 2 0.7401775203 0.6509119150 2
0 0.7704498733 0.7084387329 0.0257924876 0.0550072723 0.7625191322 0.7276977121 2 0.7740448782 0.6997086376 2
0 0.8008553523 0.7136404697 0.0232892954 0.0511894008 0.7965166846 0.7270922852 2 0.8053437542 0.7077502825 2
0 0.8274022508 0.7202286511 0.0232892954 0.0489310449 0.8222675285 0.7346243601 2 0.8323991826 0.7136105592 2
0 0.8050108932 0.7616194626 0.0190631808 0.0320745582 0.8080506081 0.7673912122 2 0.8030194322 0.7539255985 2
0 0.8336720867 0.7422463114 0.0228658537 0.0466726889 0.8279201644 0.7519729503 2 0.8359425824 0.7384068486 2
0 0.8823170437 0.7305279243 0.0249830623 0.0316169828 0.8760834799 0.7234525697 2 0.8877513936 0.7315870629 2
0 0.8580199864 0.7825203252 0.0148204607 0.0624811804 0.8580611544 0.7642162179 2 0.8606874279 0.7894366118 2
0 0.8710468575 0.8102288353 0.0155031196 0.0461975469 0.8712886185 0.8197826833 2 0.8720117775 0.7943170765 2
0 0.8876609079 0.8107497742 0.0232892954 0.0436615477 0.8823429272 0.8176303135 2 0.8897601107 0.8080337718 2
0 0.9115853659 0.8227943391 0.0169376694 0.0451671183 0.9126336423 0.8118575314 2 0.9111715725 0.8271115000 2
0 0.8575965447 0.9349593496 0.0156673442 0.0346281241 0.8621680249 0.9208529973 2 0.8555242927 0.9413537591 2
0 0.8798272358 0.6221770551 0.0127032520 0.0564588979 0.8791947780 0.6402337055 2 0.8801139289 0.6139919755 2
0 0.9001524390 0.6372327612 0.0135501355 0.0564588979 0.9011616590 0.6224142131 2 0.9013768225 0.6440261896 2
0 0.9158197832 0.6281993375 0.0135501355 0.0474254743 0.9141287015 0.6197681421 2 0.9161168121 0.6359943376 2
0 0.8163229553 0.5141482930 0.0292174797 0.0278530563 0.8086101508 0.5186485432 2 0.8198191696 0.5121083297 2
0 0.8445716863 0.5335902535 0.0114329268 0.0436615477 0.8448591678 0.5470352710 2 0.8444413709 0.5274956271 2
0 0.8548441734 0.5197982535 0.0135501355 0.0564588979 0.8534865951 0.5026846282 2 0.8553800596 0.5265536319 2
0 0.8628299947 0.5121573396 0.0152439024 0.0436615477 0.8658436763 0.5217632951 2 0.8647931221 0.5022567101 2
0 0.8678275145 0.4628453403 0.0155306078 0.0499190756 0.8654773750 0.4493904411 2 0.8685935513 0.4754888171 2
0 0.8717818428 0.5118689150 0.0143970190 0.0421057914 0.8705177109 0.5271362668 2 0.8723549159 0.5049477155 2
0 0.8927422087 0.5152815417 0.0165142276 0.0519421861 0.8963171930 0.5275139969 2 0.8913310307 0.5104529410 2
0 0.8825796070 0.5506624511 0.0224424119 0.0248419151 0.8782130645 0.5504993844 2 0.8879408499 0.5523261985 2
0 0.9077743902 0.5706112617 0.0127032520 0.0421559771 0.9107341864 0.5823102653 2 0.9063964906 0.5666017373 2
0 0.9147563487 0.5533319050 0.0118563686 0.0398976212 0.9134036475 0.5417788947 2 0.9152903098 0.5578923039 2
0 0.9330003744 0.5843134400 0.0199641635 0.0358296090 0.9302603644 0.5941546620 2 0.9347941383 0.5759455234 2
0 0.9331808943 0.6180367359 0.0186314363 0.0331225534 0.9264794131 0.6310033318 2 0.9362186758 0.6121589780 2
0 0.9510484749 0.6051803437 0.0122549020 0.0363108206 0.9526799767 0.5961699448 2 0.9515636002 0.6119610098 2
0 0.9621409878 0.5676222612 0.0186314363 0.0248419151 0.9576549616 0.5655763968 2 0.9660304623 0.5675937217 2
0 0.9401676829 0.5017314062 0.0114329268 0.0504366155 0.9412701404 0.4869558015 2 0.9409818214 0.5130967303 2
0 0.9579522358 0.4998494429 0.0139735772 0.0496838302 0.9572113160 0.5142429428 2 0.9582447041 0.4941677983 2
0 0.9316988482 0.5404998494 0.0215955285 0.0286058416 0.9253876276 0.5389519519 2 0.9341901196 0.5411108616 2
0 0.9234417344 0.4983438723 0.0220189702 0.0286058416 0.9172756162 0.4957975462 2 0.9258757284 0.4993490011 2
0 0.9103287001 0.5135331371 0.0135501355 0.0459199036 0.9099285993 0.5276139965 2 0.9095857530 0.5068306645 2
0 0.9123234427 0.4672229136 0.0137808724 0.0326323621 0.9093650316 0.4733940075 2 0.9149605134 0.4667549118 2
0 0.9073509485 0.4384974405 0.0118563686 0.0429087624 0.9087681185 0.4285435379 2 0.9067915393 0.4424266126 2
0 0.8928173354 0.4454789172 0.0135501355 0.0414031918 0.8938519783 0.4611802512 2 0.8923482973 0.4383609791 2
0 0.8806345069 0.4163564463 0.0151646779 0.0483106041 0.8780572361 0.4027383403 2 0.8816518507 0.4217320144 2
0 0.8955595855 0.3608163656 0.0156673442 0.0459199036 0.8985044175 0.3517131376 2 0.8942246932 0.3649428589 2
0 0.9024036839 0.3942140578 0.0156673442 0.0511965565 0.9042224909 0.3769277959 2 0.9033872803 0.4017242719 2
0 0.9153963415 0.3775218308 0.0118563686 0.0504366155 0.9165100778 0.3620096949 2 0.9148914848 0.3845534820 2
0 0.9303189784 0.3765105484 0.0228658537 0.0271002710 0.9226785869 0.3757237664 2 0.9333349223 0.3768211203 2
0 0.9321222900 0.4068804577 0.0215955285 0.0293586269 0.9269962546 0.4128517450 2 0.9341457250 0.4045233706 2
0 0.9281713133 0.4710794208 0.0241361789 0.0203252033 0.9209806342 0.4669373457 2 0.9331136059 0.4640536923 2
0 0.9477896341 0.4604253480 0.0190548780 0.0240891298 0.9427042807 0.4598125703 2 0.9500949944 0.4607031405 2
0 0.9477534081 0.4077040990 0.0118563686 0.0481782596 0.9476168442 0.3954053617 2 0.9478153171 0.4132795266 2
0 0.9610791643 0.4275976174 0.0146059635 0.0464619520 0.9567038120 0.4120933700 2 0.9630625115 0.4346256927 2
0 0.9782774390 0.4411321891 0.0139735772 0.0451671183 0.9794382915 0.4530008108 2 0.9778192078 0.4364472068 2
0 0.9882283198 0.4618337850 0.0177845528 0.0444143330 0.9924741684 0.4522901919 2 0.9864777585 0.4703387920 2
0 0.9911234319 0.5002489048 0.0148409498 0.0358422939 0.9896037225 0.4927175939 2 0.9935804028 0.5051533708 2
0 0.9725609756 0.3970942487 0.0177845528 0.0398976212 0.9697618728 0.3899433966 2 0.9755218074 0.4035017612 2
0 0.9676913957 0.3632189100 0.0190548780 0.0323697681 0.9638771042 0.3624921927 2 0.9711166316 0.3633764098 2
0 0.9530217431 0.3711069996 0.0232892954 0.0263474857 0.9605853605 0.3786322328 2 0.9503861622 0.3704668701 2
0 0.9350863821 0.3421409214 0.0249830623 0.0308641975 0.9324764926 0.3545007042 2 0.9362694450 0.3365382319 2
0 0.9119354913 0.3205391707 0.0247062533 0.0424507161 0.9041954406 0.3112100893 2 0.9120773659 0.3258593242 2
0 0.9348746612 0.3041252635 0.0194783198 0.0421559771 0.9304106913 0.2983786821 2 0.9378675887 0.3122379661 2
0 0.9563017754 0.3143648545 0.0135501355 0.0436615477 0.9568146631 0.3049830172 2 0.9556473808 0.3221031583 2
0 0.8708065609 0.3924980088 0.0256633010 0.0442552768 0.8746754077 0.3883792634 2 0.8648507101 0.4012142218 2
0 0.8342874005 0.3941772057 0.0171714445 0.0475509385 0.8369462743 0.3819256069 2 0.8330821330 0.3997308554 2
0 0.8329760114 0.3261560232 0.0222734282 0.0446029660 0.8380133720 0.3139660014 2 0.8306925758 0.3316817601 2
0 0.8189202038 0.3556869938 0.0298616498 0.0381639426 0.8109507461 0.3458583878 2 0.8225559116 0.3559971571 2
0 0.8036362150 0.3749403536 0.0194783198 0.0301114122 0.7975339873 0.3680810123 2 0.8076459921 0.3769188166 2
0 0.7364375710 0.2878432458 0.0237127371 0.0587172538 0.7386800412 0.3053663274 2 0.7313020117 0.2789937966 2
0 0.7158482166 0.3334363046 0.0213862227 0.0586220823 0.7225039197 0.3185377031 2 0.7141568446 0.3445417126 2
0 0.6977472900 0.3172990063 0.0262533875 0.0474254743 0.6908930848 0.3275302494 2 0.7003470900 0.3134182958 2
0 0.6690879918 0.2843218740 0.0197995237 0.0592804117 0.6692908574 0.2683143095 2 0.6695371296 0.2941753674 2
0 0.7093919377 0.2280939476 0.0241361789 0.0557061126 0.7139157203 0.2126820996 2 0.7073413070 0.2350801383 2
0 0.7693089431 0.2367509786 0.0203252033 0.0459199036 0.7712554267 0.2479450464 2 0.7685706419 0.2325050687 2
0 0.7930784463 0.1651598795 0.0272988506 0.0587484036 0.7875347528 0.1498885837 2 0.7982378313 0.1816964373 2
0 0.7694562622 0.1756301071 0.0194517540 0.0542148535 0.7708196077 0.1583918245 2 0.7718802246 0.1814619749 2
0 0.7856114499 0.2318578741 0.0190548780 0.0391448359 0.7795313522 0.2239784302 2 0.7875998330 0.2390101205 2
0 0.8019592211 0.2401696622 0.0153344314 0.0601605250 0.8038491333 0.2173778588 2 0.8030371500 0.2481157696 2
0 0.8196079806 0.1875524369 0.0177845528 0.0427999950 0.8138393517 0.2063262560 2 0.8205693382 0.1888319614 2
0 0.8406588753 0.1656127672 0.0156673442 0.0526949714 0.8415544224 0.1808377069 2 0.8403191943 0.1598379476 2
0 0.8213922764 0.2386329419 0.0194783198 0.0376392653 0.8194139390 0.2485754717 2 0.8222890568 0.2341259931 2
0 0.8513158458 0.2438038223 0.0295124287 0.0385789490 0.8602157946 0.2475732903 2 0.8496878690 0.2390181691 2
0 0.8593180544 0.1848633046 0.0232338099 0.0415122159 0.8621248596 0.1745621981 2 0.8563924790 0.1911355163 2
0 0.8635962760 0.2110835955 0.0138304831 0.0542057336 0.8660871763 0.1996936930 2 0.8641288439 0.2227517404 2
0 0.7656627619 0.2833280446 0.0313346883 0.0255947004 0.7578454479 0.2850452335 2 0.7707501049 0.2850452335 2
0 0.7563939702 0.2533122553 0.0156673442 0.0323697681 0.7527579468 0.2585370831 2 0.7596646646 0.2515899751 2
0 0.8567496612 0.2879403794 0.0292174797 0.0368864800 0.8486857146 0.2903376338 2 0.8602222028 0.2837092806 2
0 0.8787686314 0.3541854863 0.0232892954 0.0323697681 0.8851164504 0.3613894321 2 0.8730260099 0.3545449369 2
0 0.8628048289 0.3186539325 0.0249830623 0.0271002710 0.8563547355 0.3161492621 2 0.8685999140 0.3232339150 2
0 0.8556910569 0.3470340259 0.0254065041 0.0346281241 0.8501632265 0.3467067127 2 0.8607001467 0.3507675616 2
0 0.8788182458 0.3003133054 0.0287940379 0.0278530563 0.8703821272 0.3027995055 2 0.8833260828 0.3023541221 2
0 0.8855962644 0.2650063857 0.0233477011 0.0383141762 0.8770629775 0.2713843033 2 0.8894644033 0.2621152756 2
0 0.9098915989 0.2386329419 0.0169376694 0.0511894008 0.9072805091 0.2524497008 2 0.9117966842 0.2288500246 2
0 0.8986703930 0.2066395664 0.0173611111 0.0444143330 0.9026313845 0.1980458996 2 0.8971679889 0.2098991442 2
0 0.8844062471 0.2080023674 0.0094734137 0.0501510762 0.8859770035 0.2221347690 2 0.8838104592 0.2026419474 2
0 0.8944359756 0.1772809395 0.0224424119 0.0248419151 0.8861684722 0.1773528296 2 0.8966476727 0.1817498992 2
0 0.8810975610 0.1550737730 0.0245596206 0.0225835592 0.8741869624 0.1563032233 2 0.8860766455 0.1546074424 2
0 0.8602832671 0.1433804557 0.0271002710 0.0331225534 0.8562732444 0.1475572788 2 0.8657834903 0.1365187565 2
0 0.7413617886 0.1437819934 0.0186314363 0.0587172538 0.7404606869 0.1279556841 2 0.7425696630 0.1499773761 2
0 0.7128291164 0.1650131348 0.0183072844 0.0388385301 0.7175022306 0.1592519631 2 0.7093231207 0.1718966367 2
0 0.7033446101 0.0824056614 0.0148204607 0.0602228245 0.7048568445 0.1018092036 2 0.7026591142 0.0736100357 2
0 0.6886432927 0.1272207167 0.0207486450 0.0421559771 0.6921322905 0.1177888058 2 0.6873199158 0.1307982404 2
0 0.6285145664 0.1373833183 0.0317581301 0.0474254743 0.6182743080 0.1254307268 2 0.6325693301 0.1412568667 2
0 0.7530064363 0.0391448359 0.0131266938 0.0451671183 0.7540085589 0.0516213750 2 0.7548026434 0.0344926781 2
0 0.7252710027 0.0756549232 0.0262533875 0.0293586269 0.7178838111 0.0732963997 2 0.7307516258 0.0788462264 2
0 0.7212483062 0.0997440530 0.0215955285 0.0308641975 0.7261323530 0.1011613766 2 0.7174264990 0.0999365722 2
0 0.6805978997 0.0677506775 0.0199017615 0.0481782596 0.6787058558 0.0554519402 2 0.6809599183 0.0794952732 2
0 0.7705675871 0.1103509571 0.0143970190 0.0466726889 0.7679380703 0.0984365553 2 0.7720557594 0.1197320788 2
0 0.7790481030 0.3135350798 0.0245596206 0.0308641975 0.7842463661 0.3038734908 2 0.7761263059 0.3159032096 2
0 0.7776766981 0.3539359744 0.0264555468 0.0419022156 0.7693886234 0.3644021265 2 0.7809744342 0.3457147849 2
0 0.9170901084 0.2822944896 0.0118563686 0.0436615477 0.9184790617 0.2916929283 2 0.9175292979 0.2728619877 2
0 0.9204776423 0.1690003011 0.0177845528 0.0383920506 0.9235713705 0.1803258774 2 0.9171239543 0.1635454022 2
0 0.9390239475 0.2082725094 0.0188016985 0.0351261645 0.9430500049 0.2206827691 2 0.9371723358 0.2020008847 2
0 0.9628590480 0.2124836706 0.0110094851 0.0398976212 0.9654991066 0.2239163112 2 0.9647265852 0.2063163977 2
0 0.9609163279 0.2608401084 0.0105860434 0.0504366155 0.9616539175 0.2441293838 2 0.9605819785 0.2684150799 2
0 0.9497964111 0.2700183149 0.0133475571 0.0350913437 0.9507714527 0.2597260772 2 0.9518181956 0.2754871607 2
0 0.9276761518 0.2604637157 0.0110094851 0.0376392653 0.9303308014 0.2513025619 2 0.9273622816 0.2673135611 2
0 0.9295565345 0.2551280154 0.0212308222 0.0360134919 0.9309715121 0.2462237356 2 0.9265997361 0.2608921046 2
0 0.7771976626 0.8980578139 0.0310213415 0.0285757302 0.7718876870 0.8973406082 2 0.7861927720 0.8999712607 2
0 0.8167344173 0.9756097561 0.0457317073 0.0391448359 0.8057232621 0.9808167249 2 0.8237612905 0.9805809337 2
0 0.9035399729 0.8800060223 0.0143970190 0.0466726889 0.9061511513 0.8655405943 2 0.9025495529 0.8854927591 2
0 0.8618309621 0.8702198133 0.0190548780 0.0346281241 0.8663062057 0.8626222708 2 0.8595087870 0.8771627295 2
0 0.8819444444 0.8980728696 0.0211720867 0.0255947004 0.8800396935 0.8931158570 2 0.8872853612 0.9009755643 2
0 0.9780657182 0.8514001807 0.0143970190 0.0346281241 0.9762583304 0.8430542103 2 0.9787512603 0.8545658072 2
0 0.9905572493 0.8419903643 0.0080453930 0.0398976212 0.9913993912 0.8323743550 2 0.9911860603 0.8511474752 2
0 0.9547764228 0.9180216802 0.0203252033 0.0218307739 0.9498236282 0.9222976405 2 0.9593731726 0.9148571175 2
0 0.6729759485 0.3842968985 0.0249830623 0.0459199036 0.6813794739 0.3766375700 2 0.6694241222 0.3911933114 2
0 0.7006506517 0.4127348701 0.0238341980 0.0575711955 0.7044861475 0.4299159317 2 0.7011000090 0.4021427552 2
0 0.8154026882 0.3008744012 0.0288962141 0.0355808953 0.8073512285 0.2921254989 2 0.8189208525 0.3042802887 2
0 0.5788559942 0.8013320338 0.0210160819 0.0601039636 0.5799554820 0.7845606284 2 0.5737690444 0.8116988249 2
0 0.6761598700 0.9012345679 0.0240100473 0.0413711584 0.6809632721 0.8944253972 2 0.6739301666 0.9109640023 2
0 0.7459736178 0.9555346726 0.0210631127 0.0326797386 0.7445062861 0.9590040515 2 0.7517757479 0.9462977654 2
0 0.7147421441 0.9360327448 0.0317861520 0.0285947712 0.7054293916 0.9342056065 2 0.7189636149 0.9368609866 2
0 0.2331832627 0.8517733836 0.0154484463 0.0604205901 0.2339534823 0.8353443818 2 0.2328911184 0.8580049039 2
0 0.2094515066 0.8017733836 0.0161252354 0.0483050847 0.2079299557 0.7904754120 2 0.2086484637 0.8168779060 2
0 0.1593185431 0.7668269747 0.0180967514 0.0486503453 0.1633498240 0.7571824600 2 0.1557899434 0.7834644200 2
0 0.1804444269 0.7681523331 0.0203168199 0.0501150868 0.1819001822 0.7605993417 2 0.1768088800 0.7764389485 2
0 0.1119939354 0.8645013593 0.0145656780 0.0470809793 0.1119211825 0.8525946155 2 0.1120470526 0.8744120845 2
0 0.0537605932 0.9584902699 0.0167725989 0.0510043942 0.0538576600 0.9482182512 2 0.0551966022 0.9663295476 2
0 0.2069834397 0.7386322753 0.0201227361 0.0312971645 0.2036653301 0.7293350461 2 0.2079217602 0.7450337203 2
0 0.1679417359 0.7235996791 0.0207450565 0.0588512241 0.1665055171 0.7059191379 2 0.1717763239 0.7385054858 2
0 0.2022863701 0.5300533584 0.0198622881 0.0525737602 0.2039012823 0.5181318085 2 0.1982790884 0.5416200854 2
0 0.1356753086 0.6391967781 0.0169020699 0.0510619863 0.1345616039 0.6538521132 2 0.1395928077 0.6298853142 2
0 0.2026181798 0.4617859385 0.0158898305 0.0572818581 0.2003099126 0.4753413744 2 0.2063590157 0.4577811090 2
0 0.1905896893 0.3793942247 0.0141242938 0.0478656623 0.1881330297 0.3667202892 2 0.1917032931 0.3851393197 2
0 0.1604856928 0.4213520750 0.0260416667 0.0362561357 0.1656955366 0.4116809142 2 0.1562546772 0.4226910542 2
0 0.1414691030 0.4542355610 0.0180967514 0.0439422473 0.1394544275 0.4408252392 2 0.1423823553 0.4603144598 2
0 0.1679554356 0.3814672672 0.0274018192 0.0444706786 0.1741526336 0.3846492634 2 0.1604835126 0.3764548549 2
0 0.2502799674 0.2270999310 0.0304836710 0.0272381489 0.2595612197 0.2306684288 2 0.2460727757 0.2254823310 2
0 0.4022275998 0.1118130064 0.0339749737 0.0510130329 0.3956237636 0.1219957007 2 0.4075465357 0.1001822048 2
0 0.4462674406 0.1479710643 0.0293401187 0.0431469605 0.4586042458 0.1529629535 2 0.4406751669 0.1457082409 2
0 0.4634128302 0.2406272798 0.0203871774 0.0558291342 0.4604159253 0.2247833749 2 0.4631771987 0.2491953537 2
0 0.4383821719 0.2489777914 0.0238645690 0.0626049779 0.4340619326 0.2620076011 2 0.4383452625 0.2355254575 2
0 0.4891831052 0.2499427393 0.0220035979 0.0631775844 0.4888345264 0.2356166816 2 0.4875677468 0.2623410400 2
0 0.5307239178 0.1194308715 0.0388418079 0.0376647834 0.5245259007 0.1247812807 2 0.5376266448 0.1190427369 2
0 0.4884134092 0.0706460472 0.0388418079 0.0353107345 0.4739919236 0.0723951984 2 0.4949506687 0.0698531569 2
0 0.4942918289 0.1131640115 0.0278072034 0.0502197112 0.4888868441 0.1255924524 2 0.4967419085 0.1075301992 2
0 0.5061502013 0.1793805138 0.0251998306 0.0522253059 0.5095837513 0.1699768505 2 0.5027868132 0.1896134356 2
0 0.3495476478 0.1547964703 0.0345472730 0.0325288421 0.3602669084 0.1527627577 2 0.3394253311 0.1588618019 2
0 0.3236670198 0.1250959462 0.0278072034 0.0439422473 0.3297946048 0.1131297126 2 0.3208893855 0.1305202398 2
0 0.3441913842 0.0772912743 0.0194209040 0.0541431262 0.3457773673 0.0661718614 2 0.3418691034 0.0898466124 2
0 0.4507940845 0.0957391215 0.0308442634 0.0625257611 0.4617058689 0.1133218574 2 0.4458477727 0.0877688673 2
0 0.4674175197 0.6117322695 0.0144919021 0.0388240161 0.4727564136 0.5973005856 2 0.4649973990 0.6182741518 2
0 0.5314031863 0.4997276688 0.0199142157 0.0544662309 0.5343119781 0.4812935419 2 0.5300846309 0.5080838586 2
0 0.6355698529 0.5678104575 0.0275735294 0.0490196078 0.6391668870 0.5520269399 2 0.6374075551 0.5777593907 2
0 0.6368286062 0.7609564571 0.0189650202 0.0461551539 0.6336484417 0.7468840831 2 0.6394289370 0.7666757378 2
0 0.6884346300 0.5634134084 0.0296818996 0.0627240143 0.6957500820 0.5497416615 2 0.6882607395 0.5751461232 2
0 0.3760221963 0.0638629283 0.0209306854 0.0553824853 0.3712742492 0.0814437087 2 0.3781744407 0.0558935606 2
0 0.8072916667 0.1196780893 0.0267718069 0.0337487020 0.7985939352 0.1178603496 2 0.8112346383 0.1205021313 2
0 0.7929322430 0.0841986847 0.0321261682 0.0406715126 0.7835198720 0.0790024607 2 0.7965641399 0.0882783845 2
0 0.1682291667 0.5890432099 0.0260416667 0.0459876543 0.1733634837 0.6052393228 2 0.1659017808 0.5817015119 2
0 0.2836351751 0.6221450327 0.0273134951 0.0505195385 0.2912382762 0.6131500809 2 0.2784845851 0.6313925022 2
0 0.2044188834 0.3839762335 0.0133463542 0.0538194444 0.2039773881 0.3996539605 2 0.2046190280 0.3768689973 2
0 0.2271665769 0.3625768088 0.0123697917 0.0532407407 0.2290495834 0.3469289797 2 0.2263130101 0.3696699697 2
0 0.1361111111 0.7098765432 0.0236111111 0.0333333333 0.1452172757 0.7062994472 2 0.1311108694 0.7134819971 2
0 0.7520541720 0.8742265087 0.0260810830 0.0292811732 0.7617347318 0.8695993773 2 0.7476659743 0.8763239874 2
0 0.7507847687 0.5863186557 0.0274337306 0.0389337368 0.7579152166 0.5895197929 2 0.7470511938 0.5821481066 2
0 0.8953549073 0.5819890580 0.0111448197 0.0459896607 0.8955835637 0.5672401699 2 0.8965897118 0.5871146991 2
0 0.8535803326 0.3807613421 0.0149495499 0.0467676066 0.8524172470 0.3956479324 2 0.8554073923 0.3747554941 2
0 0.6836230645 0.4954069664 0.0243283991 0.0570295881 0.6781719422 0.5108507234 2 0.6897862930 0.4853431239 2
0 0.7497479839 0.3384607726 0.0176411290 0.0248904819 0.7445794605 0.3411343810 2 0.7520910478 0.3372487368 2
0 0.9324596774 0.4420051772 0.0190412186 0.0248904819 0.9259973706 0.4464203445 2 0.9353890411 0.4400037819 2
0 0.1576602412 0.9289519759 0.0136217949 0.0320512821 0.1551202266 0.9216840735 2 0.1609470400 0.9376030800 2
0 0.4102036117 0.4846247745 0.0243671406 0.0586341550 0.4056557888 0.4706322796 2 0.4122651398 0.4909675724 2
0 0.5056423611 0.7010995370 0.0130208333 0.0424382716 0.5057544987 0.6912745931 2 0.5055915291 0.7055531841 2
0 0.3310934533 0.3164928026 0.0297254861 0.0333007572 0.3418680799 0.3075230538 2 0.3262089559 0.3205590888 2
0 0.3960901247 0.3513687240 0.0431146640 0.0404082952 0.4117260124 0.3438225487 2 0.3835833710 0.3511371330 2
0 0.4997227341 0.4590579603 0.0364498021 0.0465987942 0.4906293119 0.4537848095 2 0.5058519671 0.4610607329 2
0 0.3391350211 0.7211087670 0.0171413502 0.0427801219 0.3340134959 0.7329316573 2 0.3419822983 0.7158812150 2
0 0.4304051837 0.7504374453 0.0176345144 0.0678040245 0.4311984367 0.7355456964 2 0.4312890730 0.7619712193 2
0 0.2822856693 0.9056577201 0.0216049383 0.0253772291 0.2902421515 0.9020902358 2 0.2786789959 0.9072748607 2
0 0.1441137252 0.8225689097 0.0218413978 0.0497809638 0.1401571678 0.8124636580 2 0.1459072326 0.8271496203 2
0 0.1824652778 0.6891975309 0.0232638889 0.0438271605 0.1757168608 0.6791152502 2 0.1844880486 0.6903738793 2
0 0.2085956047 0.6726602947 0.0190412186 0.0537634409 0.2032637121 0.6871718242 2 0.2110254256 0.6599579152 2
0 0.4597361066 0.3122955819 0.0186258278 0.0735835173 0.4587265190 0.3339054941 2 0.4601937526 0.3024998087 2
0 0.3177083333 0.1846240180 0.0211489899 0.0381593715 0.3231660976 0.1995151958 2 0.3152343288 0.1778738470 2
0 0.3676801802 0.1335710711 0.0281531532 0.0519269269 0.3768234229 0.1445511119 2 0.3646574721 0.1256735043 2
0 0.4245143581 0.1185560561 0.0214667793 0.0419169169 0.4306894738 0.1106585331 2 0.4221887961 0.1267156670 2
0 0.4133514859 0.3973695273 0.0285050676 0.0362862863 0.4044213310 0.4106810189 2 0.4173995251 0.3913354282 2
0 0.7107638889 0.7052469136 0.0166666667 0.0672839506 0.7103949158 0.6885506443 2 0.7109311444 0.7128153325 2
0 0.5298611111 0.9785493827 0.0194444444 0.0410493827 0.5282245746 0.9667325843 2 0.5306029531 0.9839059374 2
0 0.3850694444 0.1003086420 0.0222222222 0.0475308642 0.3786876450 0.1122174243 2 0.3870016435 0.0914789751 2
0 0.5593039773 0.6112689394 0.0307765152 0.0326178451 0.5499299935 0.6113938965 2 0.5632295896 0.6067644250 2
0 0.6167979003 0.8692767571 0.0164041995 0.0575969670 0.6175660674 0.8608698994 2 0.6133314996 0.8878342590 2
0 0.8890548407 0.3325163399 0.0134037990 0.0388071895 0.8893445368 0.3250998138 2 0.8899151629 0.3417920697 2
0 0.1444347994 0.6714677641 0.0226658951 0.0252914952 0.1370710129 0.6751696079 2 0.1471944115 0.6725985860 2
0 0.2846165695 0.7359547755 0.0313755020 0.0345827755 0.2776080395 0.7284752443 2 0.2914394673 0.7416127722 2
0 0.1858998494 0.4542614904 0.0247866466 0.0429495761 0.1779908388 0.4471925717 2 0.1921525829 0.4529219611 2
0 0.7601147343 0.6480586867 0.0161030596 0.0465199499 0.7612156011 0.6635999761 2 0.7608424908 0.6459117822 2
0 0.1397336171 0.0738861555 0.0195155824 0.0295544622 0.1339027143 0.0809018744 2 0.1423767654 0.0707059301 2
0 0.7509521593 0.1131348874 0.0197613899 0.0381085936 0.7558225854 0.1224028576 2 0.7487442328 0.1089334076 2
0 0.1899687458 0.2980121261 0.0214341629 0.0647266046 0.1938949465 0.2782588215 2 0.1868888351 0.3137907741 2
0 0.8218514359 0.5426604810 0.0225613669 0.0325329340 0.8145870422 0.5308634580 2 0.8251446277 0.5480084647 2
0 0.1977739730 0.8886294177 0.0183053461 0.0251944548 0.1941628081 0.8808005442 2 0.2002681295 0.8905754892 2
0 0.6584855400 0.1558576287 0.0178744489 0.0575008727 0.6593867017 0.1686450138 2 0.6569758278 0.1383094774 2
0 0.8238800180 0.2809287555 0.0223260045 0.0367864790 0.8183749226 0.2732155104 2 0.8309864776 0.2844251695 2
0 0.1710713975 0.3432077473 0.0208065939 0.0561527354 0.1680484651 0.3625009091 2 0.1769807933 0.3322093907 2
0 0.6603295459 0.5794621735 0.0279239939 0.0435752201 0.6525532643 0.5925557919 2 0.6654300480 0.5739829885 2
0 0.6919530058 0.6014603992 0.0297214674 0.0355962370 0.7015193876 0.6051500622 2 0.6876165649 0.5997878749 2
0 0.5417168072 0.8101840998 0.0176992042 0.0556029795 0.5425700347 0.7974435121 2 0.5411707882 0.8191138748 2
0 0.7312612480 0.8647253016 0.0185156415 0.0506695208 0.7343210544 0.8467576701 2 0.7306265056 0.8690095733 2
0 0.6740963145 0.8772068009 0.0320960756 0.0371231718 0.6594799404 0.8880499843 2 0.6807219169 0.8722915858 2
0 0.6304004420 0.9668396704 0.0194386024 0.0503318319 0.6341014935 0.9549215524 2 0.6280530013 0.9769976599 2
0 0.1786820030 0.2846493531 0.0151570739 0.0538918184 0.1765733605 0.2711482231 2 0.1775366292 0.2961218557 2
0 0.6745768197 0.4647340001 0.0236197735 0.0424847168 0.6776580767 0.4499757590 2 0.6693692350 0.4667817850 2
0 0.1776526576 0.6521189013 0.0211753784 0.0399688899 0.1839156074 0.6389631400 2 0.1748136625 0.6580824079 2
0 0.7257794123 0.8930353213 0.0226727891 0.0469149151 0.7292021222 0.9032455588 2 0.7212637724 0.8823969630 2
0 0.7693516319 0.9674650749 0.0321344563 0.0326445271 0.7603096221 0.9695789427 2 0.7742892290 0.9701364833 2
0 0.8759842512 0.2362141044 0.0118924734 0.0281895665 0.8760984370 0.2455646265 2 0.8749269343 0.2325014956 2
0 0.2286252637 0.2588016534 0.0176345891 0.0500670258 0.2292516983 0.2736242534 2 0.2284385466 0.2482778691 2
0 0.2209627414 0.4220337911 0.0179262463 0.0526089486 0.2215855456 0.4349834938 2 0.2208823010 0.4094791556 2
0 0.1310695519 0.5984576683 0.0170299340 0.0483566027 0.1314912645 0.5859984885 2 0.1308783896 0.6041054146 2
0 0.4847739290 0.2072739215 0.0347602229 0.0450595482 0.4745898289 0.2020533166 2 0.4926353042 0.2034870974 2
0 0.3546373985 0.6054359341 0.0351826410 0.0326978244 0.3621861566 0.6019367436 2 0.3481049372 0.6082857636 2
0 0.6732213109 0.7305807972 0.0175200229 0.0361121245 0.6725624196 0.7198175304 2 0.6756827967 0.7398988924 2
0 0.5993572986 0.8185898861 0.0307222229 0.0308427022 0.5889306323 0.8180379735 2 0.6040840540 0.8188400865 2
0 0.3508310360 0.3303073786 0.0263845925 0.0264880615 0.3629964145 0.3322716853 2 0.3482277767 0.3297306657 2
0 0.3382374499 0.4434337656 0.0334131865 0.0594012204 0.3413365036 0.4523887407 2 0.3316459043 0.4311986302 2
0 0.2793080485 0.9831752161 0.0171758796 0.0295655352 0.2789583540 0.9718900510 2 0.2811003575 0.9896017082 2
0 0.4392704940 0.5139243942 0.0201278963 0.0438847215 0.4357460003 0.5073103994 2 0.4411429451 0.5226408510 2
0 0.1928157981 0.8186923358 0.0200798093 0.0162032078 0.1989590572 0.8208467145 2 0.1893204670 0.8194961863 2
0 0.1980228929 0.6500605198 0.0147092051 0.0389868225 0.1985398505 0.6392742891 2 0.1960383196 0.6603056786 2
0 0.0501214139 0.1921770548 0.0213261988 0.0258499379 0.0436473893 0.1937058146 2 0.0556433761 0.1973192468 2
0 0.1443253388 0.1686989763 0.0211323242 0.0472192199 0.1502908582 0.1818112298 2 0.1396277588 0.1597526161 2
0 0.1012994441 0.1959280997 0.0248159404 0.0248159404 0.0966464552 0.1913371507 2 0.1034086439 0.1980091768 2
0 0.0529519821 0.2167127847 0.0203568261 0.0262807702 0.0471357461 0.2161440861 2 0.0555884819 0.2169705758 2
0 0.0463360136 0.2503003292 0.0145405901 0.0427385640 0.0456574528 0.2388160634 2 0.0464329509 0.2560493553 2
0 0.0533542718 0.3611608739 0.0132765281 0.0463230887 0.0542848695 0.3482962904 2 0.0513069567 0.3703549040 2
0 0.1160339087 0.3151919531 0.0189997043 0.0289519304 0.1104115472 0.3209409793 2 0.1185825251 0.3125859195 2
0 0.1131451781 0.2325201734 0.0130283687 0.0377753759 0.1100075126 0.2430476468 2 0.1146605015 0.2242978252 2
0 0.1449406017 0.2403288687 0.0195425530 0.0416356333 0.1405621392 0.2305899908 2 0.1475416224 0.2496155450 2
0 0.0906363447 0.3226868686 0.0193874534 0.0451512248 0.0852078577 0.3148215942 2 0.0956770826 0.3337782153 2
0 0.0839476733 0.3806766722 0.0141528410 0.0372239105 0.0817181161 0.3919403518 2 0.0852078577 0.3719497331 2
0 0.1291638685 0.3811975265 0.0277628333 0.0223343463 0.1379688743 0.3813850247 2 0.1224589116 0.3808335594 2
0 0.1156705366 0.5516417954 0.0269873351 0.0184740889 0.1069492845 0.5537594223 2 0.1199776532 0.5521050263 2
0 0.1726899601 0.5115226918 0.0170609590 0.0612126529 0.1736624348 0.5332173383 2 0.1767644273 0.4913059724 2
0 0.0360606633 0.5919659315 0.0191935789 0.0417045664 0.0406167149 0.5815156633 2 0.0320862354 0.6032296111 2
0 0.0608281351 0.5043030408 0.0118748152 0.0525615404 0.0609493067 0.4869318825 2 0.0594952477 0.5183826403 2
0 0.0528308105 0.1553150434 0.0172063649 0.0370515776 0.0558601001 0.1669475155 2 0.0514576336 0.1500420438 2
0 0.0980035770 0.1425193242 0.0139589665 0.0344665838 0.0960648316 0.1297666882 2 0.0999423223 0.1525146335 2
0 0.0699499319 0.6623875540 0.0206282504 0.0341908512 0.0746804705 0.6616099879 2 0.0638234966 0.6662974433 2
0 0.0752233192 0.7949841058 0.0176425826 0.0379132422 0.0786161236 0.7819488438 2 0.0733815112 0.8012501307 2
0 0.0718547492 0.8612116835 0.0155099627 0.0396365714 0.0687042880 0.8478558823 2 0.0754898967 0.8689666649 2
0 0.0598587624 0.8226521929 0.0138135606 0.0409290683 0.0575565023 0.8090809755 2 0.0636150815 0.8332075842 2
0 0.1226256428 0.6451456995 0.0099360699 0.0486840497 0.1232315007 0.6282053735 2 0.1210504122 0.6544861437 2
0 0.1096602833 0.6293210054 0.0124200873 0.0398519876 0.1079941741 0.6162237035 2 0.1079941741 0.6361496973 2
0 0.0461663734 0.4585028821 0.0247190031 0.0564390310 0.0524672958 0.4409163077 2 0.0415618532 0.4706437363 2
0 0.0410771669 0.3379507090 0.0184180807 0.0383440745 0.0371996762 0.3470757371 2 0.0451970008 0.3350124327 2
0 0.0533154969 0.4485944852 0.0133288742 0.0443757267 0.0531943253 0.4639665816 2 0.0541636980 0.4415633021 2
0 0.0653357180 0.5763671915 0.0145405901 0.0430832298 0.0634939099 0.5590236065 2 0.0701114877 0.5572827004 2
0 0.0323528129 0.6480806552 0.0159946491 0.0452373913 0.0294446949 0.6315711615 2 0.0350185877 0.6582827640 2
0 0.0490502571 0.5767124541 0.0184180807 0.0389472397 0.0543818068 0.5874591349 2 0.0464329509 0.5643665238 2
0 0.2617306210 0.8846920438 0.0312622686 0.0323124223 0.2514964691 0.8905082798 2 0.2735496973 0.8840457953 2
0 0.1465133119 0.9273971614 0.0229299289 0.0285879633 0.1529158245 0.9305736017 2 0.1395152167 0.9258089412 2
0 0.0994818703 0.9355302549 0.0237496304 0.0383440745 0.0912422026 0.9219590375 2 0.1048134200 0.9460856462 2
0 0.1313499968 0.9491014723 0.0230226009 0.0206799503 0.1254125892 0.9495323046 2 0.1394684930 0.9491014723 2
0 0.0530704149 0.8553067884 0.0102440202 0.0410819621 0.0518156835 0.8398481120 2 0.0536391846 0.8623142065 2
0 0.0451650115 0.7301176241 0.0207213102 0.0242644750 0.0534163116 0.7225471079 2 0.0390230662 0.7340175870 2
0 0.0407136522 0.5163257235 0.0201144829 0.0400674037 0.0355032741 0.5032628882 2 0.0454393439 0.5230811739 2
0 0.0598441365 0.2494731488 0.0108634261 0.0491289443 0.0616547075 0.2327625313 2 0.0589864976 0.2588516949 2
0 0.2628854067 0.0556635329 0.0195813279 0.0413599006 0.2702080479 0.0697948323 2 0.2595660535 0.0492578149 2
0 0.2835665806 0.1721950529 0.0239908103 0.0344445252 0.2906903065 0.1652024723 2 0.2812750858 0.1789552613 2
0 0.2802880378 0.1983551900 0.0207445751 0.0372239105 0.2876106790 0.1877325889 2 0.2769686846 0.2031704151 2
0 0.3145546484 0.0504935453 0.0275301838 0.0413599006 0.3255609057 0.0608335205 2 0.3095655120 0.0458064346 2
0 0.3836599818 0.0314507578 0.0276271211 0.0305890932 0.3748798889 0.0239111925 2 0.3882087631 0.0342511677 2
0 0.2358421362 0.1785341680 0.0168720657 0.0586854460 0.2345746814 0.2022757639 2 0.2372404562 0.1678091801 2
0 0.2506750091 0.0238784493 0.0386198072 0.0212314156 0.2638228045 0.0262221770 2 0.2385415653 0.0245677810 2
0 0.2062736232 0.1318346832 0.0240404422 0.0337772522 0.1978924271 0.1249413664 2 0.2104942718 0.1387280000 2
0 0.2078709482 0.0573868621 0.0164793354 0.0365345789 0.2058876117 0.0687608348 2 0.2087699946 0.0522310403 2
0 0.2084943071 0.0923285333 0.0169145450 0.0453172159 0.2098689117 0.1039754813 2 0.2072483484 0.0827992122 2
0 0.2266673158 0.0646593113 0.0198527523 0.0562494648 0.2221337537 0.0475638857 2 0.2289581373 0.0814790042 2
0 0.3027165247 0.0973680993 0.0344127298 0.0271424348 0.3111427966 0.0967218509 2 0.2951481475 0.0988760124 2
0 0.4979340163 0.0269270186 0.0298082096 0.0258499379 0.4874575211 0.0286503478 2 0.5058756019 0.0208953665 2
0 0.5654551026 0.0336049192 0.0399866227 0.0383440745 0.5518281463 0.0437294782 2 0.5741237177 0.0252036894 2
0 0.5819589660 0.0618244348 0.0373208478 0.0292965963 0.5700284119 0.0601011056 2 0.5923239833 0.0601011056 2
0 0.6357358799 0.0792731428 0.0346550730 0.0443757267 0.6470702699 0.0906901987 2 0.6271981302 0.0691485838 2
0 0.6504959635 0.0381286584 0.0353821025 0.0336049192 0.6625573829 0.0402828199 2 0.6450285221 0.0371521770 2
0 0.6055389982 0.1081389068 0.0176910512 0.0460990559 0.6100877794 0.0971526832 2 0.6028174844 0.1178326335 2
0 0.5901015706 0.2124040888 0.0184180807 0.0590240248 0.5878647431 0.1924479367 2 0.5905305180 0.2251911914 2
0 0.5648477761 0.1064155776 0.0208415124 0.0616090186 0.5590969727 0.0881052049 2 0.5649132088 0.1238642857 2
0 0.6204923688 0.1859041366 0.0324739845 0.0491148820 0.6303726998 0.1742716645 2 0.6138933644 0.1971057763 2
0 0.6569378931 0.2222222222 0.0176886792 0.0462962963 0.6510659181 0.2345784925 2 0.6607596448 0.2182068652 2
0 0.6143373559 0.3437669450 0.0305352391 0.0551465341 0.6173109065 0.3643090290 2 0.6083442093 0.3371665942 2
0 0.6241199759 0.2576070135 0.0293841091 0.0366207453 0.6343498868 0.2555374067 2 0.6143565755 0.2641540527 2
0 0.6161035823 0.4109685056 0.0184786665 0.0484686335 0.6193661272 0.3935628808 2 0.6148221928 0.4242596820 2
0 0.2736259098 0.5570552868 0.0192323538 0.0341908512 0.2782432257 0.5470406762 2 0.2717290414 0.5646875672 2
0 0.2708727236 0.1480684442 0.0164405605 0.0631427816 0.2730084454 0.1281274574 2 0.2680452574 0.1681086947 2
0 0.0343855874 0.3964694923 0.0152210897 0.0200423185 0.0386508271 0.4014723859 2 0.0294689292 0.3968400770 2
0 0.1099759615 0.5299145299 0.0124198718 0.0527065527 0.1104547504 0.5129527396 2 0.1097589106 0.5376038749 2
0 0.0323528129 0.8058975843 0.0155099627 0.0318815901 0.0308213979 0.7954294486 2 0.0314169805 0.8148410286 2
0 0.2658822016 0.8332190215 0.0212191358 0.0480109739 0.2681794800 0.8542316166 2 0.2677410681 0.8202498233 2
0 0.4263417326 0.0387749068 0.0201144829 0.0590240248 0.4241049052 0.0562236149 2 0.4277400527 0.0243420248 2
0 0.4691173996 0.0245574410 0.0285964938 0.0392057391 0.4622760520 0.0346820000 2 0.4743932104 0.0140020497 2
0 0.1770316839 0.0437294782 0.0276271211 0.0224032795 0.1667975320 0.0441603105 2 0.1847309264 0.0458836397 2
0 0.0512555800 0.2914580496 0.0189027671 0.0439448944 0.0468934029 0.2799031274 2 0.0558601001 0.3053222329 2
0 0.0920516288 0.4371766294 0.0130283687 0.0303305938 0.0943781232 0.4326766722 2 0.0891047359 0.4478419691 2
0 0.0897639093 0.5126881639 0.0226833205 0.0413599006 0.0950954590 0.5227455130 2 0.0834629869 0.5080972149 2
0 0.1396044737 0.5193479490 0.0175262579 0.0454958907 0.1426707933 0.5057488137 2 0.1363117086 0.5335978134 2
0 0.9926817792 0.2221623343 0.0146364416 0.0472054332 0.9977715286 0.2055477865 2 0.9933046593 0.2353269149 2
0 0.4337565104 0.6576967593 0.0330946181 0.0308641975 0.4451764572 0.6583775082 2 0.4285794679 0.6573881531 2
0 0.1619843227 0.2840545582 0.0186604239 0.0301582609 0.1673379572 0.2964108286 2 0.1605523485 0.2809008658 2
0 0.4729476457 0.6936181579 0.0237302430 0.0581795935 0.4674834858 0.6800190225 2 0.4704303788 0.7147613390 2
0 0.1361348748 0.8991994394 0.0166862224 0.0340012953 0.1374785548 0.9070370849 2 0.1339656659 0.8917711972 2
0 0.7473875407 0.4691414652 0.0224530945 0.0492656733 0.7415267135 0.4831624715 2 0.7543224327 0.4604145262 2
0 0.8645266796 0.9569471008 0.0181466564 0.0308820591 0.8584421212 0.9690793383 2 0.8685235970 0.9517081801 2
0 0.3040265142 0.8604755138 0.0335432103 0.0360504805 0.3149692242 0.8658099007 2 0.2957581129 0.8584913821 2
0 0.0849062510 0.4760456832 0.0251574077 0.0250727026 0.0946261585 0.4793254637 2 0.0807133497 0.4759372607 2
0 0.1048134200 0.4501833794 0.0136318032 0.0463144720 0.1043044993 0.4354813133 2 0.1039943001 0.4586428577 2
0 0.3640689150 0.6467976701 0.0300747871 0.0506227950 0.3768289614 0.6574630098 2 0.3611638990 0.6414705149 2
0 0.6040960842 0.5102796586 0.0322316413 0.0387749068 0.6117953267 0.5062643016 2 0.5967700503 0.5127267861 2
0 0.7954861090 0.0453235577 0.0234588186 0.0255052720 0.7907885290 0.0463575553 2 0.8035842483 0.0432555627 2
0 0.8350951682 0.1165401366 0.0244766599 0.0232649441 0.8289154174 0.1199867950 2 0.8400632031 0.1165401366 2
0 0.0877796769 0.5483520812 0.0224383553 0.0192064934 0.0954668912 0.5423241971 2 0.0842950626 0.5510845210 2
0 0.1348300116 0.5596698437 0.0270683592 0.0333958141 0.1448541794 0.5637930434 2 0.1302860564 0.5578007972 2
0 0.0813529921 0.6809360928 0.0146065599 0.0483187468 0.0801952354 0.6662406724 2 0.0841711780 0.6940091603 2
0 0.1023383661 0.6214902289 0.0177497437 0.0318837989 0.1119528107 0.6077440385 2 0.1018763644 0.6203170550 2
0 0.0840154536 0.5738906754 0.0164185129 0.0423364258 0.0908934793 0.5635511210 2 0.0833498382 0.5827471401 2
0 0.1012474965 0.5835360176 0.0215955215 0.0341846916 0.1079036504 0.5755630957 2 0.0972538041 0.5931813598 2
0 0.0674426658 0.5455694473 0.0131348104 0.0403905279 0.0660882125 0.5324593551 2 0.0689281715 0.5516027824 2
0 0.1055370179 0.6643511852 0.0207080343 0.0439141808 0.1114195788 0.6482265291 2 0.1023967924 0.6750483641 2
0 0.9055589343 0.9367215062 0.0193768036 0.0481215274 0.9109613689 0.9231791092 2 0.9032698133 0.9515786991 2
0 0.9281475193 0.8258842177 0.0223350942 0.0236663250 0.9220549587 0.8297444582 2 0.9309092770 0.8241343706 2
0 0.8885922544 0.9396140571 0.0251454703 0.0339217324 0.8801271058 0.9492120666 2 0.8901852939 0.9355381900 2
0 0.4130448576 0.0798260640 0.0272919756 0.0238529495 0.4212431231 0.0776576141 2 0.4093285838 0.0808090224 2
0 0.1150189057 0.8226411227 0.0190586422 0.0447242804 0.1131130415 0.8096575286 2 0.1178777020 0.8360855125 2
0 0.1176432807 0.7001101474 0.0213456793 0.0386255149 0.0000000000 0.0000000000 0 0.1150189057 0.7077945919 2
0 0.0475272953 0.7739628723 0.0131147853 0.0348339801 0.0492194771 0.7862699534 2 0.0475020648 0.7707265041 2
0 0.9683687527 0.1225174226 0.0093006174 0.0333399181 0.9685974564 0.1137080946 2 0.9679875799 0.1307846380 2
0 0.9138610360 0.1236016475 0.0201259262 0.0284609057 0.9079147397 0.1169607696 2 0.9165564922 0.1266119575 2
0 0.8850443690 0.0931078200 0.0237851855 0.0238529495 0.8776907825 0.0941920450 2 0.8912605358 0.0960894387 2
0 0.9740863454 0.3269470258 0.0091481483 0.0276477370 0.9740863454 0.3173733192 2 0.9737814071 0.3290287378 2
0 0.9335002807 0.2373596843 0.0156128397 0.0401163242 0.9293811745 0.2264480441 2 0.9368216684 0.2470483187 2
0 0.0520590623 0.0754620585 0.0103435063 0.0213375476 0.0560598525 0.0798856964 2 0.0502455042 0.0734568234 2
0 0.1393628905 0.2016278981 0.0210407410 0.0417426617 0.1457315264 0.1877172916 2 0.1371932547 0.2072333413 2
0 0.0676962971 0.4108706979 0.0163141977 0.0577349801 0.0703645070 0.3923521353 2 0.0638083341 0.4273183908 2
0 0.0630459884 0.3806967168 0.0164666669 0.0368636493 0.0667052477 0.3684124478 2 0.0601490748 0.3871153286 2
0 0.1004185742 0.4039177158 0.0192288890 0.0583769349 0.0997683512 0.3877930597 2 0.0974017187 0.4175074455 2
