0 0.1610771988 0.2467771353 0.0312682214 0.0467896447 0.1510804144 0.2625784765 2 0.1618055634 0.2252012377 2
0 0.2177211934 0.0616140832 0.0180041152 0.0560128029 0.2188970774 0.0412912874 2 0.2193954969 0.0857724596 2
0 0.2030903133 0.3349919075 0.0361380983 0.0382398454 0.1886779285 0.3356622178 2 0.2163403008 0.3338217346 2
0 0.2317975988 0.3040137535 0.0242947860 0.0378400355 0.2411477144 0.3024892628 2 0.2205243814 0.3059677633 2
0 0.3202803498 0.2119341564 0.0315072016 0.0617283951 0.3313802395 0.2307840757 2 0.3053273432 0.1982429102 2
0 0.2704475309 0.3382487426 0.0244341564 0.0697302241 0.2798336025 0.3157916413 2 0.2616934832 0.3703670431 2
0 0.2404256687 0.4284179241 0.0278935185 0.0585733882 0.2299993011 0.4089856532 2 0.2523489050 0.4313390161 2
0 0.2106008684 0.6651806127 0.0225051440 0.0537265661 0.2050987330 0.6483988800 2 0.2134066290 0.6885374206 2
0 0.2313226988 0.5005808908 0.0366512346 0.0377229081 0.2445775007 0.4958830375 2 0.2158878831 0.5059266213 2
0 0.2315457819 0.6268861454 0.0250771605 0.0548696845 0.2252163505 0.6067305867 2 0.2405885576 0.6445289139 2
0 0.2241512346 0.5703017833 0.0261952852 0.0800411491 0.2247308580 0.5468537649 2 0.2231807430 0.6043218603 2
0 0.2348001701 0.5466742252 0.0252976190 0.0736961451 0.2331249835 0.5231782162 2 0.2386218054 0.5756140245 2
0 0.2586096939 0.5733182162 0.0193452381 0.0665154951 0.2618343723 0.5463032877 2 0.2554210696 0.6018045741 2
0 0.2613732993 0.6313303099 0.0218962585 0.0631141345 0.2569746455 0.6075339134 2 0.2681119836 0.6595847035 2
0 0.2625531463 0.6885865457 0.0259566327 0.0642479214 0.2552609584 0.6587524042 2 0.2664814881 0.7169329281 2
0 0.2556335034 0.4669312169 0.0172193878 0.0691609977 0.2609948952 0.4395128628 2 0.2509294201 0.4985636500 2
0 0.2741284014 0.4909297052 0.0231717687 0.0650037793 0.2751526735 0.4702050203 2 0.2677025718 0.5191891102 2
0 0.2748724490 0.6035525321 0.0191326531 0.0763416478 0.2713411448 0.5725467620 2 0.2750909468 0.6362471020 2
0 0.2921981293 0.6472033258 0.0231717687 0.0427059713 0.2859445266 0.6345545132 2 0.3017158335 0.6584488632 2
0 0.2958120748 0.6840513983 0.0303996599 0.0325018896 0.3097613600 0.6860486509 2 0.2866980342 0.6827945661 2
0 0.2977253401 0.7460317460 0.0231717687 0.0453514739 0.2884448758 0.7331860730 2 0.3066782365 0.7566538474 2
0 0.2916666667 0.7552910053 0.0225340136 0.0381708239 0.2822100153 0.7426274765 2 0.2983202757 0.7673175307 2
0 0.3377976190 0.8633786848 0.0340136054 0.0472411187 0.3515360300 0.8776518585 2 0.3241206735 0.8484699256 2
0 0.3179209184 0.7853363568 0.0201955782 0.0619803477 0.3122294560 0.7649742490 2 0.3193330413 0.8070695692 2
0 0.3428996599 0.7989417989 0.0255102041 0.0687830688 0.3353357028 0.7761223708 2 0.3398404155 0.8290666475 2
0 0.3278061224 0.8233182162 0.0238095238 0.0464852608 0.3348860154 0.8089486779 2 0.3200868794 0.8384154021 2
0 0.3217474490 0.7356386999 0.0218962585 0.0578231293 0.3131871612 0.7140242197 2 0.3300179556 0.7521740204 2
0 0.3416241497 0.7379062736 0.0204081633 0.0638699924 0.3397085605 0.7158905434 2 0.3409866833 0.7681515656 2
0 0.3666028912 0.7670068027 0.0363520408 0.0427059713 0.3487000364 0.7681698627 2 0.3817075493 0.7664577135 2
0 0.3700042517 0.8159486017 0.0214710884 0.0718065004 0.3769252421 0.8023443818 2 0.3607269776 0.8408950902 2
0 0.3717049320 0.9606953893 0.0172193878 0.0521541950 0.3741261062 0.9451126532 2 0.3653309519 0.9793160309 2
0 0.3906250000 0.9249811036 0.0184948980 0.0631141345 0.3958788067 0.8997558618 2 0.3864637373 0.9509901690 2
0 0.4002976190 0.9631519274 0.0344387755 0.0532879819 0.3844982502 0.9717657583 2 0.4142755151 0.9620335417 2
0 0.4279336735 0.9640967498 0.0212585034 0.0582010582 0.4276031348 0.9419918516 2 0.4192253127 0.9859505641 2
0 0.4547193878 0.9654195011 0.0165816327 0.0608465608 0.4548778410 0.9457264598 2 0.4545470482 0.9949778304 2
0 0.3628353043 0.6920290519 0.0379729489 0.0762518266 0.3541744869 0.6654987430 2 0.3770667230 0.7224656639 2
0 0.3105867347 0.2726757370 0.0267857143 0.0608465608 0.3036927918 0.2507182361 2 0.3167545333 0.2997182156 2
0 0.3265306122 0.2779667423 0.0161564626 0.0653817082 0.3257921474 0.2514122955 2 0.3256732043 0.3106195346 2
0 0.2913477891 0.3195389267 0.0180697279 0.0653817082 0.2944156964 0.2944646610 2 0.2875169958 0.3513459013 2
0 0.3119685374 0.3318216175 0.0261479592 0.0665154951 0.3118472979 0.3125510546 2 0.3022878467 0.3626743093 2
0 0.3070790816 0.4272486772 0.0210459184 0.0782312925 0.3053627119 0.3987645928 2 0.3010931353 0.4592344470 2
0 0.3307823129 0.4601284958 0.0314625850 0.0782312925 0.3266221641 0.4420179010 2 0.3387192976 0.4971745044 2
0 0.2512755102 0.4091080877 0.0174319728 0.0721844293 0.2544064917 0.3849267708 2 0.2502042934 0.4400222602 2
0 0.2678571429 0.4128873772 0.0170068027 0.0661375661 0.2652040239 0.3862398416 2 0.2721824783 0.4420674767 2
0 0.3787202381 0.2726757370 0.0201955782 0.0744520030 0.3823132139 0.2390663884 2 0.3749992437 0.3023939330 2
0 0.3999787415 0.2758881330 0.0214710884 0.0733182162 0.4014297237 0.2465845588 2 0.3987620978 0.3056280123 2
0 0.3584183673 0.2547241119 0.0335884354 0.0445956160 0.3442114443 0.2601211622 2 0.3735800805 0.2451213431 2
0 0.3577806122 0.2195767196 0.0378401361 0.0453514739 0.3438840228 0.2223478344 2 0.3754174695 0.2067937644 2
0 0.3449398348 0.1653496169 0.0303071121 0.0618614304 0.3425541535 0.1430258833 2 0.3504318825 0.1886416858 2
0 0.3601742737 0.1251935122 0.0273886494 0.0674489144 0.3602735548 0.1084883445 2 0.3615005928 0.1582242839 2
0 0.3765939296 0.1617576628 0.0307561063 0.0642560664 0.3793907340 0.1485448533 2 0.3646619218 0.1901076388 2
0 0.4001661279 0.1437978927 0.0285111351 0.0714399745 0.4074073509 0.1249490146 2 0.3873928367 0.1757795268 2
0 0.4337284483 0.1250399106 0.0287356322 0.0658524904 0.4244626852 0.1010629592 2 0.4417138227 0.1506866017 2
0 0.4232893319 0.1647509579 0.0316540948 0.0702426564 0.4150639808 0.1432647016 2 0.4344874838 0.1936976567 2
0 0.4643723060 0.1118694125 0.0303071121 0.0538793103 0.4568170919 0.1011388565 2 0.4759305682 0.1335500846 2
0 0.4982713721 0.1056832695 0.0249191810 0.0598659004 0.4954256750 0.0922115057 2 0.5050096403 0.1324835215 2
0 0.4944549210 0.1555715198 0.0370420259 0.0486909323 0.5077051177 0.1418449840 2 0.4787102757 0.1692835217 2
0 0.4575251437 0.1521791188 0.0282866379 0.0618614304 0.4532427956 0.1322562170 2 0.4612330637 0.1788723660 2
0 0.4487697557 0.1980763091 0.0202047414 0.0506864623 0.4442989085 0.1814245276 2 0.4558250789 0.2214229002 2
0 0.4699847342 0.2036637931 0.0190822557 0.0626596424 0.4714653116 0.1869288860 2 0.4677036052 0.2296882151 2
0 0.4944549210 0.2058588761 0.0199802443 0.0662515964 0.4928709384 0.1776655221 2 0.4954019765 0.2308039306 2
0 0.5141740748 0.1796469569 0.0242456897 0.0666507024 0.5193326151 0.1661573031 2 0.5067224401 0.2088378952 2
0 0.5555181394 0.1880986590 0.0226742098 0.0626596424 0.5529819608 0.1632577180 2 0.5558317383 0.2151363352 2
0 0.5478852371 0.2361909323 0.0217762213 0.0470945083 0.5475169369 0.2242223474 2 0.5549706481 0.2565122431 2
0 0.5249865302 0.2497605364 0.0249191810 0.0686462324 0.5221800402 0.2305387033 2 0.5266757912 0.2811575293 2
0 0.5050062859 0.2619332695 0.0365930316 0.0506864623 0.4898494336 0.2541335868 2 0.5173278238 0.2723295678 2
0 0.4801993534 0.2561462324 0.0202047414 0.0590676884 0.4804968920 0.2334934301 2 0.4784552170 0.2820160460 2
0 0.4620150862 0.2607359515 0.0233477011 0.0658524904 0.4581667466 0.2337773220 2 0.4615211344 0.2874475276 2
0 0.4458512931 0.2377873563 0.0224497126 0.0526819923 0.4445690747 0.2184354136 2 0.4470609057 0.2608604333 2
0 0.4256465517 0.2242177522 0.0215517241 0.0614623244 0.4268585748 0.2026343784 2 0.4224978706 0.2481546640 2
0 0.3953394397 0.2018678161 0.0350215517 0.0614623244 0.4120892487 0.1804832208 2 0.3804461899 0.2166609150 2
0 0.4049928161 0.2321998723 0.0309806034 0.0470945083 0.3936539396 0.2211451523 2 0.4177285700 0.2380516543 2
0 0.3470725575 0.2942608557 0.0332255747 0.0514846743 0.3343858996 0.3036553102 2 0.3605174522 0.2908340944 2
0 0.3220411279 0.3712883142 0.0213272270 0.0754310345 0.3231072714 0.3394326076 2 0.3229700464 0.4018852105 2
0 0.4238505747 0.2870769476 0.0246946839 0.0666507024 0.4287959008 0.2664738618 2 0.4189745146 0.3156212103 2
0 0.4379938937 0.3104246488 0.0202047414 0.0622605364 0.4409226663 0.2817147287 2 0.4365053296 0.3391023512 2
0 0.4275547773 0.3369651980 0.0181842672 0.0427043423 0.4337560530 0.3190685981 2 0.4236565865 0.3535966886 2
0 0.4222790948 0.3846583653 0.0278376437 0.0646551724 0.4217883377 0.3615355678 2 0.4204945024 0.4148572656 2
0 0.4040948276 0.3417544700 0.0251436782 0.0666507024 0.4120401091 0.3179180060 2 0.3945798668 0.3674964716 2
0 0.3826553520 0.3233955939 0.0276131466 0.0570721584 0.3864607380 0.3018772490 2 0.3790890714 0.3472839468 2
0 0.3446030891 0.3389607280 0.0350215517 0.0522828863 0.3322917015 0.3310844769 2 0.3612062344 0.3498535596 2
0 0.3703080101 0.3682950192 0.0226742098 0.0654533844 0.3753703912 0.3489087936 2 0.3673924662 0.3965381969 2
0 0.3485317888 0.3802681992 0.0307561063 0.0574712644 0.3385684872 0.3606439557 2 0.3606290328 0.4041377328 2
0 0.3405621408 0.4104007024 0.0260416667 0.0570721584 0.3468495996 0.3920202188 2 0.3329368766 0.4353965358 2
0 0.3717672414 0.4117975734 0.0188577586 0.0582694764 0.3789670356 0.3951044615 2 0.3688966114 0.4350563664 2
0 0.3907372486 0.4147908685 0.0262661638 0.0730363985 0.3920210207 0.3926862560 2 0.3828530866 0.4467785434 2
0 0.3557156968 0.4648786718 0.0213272270 0.0694444444 0.3622675714 0.4391446988 2 0.3529188489 0.4916996794 2
0 0.3822063578 0.4692688378 0.0401849856 0.0590676884 0.3971364186 0.4584601386 2 0.3629652260 0.4888345320 2
0 0.4186013037 0.4430628334 0.0267679809 0.0737054879 0.4221871050 0.4147963497 2 0.4130105009 0.4722446763 2
0 0.4494432471 0.4319524266 0.0273886494 0.0826149425 0.4446234855 0.4018722512 2 0.4579996516 0.4603867156 2
0 0.4519351652 0.3858955939 0.0314744971 0.0711206897 0.4435751973 0.3652908352 2 0.4651140293 0.4080736563 2
0 0.4534841954 0.3521312261 0.0269396552 0.0666507024 0.4620922662 0.3341148428 2 0.4441470172 0.3627841294 2
0 0.4675152658 0.3198036398 0.0352460489 0.0754310345 0.4597790745 0.3057566833 2 0.4805000431 0.3313720087 2
0 0.4974856322 0.2960568327 0.0269396552 0.0694444444 0.4935405236 0.2777344595 2 0.5041525870 0.3228778403 2
0 0.5195985991 0.3223978289 0.0217762213 0.0606641124 0.5233049363 0.3071768656 2 0.5156900403 0.3495554176 2
0 0.5438442888 0.2882742656 0.0226742098 0.0706417625 0.5425075580 0.2719206519 2 0.5475195362 0.3153292382 2
0 0.5572018678 0.3279853129 0.0309806034 0.0678480204 0.5503950452 0.3168865002 2 0.5710078312 0.3344409687 2
0 0.4995061063 0.3563218391 0.0224497126 0.0630587484 0.4967470860 0.3429473477 2 0.5008769038 0.3841435547 2
0 0.5327316810 0.3651021711 0.0390625000 0.0367177522 0.5164104804 0.3707954298 2 0.5445407490 0.3584185298 2
0 0.5620285560 0.3942369093 0.0231232040 0.0606641124 0.5630822549 0.3841170681 2 0.5528186994 0.4225716801 2
0 0.5323949353 0.4119971264 0.0271641523 0.0658524904 0.5376351281 0.3999468874 2 0.5266135680 0.4357270245 2
0 0.5028735632 0.4181832695 0.0226068606 0.0667305236 0.5061323249 0.4124468616 2 0.4945996200 0.4430928330 2
0 0.4785343450 0.4824872796 0.0266240682 0.0633061176 0.4746930353 0.4700840306 2 0.4878220935 0.5091896854 2
0 0.5064691520 0.4934231872 0.0261241959 0.0690078670 0.5026075532 0.4778941853 2 0.5156274063 0.5240928543 2
0 0.5312832801 0.5200567980 0.0176384452 0.0686309313 0.5324739795 0.5070542108 2 0.5284786472 0.5516687554 2
0 0.4847743610 0.5546680866 0.0274560703 0.0692225772 0.4808416172 0.5384191388 2 0.4943161769 0.5843137971 2
0 0.4425086528 0.5205005325 0.0297856763 0.0630102946 0.4343332255 0.5050984689 2 0.4526738676 0.5460592361 2
0 0.4123069755 0.5401727606 0.0196352503 0.0585729499 0.4171647486 0.5232032753 2 0.4090664510 0.5650681587 2
0 0.4080637646 0.4881079162 0.0314496805 0.0502899065 0.4000749189 0.4719117038 2 0.4191044114 0.5020010722 2
0 0.3779452875 0.5061531180 0.0231296592 0.0485149686 0.3836489581 0.4936666328 2 0.3698805607 0.5192421176 2
0 0.4479166667 0.5939419319 0.0253873534 0.0786339103 0.4506217313 0.5670914524 2 0.4520522480 0.6232948618 2
0 0.4727805695 0.5874278801 0.0269577052 0.0739810162 0.4740801050 0.5616876547 2 0.4821553291 0.6207863319 2
0 0.5225083752 0.5720733296 0.0217231993 0.0749115950 0.5202854539 0.5389833372 2 0.5235561736 0.6022172515 2
0 0.5844064070 0.3789782245 0.0219849246 0.0758421738 0.5912714310 0.3555338681 2 0.5781640049 0.4070437533 2
0 0.6101863484 0.3803740927 0.0206762982 0.0656058068 0.6129044824 0.3573356758 2 0.6068175918 0.4071977864 2
0 0.6264133166 0.3273310999 0.0259108040 0.0702587009 0.6266525091 0.3110661652 2 0.6295922631 0.3576477748 2
0 0.6345268007 0.3773497115 0.0248639028 0.0567653080 0.6418189651 0.3623726293 2 0.6278777763 0.3979886375 2
0 0.5829669179 0.2863856319 0.0269577052 0.0544388610 0.5841521814 0.2707933863 2 0.5837560383 0.3069568052 2
0 0.5663473618 0.2631211614 0.0261725293 0.0674669645 0.5681604782 0.2413929585 2 0.5673013217 0.2933241925 2
0 0.5800879397 0.2114740369 0.0248639028 0.0628140704 0.5825764461 0.1938852846 2 0.5800624613 0.2400004009 2
0 0.5904260888 0.4504001489 0.0256490787 0.0651405174 0.5923925497 0.4287891713 2 0.5926295584 0.4791403474 2
0 0.5638609715 0.4624976736 0.0211997487 0.0707239903 0.5662429256 0.4337734863 2 0.5585232145 0.4923289246 2
0 0.5738065327 0.4852968546 0.0217231993 0.0642099386 0.5810063991 0.4612949636 2 0.5679235203 0.5107191725 2
0 0.5502512563 0.5060022334 0.0217231993 0.0553694398 0.5499481053 0.4896027079 2 0.5455160430 0.5272080842 2
0 0.5717127303 0.5432253862 0.0400439698 0.0600223339 0.5582563597 0.5322419979 2 0.5870833862 0.5576719001 2
0 0.5524628350 0.5748650661 0.0183469430 0.0739810162 0.5537971222 0.5522352973 2 0.5535874654 0.6079842519 2
0 0.6095320352 0.4969290899 0.0188442211 0.0623487809 0.6105462969 0.4766475880 2 0.6108865736 0.5252441475 2
0 0.6300774707 0.5055369440 0.0164886935 0.0786339103 0.6329308520 0.4771605801 2 0.6319294903 0.5374330146 2
0 0.6145098705 0.5399493893 0.0300984087 0.0623487809 0.6074709064 0.5214826967 2 0.6227975122 0.5652397648 2
0 0.6345268007 0.5688163037 0.0353329146 0.0525777033 0.6206281041 0.5743291406 2 0.6491317831 0.5644665701 2
0 0.6408514493 0.6813830739 0.0311996779 0.0585972446 0.6333809180 0.6691443609 2 0.6535284586 0.7047726985 2
0 0.6161936393 0.6608069422 0.0201288245 0.0577026302 0.6233302743 0.6489416989 2 0.6107334841 0.6773078043 2
0 0.6216032609 0.6216675613 0.0244061997 0.0644122383 0.6239441969 0.6009231541 2 0.6152729181 0.6500864408 2
0 0.6023550725 0.6145106459 0.0251610306 0.0706745393 0.6064628630 0.5926637104 2 0.5996485528 0.6370067266 2
0 0.5871326490 0.6702003936 0.0319545089 0.0702272321 0.5774058112 0.6498544834 2 0.5987414212 0.6986864850 2
0 0.5550523349 0.6467167651 0.0206320451 0.0644122383 0.5572221402 0.6184728735 2 0.5527693213 0.6738857305 2
0 0.5103637545 0.6538777917 0.0201732263 0.0510407128 0.5151669658 0.6347986016 2 0.5091123881 0.6770574065 2
0 0.5314990202 0.6559161641 0.0186191626 0.0590445518 0.5293141769 0.6353727848 2 0.5322143682 0.6808210491 2
0 0.5038496377 0.6042225801 0.0223933172 0.0635176239 0.5061186711 0.5815066071 2 0.4983766904 0.6322467529 2
0 0.4883756039 0.6451511898 0.0206320451 0.0621757023 0.4916256571 0.6231162175 2 0.4824636893 0.6727843884 2
0 0.4663597021 0.6505188764 0.0239029791 0.0594918590 0.4694457529 0.6300122711 2 0.4663071341 0.6742655945 2
0 0.4328955314 0.6722132761 0.0208836554 0.0644122383 0.4371781634 0.6523021450 2 0.4290927818 0.6958408184 2
0 0.4198450969 0.6190231863 0.0324577295 0.0849883700 0.4304483555 0.6152905147 2 0.4074112023 0.6565203190 2
0 0.3888637279 0.5854356772 0.0193739936 0.0581499374 0.3919196213 0.5650154955 2 0.3926601303 0.6127842021 2
0 0.3766606280 0.5708981929 0.0133168821 0.0443896069 0.3744687476 0.5524388926 2 0.3781026801 0.5878988955 2
0 0.3483531666 0.5257887363 0.0239003751 0.0533667014 0.3477026558 0.5089665007 2 0.3526317028 0.5496794923 2
0 0.3543931159 0.5653068527 0.0233997585 0.0438361066 0.3632101042 0.5543081297 2 0.3455062432 0.5778423914 2
0 0.3556564571 0.6006979510 0.0224064748 0.0440281615 0.3643757496 0.6189841622 2 0.3488313306 0.5926413101 2
0 0.3735273676 0.6384331419 0.0324577295 0.0563607085 0.3817251927 0.6250210432 2 0.3593732138 0.6602009162 2
0 0.4076086957 0.7006172840 0.0221417069 0.0702272321 0.4039923753 0.6734576060 2 0.4124244127 0.7284219985 2
0 0.3010549363 0.4890894079 0.0341693206 0.0489502241 0.2858039281 0.4907390241 2 0.3152797362 0.4945385240 2
0 0.2826135551 0.3779208393 0.0190003577 0.0365601653 0.2756947847 0.3695753785 2 0.2910587449 0.3901493396 2
0 0.3003844778 0.3727547290 0.0250357654 0.0548402480 0.2923945534 0.3683951776 2 0.3118489186 0.3765538173 2
0 0.2875312947 0.4317676045 0.0176591559 0.0631855031 0.2915347153 0.4065138384 2 0.2875115439 0.4598495962 2
0 0.3150259299 0.5348911143 0.0181062232 0.0635828962 0.3182632780 0.5125630714 2 0.3134051087 0.5617102648 2
0 0.3325733190 0.5527738038 0.0183297568 0.0747099030 0.3286191452 0.5246053676 2 0.3310655804 0.5857360450 2
0 0.2980373748 0.5313145764 0.0221298283 0.0619933238 0.2887718485 0.5065372964 2 0.3033203302 0.5542553141 2
0 0.2867489270 0.5631060245 0.0290593705 0.0723255444 0.2835272090 0.5437895838 2 0.2991846835 0.5973553977 2
0 0.3171494993 0.5809887140 0.0152002861 0.0556350342 0.3170270040 0.5659499813 2 0.3178366989 0.6076942502 2
0 0.3041845494 0.6199332380 0.0160944206 0.0564298204 0.3048729635 0.5946420203 2 0.3045649903 0.6450127526 2
0 0.3410094758 0.6156016330 0.0196709585 0.0694166269 0.3382143802 0.5851633850 2 0.3430131525 0.6430854087 2
0 0.3161942829 0.6815245478 0.0199854651 0.0567039908 0.3207022096 0.6551935032 2 0.3165759490 0.7059923565 2
0 0.3960352067 0.7385874246 0.0436046512 0.0466551823 0.3793832856 0.7359085357 2 0.4110296266 0.7373010859 2
0 0.4402454780 0.7278208441 0.0230135659 0.0552684467 0.4494733377 0.7200310676 2 0.4305708854 0.7371907405 2
0 0.4336845930 0.7737582544 0.0264454134 0.0559862188 0.4387673496 0.7544600293 2 0.4278693207 0.7962867322 2
0 0.4003754845 0.7811154177 0.0252341731 0.0506029285 0.4055094798 0.7618725577 2 0.3916088128 0.8014776958 2
0 0.4683058786 0.7170542636 0.0238210594 0.0617283951 0.4722986625 0.6941796209 2 0.4596091052 0.7394976859 2
0 0.4893007106 0.7335630204 0.0270510336 0.0696238875 0.4787743585 0.7638309471 2 0.4937923050 0.7206476960 2
0 0.4794089147 0.7805770887 0.0318959948 0.0480907264 0.4687996979 0.7677331942 2 0.4937335420 0.8003950718 2
0 0.4985868863 0.7656833190 0.0197835917 0.0577806489 0.5022196671 0.7422160037 2 0.4928644157 0.7878126348 2
0 0.5094880491 0.7782443296 0.0230135659 0.0549095607 0.5171355901 0.7612706691 2 0.5002538303 0.7992740520 2
0 0.4136339662 0.8280590717 0.0283491561 0.0609470230 0.4103035651 0.8050797576 2 0.4117449465 0.8531750797 2
0 0.5380735759 0.7099742147 0.0273602321 0.0709095171 0.5464056129 0.6841559953 2 0.5336346758 0.7401130528 2
0 0.5201081224 0.7249179559 0.0250527426 0.0679793718 0.5194321231 0.7014857391 2 0.5212871552 0.7516128308 2
0 0.5662579114 0.6071261135 0.0217563291 0.0539146742 0.5652682624 0.5876701001 2 0.5693877132 0.6276004376 2
0 0.5769712553 0.6056610408 0.0240638186 0.0591889358 0.5772939243 0.5844931478 2 0.5776169557 0.6333067914 2
0 0.6229562236 0.6988396624 0.0217563291 0.0591889358 0.6215177421 0.6767146392 2 0.6238866395 0.7257197089 2
0 0.6082871835 0.7255039850 0.0280195148 0.0714955462 0.6066951608 0.7006285294 2 0.6163200059 0.7575104970 2
0 0.5758175105 0.6959095171 0.0290084388 0.0627051102 0.5756328800 0.6774847695 2 0.5752964974 0.7162185447 2
0 0.5570279536 0.7395686826 0.0224156118 0.0691514299 0.5558441019 0.7161797546 2 0.5578569184 0.7703021545 2
0 0.5723562764 0.7477730895 0.0253823840 0.0492264416 0.5824366784 0.7357403132 2 0.5646834489 0.7583475406 2
0 0.5398866034 0.7592006564 0.0276898734 0.0556727614 0.5469349581 0.7461323219 2 0.5302236768 0.7798024589 2
0 0.5580168776 0.7846929208 0.0441719409 0.0386779184 0.5440290963 0.7864562585 2 0.5764771743 0.7900497797 2
0 0.5548852848 0.8178035631 0.0385680380 0.0380918894 0.5388635719 0.8208145838 2 0.5707249328 0.8155301598 2
0 0.5679061181 0.8623417722 0.0309862869 0.0427801219 0.5543355769 0.8724999757 2 0.5807186122 0.8571422994 2
0 0.5278546941 0.8427097984 0.0372494726 0.0386779184 0.5146235953 0.8465564187 2 0.5458442515 0.8409741813 2
0 0.5102188819 0.8125293015 0.0356012658 0.0416080638 0.4964585467 0.8241297976 2 0.5220105150 0.8040083372 2
0 0.5095595992 0.9001406470 0.0210970464 0.0468823254 0.5117375349 0.8829191253 2 0.5088377145 0.9199155269 2
0 0.4795622363 0.9224097515 0.0290084388 0.0492264416 0.4684565211 0.9127650625 2 0.4899493077 0.9361683191 2
0 0.4494000527 0.9282700422 0.0234045359 0.0515705579 0.4521781447 0.9139964059 2 0.4394189348 0.9483545395 2
0 0.4261603376 0.9109821847 0.0197784810 0.0603609939 0.4261456252 0.8897855588 2 0.4276829565 0.9368327760 2
0 0.3819883966 0.8676160338 0.0329641350 0.0545007032 0.3737249745 0.8544702949 2 0.3950418529 0.8867265326 2
0 0.3963277954 0.8512072199 0.0293380802 0.0673933427 0.3883355705 0.8342978553 2 0.4043965243 0.8781078873 2
0 0.4118209388 0.8980895452 0.0220859705 0.0568448195 0.4045610803 0.8977682492 2 0.4210510872 0.8935216455 2
0 0.4424775844 0.8400726676 0.0253823840 0.0650492264 0.4408014882 0.8172297019 2 0.4471917542 0.8679310718 2
0 0.4352254747 0.8843178622 0.0214266878 0.0421940928 0.4277022531 0.8737311296 2 0.4425169239 0.9029340269 2
0 0.4602782173 0.8321612752 0.0187895570 0.0539146742 0.4548537834 0.8109615789 2 0.4671140535 0.8540305457 2
0 0.4584651899 0.7770745429 0.0178006329 0.0726676043 0.4607985645 0.7501461661 2 0.4582868083 0.8037302987 2
0 0.4643987342 0.8761134552 0.0210970464 0.0503984998 0.4572364763 0.8593932802 2 0.4701641315 0.8983494298 2
0 0.4851661392 0.8737693390 0.0230748945 0.0562587904 0.4794063709 0.8543771595 2 0.4869800196 0.8974991949 2
0 0.4868143460 0.8333333333 0.0395569620 0.0503984998 0.4770125264 0.8139629762 2 0.4982795597 0.8510896814 2
0 0.5371552230 0.6040036515 0.0194395540 0.0762910798 0.5371019927 0.5722782083 2 0.5359619412 0.6324820359 2
0 0.5036243557 0.7039900725 0.0187929553 0.0639557083 0.5023153435 0.6780147884 2 0.5060385089 0.7235201436 2
0 0.5633746819 0.6699886910 0.0151081425 0.0551314673 0.5688677524 0.6463492022 2 0.5570328522 0.6873590259 2
0 0.4845845882 0.4218878864 0.0265773034 0.0632792938 0.4895132542 0.4010816546 2 0.4793094681 0.4301901297 2
0 0.6081393868 0.4204957419 0.0314418991 0.0316396469 0.5966907957 0.4271224170 2 0.6133290332 0.4174918701 2
0 0.3237619786 0.6381110236 0.0198038878 0.0583181972 0.3277434105 0.6190344933 2 0.3219571955 0.6467584148 2
0 0.4261041120 0.5621607515 0.0174954591 0.0496784642 0.4314220026 0.5463241211 2 0.4230387618 0.5715953399 2
0 0.3947021928 0.5194718312 0.0147010455 0.0581022038 0.3923658200 0.4969394078 2 0.3934592862 0.5319303261 2
0 0.5121063057 0.4479602557 0.0188319178 0.0407687397 0.5099451913 0.4354542423 2 0.5100970616 0.4584035328 2
0 0.5178424471 0.4827027816 0.0185281772 0.0313190318 0.5109191052 0.4719342185 2 0.5176256978 0.4847210232 2
0 0.5916265004 0.5797513743 0.0213833390 0.0516224041 0.5982808497 0.5617548106 2 0.5896546163 0.5852980828 2
0 0.6028520395 0.6494511236 0.0242020518 0.0241912522 0.5953455156 0.6556164370 2 0.6102166559 0.6487046507 2
0 0.5043247006 0.8401458937 0.0221609149 0.0219449216 0.5128556809 0.8404361887 2 0.4995396926 0.8413001620 2
0 0.4500582400 0.6663288576 0.0197431397 0.0615580970 0.4500233098 0.6446431280 2 0.4465302928 0.6756921681 2
0 0.3602716803 0.7263312627 0.0159160080 0.0444946245 0.3630381498 0.7398697241 2 0.3584212925 0.7182703919 2
0 0.3377997350 0.6944420085 0.0166449854 0.0414707180 0.3414166782 0.7079804700 2 0.3361923397 0.6874611043 2
0 0.3446970768 0.6739615216 0.0136075793 0.0321830051 0.3489215012 0.6851240566 2 0.3418747190 0.6693565440 2
