0 0.3593949553 0.1328224777 0.0175606641 0.0588903079 0.3578125000 0.1200930701 2 0.3582031250 0.1425467738 2
0 0.3442289272 0.1714914148 0.0183588761 0.0553426990 0.3438354099 0.1581640000 2 0.3461762436 0.1837181663 2
0 0.3985073436 0.1491414786 0.0231481481 0.0617283951 0.4050781250 0.1360652924 2 0.3964843750 0.1594449220 2
0 0.3719667944 0.1739747410 0.0211526181 0.0560522208 0.3717447917 0.1677782553 2 0.3682291667 0.1895375146 2
0 0.4308349298 0.1317581950 0.0247445722 0.0553426990 0.4294270833 0.1224078850 2 0.4390625000 0.1464819590 2
0 0.4645593870 0.1182772811 0.0275383142 0.0510855683 0.4626302083 0.1057412183 2 0.4740885417 0.1305097368 2
0 0.4954901022 0.1094082588 0.0263409962 0.0560522208 0.4946614583 0.1011115887 2 0.5035156250 0.1265745516 2
0 0.3927203065 0.2055484603 0.0331257982 0.0482474812 0.3971354167 0.2025004775 2 0.3860677083 0.2166208479 2
0 0.0922821612 0.3781721120 0.0161859969 0.0449896770 0.0951822917 0.3687041812 2 0.0930989583 0.3900004775 2
0 0.5658482143 0.8633156966 0.0337301587 0.0405643739 0.5721354167 0.8603708479 2 0.5597656250 0.8724078850 2
0 0.4244582076 0.1719825124 0.0277777778 0.0511463845 0.4242535945 0.1667338717 2 0.4310244278 0.1845579458 2
0 0.4574652778 0.1604938272 0.0252976190 0.0511463845 0.4535156250 0.1481023294 2 0.4608072917 0.1770375146 2
0 0.4904513889 0.1578483245 0.0287698413 0.0546737213 0.4953125000 0.1513430701 2 0.4854166667 0.1673152924 2
0 0.4480406746 0.2028218695 0.0213293651 0.0476190476 0.4479166667 0.1925467738 2 0.4559895833 0.2145375146 2
0 0.4696180556 0.2111992945 0.0188492063 0.0573192240 0.4707031250 0.2038893664 2 0.4705729167 0.2261115887 2
0 0.4934275794 0.2059082892 0.0218253968 0.0555555556 0.4946614583 0.2173152924 2 0.4941406250 0.1844449220 2
0 0.5189732143 0.1843033510 0.0193452381 0.0687830688 0.5188802083 0.1805097403 2 0.5136718750 0.2103708514 2
0 0.5536954365 0.1904761905 0.0183531746 0.0652557319 0.5548177083 0.1869912183 2 0.5539062500 0.2126856627 2
0 0.5792410714 0.2142857143 0.0238095238 0.0617283951 0.5804687500 0.2075930701 2 0.5817708333 0.2342134405 2
0 0.3602430556 0.2200176367 0.0282738095 0.0343915344 0.3559895833 0.2200930701 2 0.3717447917 0.2240282553 2
0 0.4244791667 0.2283950617 0.0208333333 0.0529100529 0.4273437500 0.2145375146 2 0.4226562500 0.2379171442 2
0 0.4053819444 0.2376543210 0.0272817460 0.0396825397 0.4039062500 0.2315747108 2 0.3934895833 0.2278710071 2
0 0.4443204365 0.2420634921 0.0178571429 0.0502645503 0.4459635417 0.2316671442 2 0.4464843750 0.2562041812 2
0 0.4596738417 0.2616439377 0.0178099849 0.0559157414 0.4613946713 0.2495032665 2 0.4617737352 0.2719517921 2
0 0.4782986111 0.2557319224 0.0193452381 0.0476190476 0.4821614583 0.2432412183 2 0.4799479167 0.2629171442 2
0 0.5026041667 0.2605820106 0.0312500000 0.0502645503 0.5092447917 0.2656949220 2 0.4936197917 0.2603708479 2
0 0.5244295635 0.2566137566 0.0213293651 0.0670194004 0.5226562500 0.2441671442 2 0.5259114583 0.2735652924 2
0 0.5479910714 0.2455908289 0.0198412698 0.0537918871 0.5467447917 0.2358338109 2 0.5533854167 0.2541208479 2
0 0.5660962302 0.2676366843 0.0173611111 0.0626102293 0.5680989583 0.2601393664 2 0.5687500000 0.2860652924 2
0 0.5820609420 0.2887696550 0.0185365666 0.0626723303 0.5828927111 0.2806109283 2 0.5822688843 0.3052881584 2
0 0.6268601190 0.3289241623 0.0188492063 0.0687830688 0.6274739583 0.3168523329 2 0.6272135417 0.3499541848 2
0 0.6092509921 0.4047619048 0.0203373016 0.0564373898 0.6101562500 0.3874541812 2 0.6102864583 0.4177782553 2
0 0.3604910714 0.2579365079 0.0248015873 0.0361552028 0.3554687500 0.2481023294 2 0.3686197917 0.2506486257 2
0 0.3059275794 0.2724867725 0.0208333333 0.0564373898 0.3049479167 0.2652319590 2 0.3063802083 0.2904634405 2
0 0.3287450397 0.2702821869 0.0188492063 0.0485008818 0.3278645833 0.2689356627 2 0.3282552083 0.2918523294 2
0 0.3483382937 0.2808641975 0.0223214286 0.0520282187 0.3407552083 0.2654634405 2 0.3480468750 0.2890745516 2
0 0.3542146979 0.3164418610 0.0343781439 0.0350001242 0.3490885417 0.3150004775 2 0.3694010417 0.3147689961 2
0 0.3809538502 0.2703605490 0.0166141249 0.0695081789 0.3819684986 0.2609614836 2 0.3781057145 0.2929619798 2
0 0.3867807540 0.3284832451 0.0198412698 0.0555555556 0.3888020833 0.3196301072 2 0.3868489583 0.3460189961 2
0 0.3994295635 0.2843915344 0.0193452381 0.0661375661 0.4003906250 0.2714819590 2 0.4009114583 0.2992597368 2
0 0.4224950397 0.2892416226 0.0218253968 0.0599647266 0.4260416667 0.2807412183 2 0.4188802083 0.3075930701 2
0 0.4433283730 0.3143738977 0.0178571429 0.0608465608 0.4436197917 0.3034264035 2 0.4416666667 0.3374541812 2
0 0.4691220238 0.3306878307 0.0287698413 0.0511463845 0.4658854167 0.3279634405 2 0.4802083333 0.3476393664 2
0 0.3575148810 0.4603174603 0.0228174603 0.0546737213 0.3605468750 0.4511115887 2 0.3555989583 0.4793523294 2
0 0.4832589286 0.3108465608 0.0213293651 0.0573192240 0.4839843750 0.3103708479 2 0.4871093750 0.3321301072 2
0 0.4983878968 0.3037918871 0.0198412698 0.0520282187 0.4975260417 0.2983338109 2 0.5035156250 0.3228708479 2
0 0.4973958333 0.3677248677 0.0188492063 0.0617283951 0.4993489583 0.3559726998 2 0.4996093750 0.3821301072 2
0 0.5174851190 0.3302469136 0.0213293651 0.0608465608 0.5180989583 0.3219449220 2 0.5169270833 0.3423152924 2
0 0.5291418651 0.3355379189 0.0138888889 0.0379188713 0.0000000000 0.0000000000 0 0.0000000000 0.0000000000 0
0 0.5261447155 0.3664021164 0.0287698413 0.0467372134 0.5303733862 0.3622226998 2 0.5211285945 0.3703245516 2
0 0.5584077381 0.3390652557 0.0277777778 0.0502645503 0.5570312500 0.3381486257 2 0.5501302083 0.3571301072 2
0 0.5438734840 0.2997366918 0.0235108568 0.0544998385 0.5429612137 0.2914296035 2 0.5445041137 0.3065197129 2
0 0.4043898810 0.3399470899 0.0262896825 0.0502645503 0.4066406250 0.3381486257 2 0.3985677083 0.3552782553 2
0 0.4272073413 0.3408289242 0.0203373016 0.0626102293 0.4295572917 0.3314356627 2 0.4268229167 0.3525004775 2
0 0.4490545705 0.3591673498 0.0263333473 0.0382790571 0.4444521127 0.3503635985 2 0.4503771158 0.3635519299 2
0 0.2278025794 0.3130511464 0.0292658730 0.0388007055 0.2316406250 0.3075930701 2 0.2214843750 0.3233338109 2
0 0.2682291667 0.3408289242 0.0228174603 0.0661375661 0.2705729167 0.3388430701 2 0.2615885417 0.3626856627 2
0 0.2883184524 0.3183421517 0.0223214286 0.0546737213 0.2889322917 0.3068986257 2 0.2839843750 0.3316671442 2
0 0.3086557540 0.3403880071 0.0193452381 0.0599647266 0.3078125000 0.3339819590 2 0.3053385417 0.3585189961 2
0 0.2912946429 0.3549382716 0.0213293651 0.0343915344 0.2947916667 0.3534882910 2 0.2847222222 0.3537969330 2
0 0.2818700397 0.3783068783 0.0252976190 0.0370370370 0.2773437500 0.3747226998 2 0.2902343750 0.3886115887 2
0 0.2543402778 0.3950617284 0.0208333333 0.0511463845 0.2537760417 0.3879171442 2 0.2559895833 0.4129171442 2
0 0.2208581349 0.4096119929 0.0193452381 0.0520282187 0.2201822917 0.3974078850 2 0.2197916667 0.4205560331 2
0 0.2419394841 0.4373897707 0.0267857143 0.0405643739 0.2460937500 0.4351393664 2 0.2367187500 0.4441671442 2
0 0.2565724206 0.4722222222 0.0243055556 0.0537918871 0.2600260417 0.4763430701 2 0.2502604167 0.4594449220 2
0 0.2302827381 0.4854497354 0.0243055556 0.0555555556 0.2319010417 0.4775004775 2 0.2263020833 0.4997226998 2
0 0.2544494397 0.5060113769 0.0255753270 0.0331867750 0.2634114583 0.5131486257 2 0.2500000000 0.5006486257 2
0 0.2230902778 0.5771604938 0.0178571429 0.0555555556 0.2225260417 0.5668523294 2 0.2204427083 0.5950930701 2
0 0.2059771825 0.5542328042 0.0203373016 0.0449735450 0.2113281250 0.5691671442 2 0.2053385417 0.5476393664 2
0 0.2149057540 0.6737213404 0.0312500000 0.0423280423 0.2110677083 0.6724078850 2 0.2166666667 0.6839819590 2
0 0.2399553571 0.6626984127 0.0287698413 0.0343915344 0.2342447917 0.6608338109 2 0.2496093750 0.6652319590 2
0 0.2548363095 0.6190476190 0.0178571429 0.0564373898 0.2570312500 0.6108338109 2 0.2561197917 0.6372226998 2
0 0.2744295635 0.6137566138 0.0163690476 0.0599647266 0.2733072917 0.6062041812 2 0.2753906250 0.6293523294 2
0 0.2923784024 0.6474339866 0.0270983540 0.0285540403 0.2902970011 0.6448715849 2 0.2997830653 0.6539021147 2
0 0.2903025794 0.7045855379 0.0282738095 0.0440917108 0.2834635417 0.7006486257 2 0.2967447917 0.7129171442 2
0 0.2952628968 0.7473544974 0.0252976190 0.0449735450 0.2881510417 0.7437041812 2 0.3005208333 0.7575930701 2
0 0.3183283730 0.7870370370 0.0248015873 0.0449735450 0.3164930556 0.7786426120 2 0.3178819444 0.7980870565 2
0 0.3408978175 0.7998236332 0.0183531746 0.0652557319 0.3394531250 0.7890745516 2 0.3404947917 0.8210189961 2
0 0.3270089286 0.8249559083 0.0193452381 0.0414462081 0.3273437500 0.8240282553 2 0.3213541667 0.8330560331 2
0 0.3361855159 0.8602292769 0.0297619048 0.0467372134 0.3390625000 0.8647689961 2 0.3260416667 0.8499541812 2
0 0.3709077381 0.8218694885 0.0277777778 0.0511463845 0.3739583333 0.8196301072 2 0.3644531250 0.8367597368 2
0 0.3723958333 0.7698412698 0.0317460317 0.0405643739 0.3623697917 0.7636115887 2 0.3743489583 0.7668523294 2
0 0.3505704365 0.7936507937 0.0218253968 0.0388007055 0.3496093750 0.7856023294 2 0.3544270833 0.8011115887 2
0 0.3416418651 0.7460317460 0.0238095238 0.0493827160 0.3381510417 0.7404634405 2 0.3462239583 0.7571301072 2
0 0.3227926587 0.7429453263 0.0218253968 0.0537918871 0.3234375000 0.7439203898 2 0.3269097222 0.7599697725 2
0 0.3148561508 0.6882716049 0.0188492063 0.0573192240 0.3160156250 0.6825930701 2 0.3144531250 0.7029634405 2
0 0.3327132937 0.6781305115 0.0148809524 0.0582010582 0.3316406250 0.6682412183 2 0.3313802083 0.6886115887 2
0 0.3545386905 0.7094356261 0.0238095238 0.0626102293 0.3535156250 0.7020375146 2 0.3580729167 0.7191671442 2
0 0.3823164683 0.6895943563 0.0317460317 0.0511463845 0.3858072917 0.6844449220 2 0.3743489583 0.7015745516 2
0 0.3714037698 0.6358024691 0.0218253968 0.0582010582 0.3713541667 0.6275004775 2 0.3631510417 0.6529634405 2
0 0.3550347222 0.6313932981 0.0168650794 0.0564373898 0.3550781250 0.6307412183 2 0.3536458333 0.6483338109 2
0 0.3391617063 0.6067019400 0.0188492063 0.0546737213 0.3371093750 0.5997226998 2 0.3417968750 0.6200930701 2
0 0.3270089286 0.6247795414 0.0262896825 0.0485008818 0.3257812500 0.6150004775 2 0.3347656250 0.6367597368 2
0 0.3193204365 0.5868606702 0.0198412698 0.0520282187 0.3188802083 0.5719449220 2 0.3179687500 0.5890745516 2
0 0.3210565476 0.5335097002 0.0173611111 0.0599647266 0.3203125000 0.5251856627 2 0.3194010417 0.5531949220 2
0 0.3513144841 0.5361552028 0.0203373016 0.0564373898 0.3497395833 0.5277319590 2 0.3536458333 0.5508801072 2
0 0.3371775794 0.5533509700 0.0178571429 0.0590828924 0.3386718750 0.5437041812 2 0.3372395833 0.5714819590 2
0 0.3532986111 0.5776014109 0.0203373016 0.0511463845 0.3553385417 0.5659264035 2 0.3563802083 0.5923152924 2
0 0.3007192460 0.6115520282 0.0183531746 0.0573192240 0.3007812500 0.6099697725 2 0.3047743056 0.5877475503 2
0 0.2898065476 0.5771604938 0.0203373016 0.0485008818 0.0000000000 0.0000000000 0 0.0000000000 0.0000000000 0
0 0.3027033730 0.4960317460 0.0262896825 0.0343915344 0.2977864583 0.4943986257 2 0.3110677083 0.4997226998 2
0 0.3303457900 0.4739424200 0.0299872150 0.0642869563 0.3267053929 0.4630799129 2 0.3384461500 0.4942736974 2
0 0.3748759921 0.5026455026 0.0228174603 0.0634920635 0.3777343750 0.4876856627 2 0.3712239583 0.5126856627 2
0 0.3909970238 0.5238095238 0.0262896825 0.0564373898 0.3975260417 0.5242597368 2 0.3803385417 0.5316671442 2
0 0.3890128968 0.5864197531 0.0223214286 0.0687830688 0.3902343750 0.5800467774 2 0.3920572917 0.6052782589 2
0 0.4125744048 0.5568783069 0.0198412698 0.0626102293 0.4110677083 0.5441671442 2 0.4085937500 0.5691671442 2
0 0.4381802971 0.5504570634 0.0373228957 0.0313610055 0.4238096680 0.5528411948 2 0.4409203758 0.5554685130 2
0 0.3890128968 0.4188712522 0.0183531746 0.0634920635 0.3884114583 0.4108338109 2 0.3873697917 0.4367597368 2
0 0.2826140873 0.4457671958 0.0238095238 0.0467372134 0.2794270833 0.4434726998 2 0.2891927083 0.4612967738 2
0 0.2764669615 0.4866855454 0.0154835262 0.0509725017 0.2759117956 0.4936357156 2 0.2774092156 0.4708692662 2
0 0.2412382280 0.5667088953 0.0194308210 0.0464763892 0.2418513942 0.5729737145 2 0.2376494792 0.5544398273 2
0 0.2585280434 0.5689387480 0.0103596583 0.0525986944 0.0000000000 0.0000000000 0 0.0000000000 0.0000000000 0
0 0.2679667518 0.5557258624 0.0203660996 0.0384600918 0.2629108016 0.5476509908 2 0.2736124845 0.5619174662 2
0 0.2960069444 0.5617283951 0.0257936508 0.0299823633 0.2875868056 0.5655253281 2 0.2912326389 0.5803401429 2
0 0.2994791667 0.5348324515 0.0218253968 0.0432098765 0.2946614583 0.5205560331 2 0.3001302083 0.5432412183 2
0 0.3728918651 0.5767195767 0.0218253968 0.0582010582 0.3723958333 0.5601393664 2 0.3763020833 0.5895375146 2
0 0.3017113095 0.4735449735 0.0223214286 0.0229276896 0.3062500000 0.4663893664 2 0.2977864583 0.4751856627 2
0 0.3022293806 0.4305430176 0.0193893167 0.0666035591 0.3037214491 0.4198771839 2 0.3030852372 0.4553582711 2
0 0.2823660714 0.4135802469 0.0233134921 0.0370370370 0.2826438053 0.4070099371 2 0.2905887422 0.4219031878 2
0 0.3391617063 0.4179894180 0.0228174603 0.0458553792 0.3417968750 0.4085189961 2 0.3329427083 0.4288893664 2
0 0.3218005952 0.3738977072 0.0168650794 0.0670194004 0.3213541667 0.3636115887 2 0.3201822917 0.3950930701 2
0 0.3717539613 0.4000049681 0.0195495892 0.0504508533 0.0000000000 0.0000000000 0 0.0000000000 0.0000000000 0
0 0.3728752725 0.3636945128 0.0188823916 0.0430856745 0.3756510417 0.3525004775 2 0.3761718750 0.3742597368 2
0 0.4130468575 0.4710298830 0.0278249357 0.0335966416 0.0000000000 0.0000000000 0 0.0000000000 0.0000000000 0
0 0.4103422619 0.4365079365 0.0233134921 0.0458553792 0.4134114583 0.4325930701 2 0.4040364583 0.4478708479 2
0 0.4095982143 0.3849206349 0.0178571429 0.0414462081 0.4093750000 0.3784264035 2 0.4126302083 0.4008801072 2
0 0.4269593254 0.4047619048 0.0178571429 0.0564373898 0.4283854167 0.3906949220 2 0.4256510417 0.4182412183 2
0 0.4487847222 0.3968253968 0.0287698413 0.0546737213 0.4514322917 0.4048152924 2 0.4378906250 0.3828245516 2
0 0.4507688492 0.4982363316 0.0327380952 0.0335097002 0.4551215278 0.4956179207 2 0.4381076389 0.4916055750 2
0 0.4353918651 0.5194003527 0.0218253968 0.0370370370 0.0000000000 0.0000000000 0 0.0000000000 0.0000000000 0
0 0.4582093254 0.4642857143 0.0396825397 0.0396825397 0.4669270833 0.4717134405 2 0.4503906250 0.4601393664 2
0 0.4515128968 0.4365079365 0.0282738095 0.0282186949 0.4481770833 0.4349697725 2 0.4575520833 0.4510191552 2
0 0.4825148810 0.4179894180 0.0148809524 0.0458553792 0.4824218750 0.4080560331 2 0.4824218750 0.4312041812 2
0 0.4983878968 0.4387125220 0.0188492063 0.0573192240 0.5009114583 0.4258801072 2 0.4972656250 0.4501856627 2
0 0.5626240079 0.3985890653 0.0193452381 0.0564373898 0.5694010417 0.3825930701 2 0.5635416667 0.4126856627 2
0 0.5851934524 0.3897707231 0.0198412698 0.0652557319 0.5889756944 0.3835808836 2 0.5841145833 0.4067290318 2
0 0.4542524243 0.9716819435 0.0188719120 0.0513451077 0.4520833333 0.9622226998 2 0.4529947917 0.9872226998 2
0 0.4472966270 0.9325396825 0.0218253968 0.0502645503 0.4475260417 0.9242597368 2 0.4433593750 0.9469449220 2
0 0.4218915926 0.9642111931 0.0220402275 0.0433589189 0.4242024430 0.9556265540 2 0.4164096483 0.9779761059 2
0 0.3971974206 0.9757495591 0.0287698413 0.0308641975 0.4065104167 0.9754171442 2 0.3934895833 0.9742597368 2
0 0.3882688492 0.9250440917 0.0198412698 0.0458553792 0.3912760417 0.9161578850 2 0.3868489583 0.9360652924 2
0 0.3627232143 0.8932980600 0.0193452381 0.0493827160 0.3618489583 0.8867597368 2 0.3644531250 0.9131486257 2
0 0.3871471945 0.8792503573 0.0230766428 0.0386774158 0.0000000000 0.0000000000 0 0.0000000000 0.0000000000 0
0 0.5313740079 0.4109347443 0.0233134921 0.0511463845 0.5350260417 0.4001856627 2 0.5264322917 0.4261115887 2
0 0.5234375000 0.4519400353 0.0193452381 0.0432098765 0.5221354167 0.4437041812 2 0.5217447917 0.4631486257 2
0 0.5427871046 0.4315584867 0.0173523782 0.0412474849 0.5418170584 0.4229875734 2 0.5415640029 0.4379220076 2
0 0.5643155810 0.4603733512 0.0227283842 0.0636038453 0.5671150527 0.4521203582 2 0.5627495399 0.4798718333 2
0 0.6102430556 0.4977954145 0.0193452381 0.0555555556 0.6110677083 0.4913893664 2 0.6100260417 0.5182412183 2
0 0.6325644841 0.4982363316 0.0193452381 0.0546737213 0.6330729167 0.4881486257 2 0.6326822917 0.5147689961 2
0 0.5926339286 0.4585537919 0.0178571429 0.0599647266 0.5942708333 0.4562041812 2 0.5957031250 0.4798152924 2
0 0.5730406746 0.4841890851 0.0203373016 0.0564373898 0.5792968750 0.4728708479 2 0.5717447917 0.4972274815 2
0 0.6142113095 0.5436507937 0.0233134921 0.0449735450 0.6118489583 0.5390745516 2 0.6196614583 0.5585189961 2
0 0.6335565476 0.5705467372 0.0332341270 0.0405643739 0.6412814314 0.5665654159 2 0.6206914578 0.5807322051 2
0 0.6454613095 0.6891534392 0.0233134921 0.0520282187 0.6407552083 0.6816671442 2 0.6511718750 0.7006486257 2
0 0.6226438492 0.7041446208 0.0183531746 0.0520282187 0.6191406250 0.6913893664 2 0.6230468750 0.7115282553 2
0 0.6094990079 0.7310405644 0.0198412698 0.0564373898 0.6059895833 0.7184726998 2 0.6109375000 0.7485652924 2
0 0.5757688492 0.7050264550 0.0188492063 0.0626102293 0.0000000000 0.0000000000 0 0.0000000000 0.0000000000 0
0 0.5869295635 0.6662257496 0.0332341270 0.0608465608 0.5850694444 0.6599697725 2 0.5940972222 0.6775623651 2
0 0.6161954365 0.6609347443 0.0243055556 0.0502645503 0.6182291667 0.6564356627 2 0.6097656250 0.6772689961 2
0 0.6196676587 0.6203703704 0.0223214286 0.0590828924 0.6170572917 0.6330560331 2 0.6240885417 0.6112967738 2
0 0.4651537698 0.6732804233 0.0208333333 0.0537918871 0.4646926468 0.6644650022 2 0.4618340631 0.6901389894 2
0 0.4966517857 0.6384479718 0.0233134921 0.0529100529 0.4950520833 0.6279634405 2 0.4997395833 0.6578245516 2
0 0.5130208333 0.6613756614 0.0193452381 0.0511463845 0.5160156250 0.6564356627 2 0.5143229167 0.6791208479 2
0 0.5321180556 0.6578483245 0.0158730159 0.0476190476 0.5337239583 0.6543523294 2 0.5330729167 0.6717134405 2
0 0.5551835317 0.6468253968 0.0173611111 0.0537918871 0.5543402778 0.6383648343 2 0.5527777778 0.6649080441 2
0 0.5512152778 0.5806878307 0.0183531746 0.0643738977 0.5516927083 0.5751856627 2 0.5498697917 0.6057412183 2
0 0.5720486111 0.5467372134 0.0282738095 0.0511463845 0.5674479167 0.5420685380 2 0.5806423611 0.5568833528 2
0 0.4398561508 0.6362433862 0.0208333333 0.0555555556 0.4371093750 0.6231023294 2 0.4420572917 0.6548152924 2
0 0.5288938492 0.8439153439 0.0292658730 0.0335097002 0.5239583333 0.8439356627 2 0.5391927083 0.8427782553 2
0 0.5110367063 0.8990299824 0.0183531746 0.0555555556 0.5105468750 0.8948615887 2 0.5113281250 0.9168523294 2
0 0.4773065476 0.9201940035 0.0312500000 0.0379188713 0.4742187500 0.9159264035 2 0.4891927083 0.9275004775 2
0 0.4274553571 0.9237213404 0.0178571429 0.0502645503 0.4273437500 0.9219449220 2 0.4273437500 0.9413893664 2
0 0.4768105159 0.8306878307 0.0203373016 0.0546737213 0.4752604167 0.8256486257 2 0.4752604167 0.8450930701 2
0 0.4438244048 0.8558201058 0.0188492063 0.0537918871 0.4446614583 0.8543523294 2 0.4467447917 0.8786578850 2
0 0.5343501984 0.7314814815 0.0163690476 0.0520282187 0.5346354167 0.7193833528 2 0.5349826389 0.7450006367 2
0 0.5589037698 0.7460317460 0.0178571429 0.0564373898 0.5585937500 0.7439356627 2 0.5566406250 0.7666208479 2
0 0.5301339286 0.5339506173 0.0188492063 0.0573192240 0.5290364583 0.5279634405 2 0.5305989583 0.5511115887 2
0 0.4854910714 0.7861552028 0.0277777778 0.0379188713 0.4790364583 0.7812041812 2 0.4921875000 0.7932412183 2
0 0.4616815476 0.7332451499 0.0208333333 0.0537918871 0.4647135417 0.7256486257 2 0.4563802083 0.7478708479 2
0 0.4133184524 0.7394179894 0.0183531746 0.0520282187 0.4121093750 0.7344449220 2 0.4160156250 0.7562041812 2
0 0.4373759921 0.7067901235 0.0178571429 0.0537918871 0.4388020833 0.7045838109 2 0.4307291667 0.7198615887 2
0 0.5107886905 0.8126102293 0.0297619048 0.0291005291 0.5057291667 0.8205560331 2 0.5201822917 0.8094449220 2
0 0.5569196429 0.8209876543 0.0337301587 0.0352733686 0.5447916667 0.8205560331 2 0.5584635417 0.8224078850 2
0 0.5398065476 0.7627865961 0.0233134921 0.0476190476 0.5459635417 0.7624541812 2 0.5319010417 0.7728708479 2
0 0.4822668651 0.8871252205 0.0193452381 0.0476190476 0.4832031250 0.8950930701 2 0.4805989583 0.8721764035 2
0 0.4646577381 0.8813932981 0.0198412698 0.0520282187 0.4608072917 0.8737967738 2 0.4671875000 0.8923152924 2
0 0.4983878968 0.8443562610 0.0307539683 0.0343915344 0.4927083333 0.8441671442 2 0.5087239583 0.8395375146 2
0 0.5100446429 0.7857142857 0.0282738095 0.0423280423 0.5180989583 0.7761115887 2 0.5079427083 0.7978708479 2
0 0.5546875000 0.7888007055 0.0262896825 0.0361552028 0.5480468750 0.7876856627 2 0.5657552083 0.7876856627 2
0 0.5757688492 0.7469135802 0.0228174603 0.0405643739 0.5819010417 0.7457875146 2 0.5740885417 0.7573615887 2
0 0.5663442460 0.6044973545 0.0128968254 0.0661375661 0.5654947917 0.5992597368 2 0.5694010417 0.6210189961 2
0 0.5792410714 0.6111111111 0.0138888889 0.0511463845 0.5790364583 0.6217134405 2 0.5802083333 0.6043523294 2
0 0.5998263889 0.6195133766 0.0223214286 0.0573192240 0.6028505448 0.6301929676 2 0.6044412451 0.6075390909 2
0 0.4128224206 0.8395061728 0.0213293651 0.0546737213 0.0000000000 0.0000000000 0 0.0000000000 0.0000000000 0
0 0.3994295635 0.7826278660 0.0213293651 0.0432098765 0.4024739583 0.7744912183 2 0.3966145833 0.7941671442 2
0 0.3939732143 0.7438271605 0.0223214286 0.0502645503 0.3946614583 0.7383801072 2 0.3988281250 0.7548152924 2
0 0.4358878968 0.7760141093 0.0218253968 0.0529100529 0.4384114583 0.7700930701 2 0.4335937500 0.7923152924 2
0 0.4835069444 0.7451499118 0.0158730159 0.0511463845 0.4813802083 0.7318986257 2 0.4829427083 0.7545838109 2
0 0.5013640873 0.7473544974 0.0158730159 0.0573192240 0.5018229167 0.7403710071 2 0.5007812500 0.7607413775 2
0 0.4157986111 0.6931216931 0.0213293651 0.0440917108 0.4139322917 0.6874541812 2 0.4192708333 0.7071301072 2
0 0.4182787698 0.6353615520 0.0163690476 0.0502645503 0.4175781250 0.6291208479 2 0.4149739583 0.6430097368 2
0 0.4009176587 0.6441798942 0.0193452381 0.0502645503 0.3975260417 0.6501856627 2 0.4029947917 0.6295838109 2
0 0.4894593254 0.5692239859 0.0208333333 0.0555555556 0.4890625000 0.5619912183 2 0.4955729167 0.5886115887 2
0 0.4748263889 0.6084656085 0.0243055556 0.0458553792 0.4733072917 0.5999541812 2 0.4789062500 0.6200930701 2
0 0.4777894799 0.5432347169 0.0213555639 0.0300320441 0.4750868056 0.5414512540 2 0.4846354167 0.5550315009 2
0 0.3570764867 0.3804555729 0.0136932707 0.0495565989 0.3602864583 0.3770375146 2 0.3587239583 0.4011115887 2
0 0.3118397887 0.4313162928 0.0161384977 0.0399930447 0.0000000000 0.0000000000 0 0.0000000000 0.0000000000 0
0 0.5622310250 0.6764910450 0.0190727700 0.0382542167 0.5679375300 0.6660965181 2 0.5613414994 0.6858606156 2
0 0.3230878326 0.3156842288 0.0210289515 0.0417318727 0.3252771567 0.3130321198 2 0.3175281984 0.3144422006 2
0 0.5935299296 0.6956181534 0.0190727700 0.0365153886 0.0000000000 0.0000000000 0 0.0000000000 0.0000000000 0
0 0.5465815728 0.5078247261 0.0190727700 0.0591201530 0.5497395833 0.5025004775 2 0.5464843750 0.5228708479 2
0 0.4028022300 0.5925925926 0.0141823161 0.0443401148 0.4045572917 0.6029634405 2 0.3988281250 0.5816671442 2
0 0.3372701487 0.3708920188 0.0200508607 0.0617283951 0.3410590278 0.3599697725 2 0.3332465278 0.3862043404 2
0 0.3734595070 0.4291427578 0.0161384977 0.0391236307 0.3739583333 0.4238586614 2 0.3753472222 0.4414512540 2
0 0.5910847027 0.5773778473 0.0190727700 0.0573813250 0.5915364583 0.5673152924 2 0.5875000000 0.5906949220 2
0 0.4839837637 0.7051817075 0.0229851330 0.0417318727 0.0000000000 0.0000000000 0 0.0000000000 0.0000000000 0
0 0.4969434664 0.6873587202 0.0215179969 0.0565119110 0.4941840278 0.6791055750 2 0.4997395833 0.6933031059 2
0 0.5228628717 0.5804207964 0.0185837246 0.0565119110 0.5233319817 0.5690706500 2 0.5225073289 0.5959803722 2
0 0.2191120326 0.0713387163 0.0153041074 0.0397870224 0.2180542867 0.0630357768 2 0.2160462674 0.0816054392 2
0 0.2494734071 0.3350740156 0.0236966825 0.0336434381 0.2527395998 0.3366001899 2 0.2428409886 0.3387759294 2
0 0.2456885203 0.5442484348 0.0159623486 0.0318881283 0.0000000000 0.0000000000 0 0.0000000000 0.0000000000 0
0 0.2642838336 0.5303522322 0.0248486045 0.0239892341 0.2591210086 0.5363344333 2 0.2662978013 0.5283310251 2
0 0.2333464982 0.6097800012 0.0179370721 0.0412497806 0.2292968750 0.6036578850 2 0.2299479167 0.6196301072 2
0 0.4020208004 0.9503101047 0.0215573986 0.0251594406 0.4047070544 0.9503571699 2 0.3975678503 0.9465417979 2
0 0.4327935756 0.8935550875 0.0218865192 0.0386168159 0.4320312500 0.8918523294 2 0.4407552083 0.9057412183 2
0 0.4178185887 0.8201246270 0.0192535545 0.0374466093 0.0000000000 0.0000000000 0 0.0000000000 0.0000000000 0
0 0.3950269879 0.8527441343 0.0167851501 0.0435901937 0.3900173611 0.8542598960 2 0.3969618056 0.8653710071 2
0 0.3779127172 0.8577175121 0.0151395471 0.0336434381 0.3779947917 0.8566671442 2 0.3770833333 0.8689356627 2
0 0.6335571353 0.4469750161 0.0271524487 0.0394944708 0.6343131691 0.4465866011 2 0.6441394285 0.4557307914 2
