0 0.0909995318 0.6717644611 0.0201310861 0.0524344569
0 0.0732092697 0.2689346650 0.0294943820 0.0474406991
0 0.0622073970 0.2373075323 0.0196629213 0.0507698710
0 0.0821044007 0.4183312526 0.0285580524 0.0449438202
0 0.0877223783 0.4778401998 0.0182584270 0.0407823554
0 0.1005969101 0.4878277154 0.0168539326 0.0491052851
0 0.0998946629 0.5631502289 0.0238764045 0.0366208906
0 0.1326661985 0.5519142738 0.0229400749 0.0491052851
0 0.1361774345 0.6126716604 0.0299625468 0.0557636288
0 0.1668422285 0.6205784436 0.0238764045 0.0399500624
0 0.1396886704 0.7395963379 0.0229400749 0.0366208906
0 0.1450725655 0.8719309197 0.0215355805 0.0499375780
0 0.1827598315 0.7246150645 0.0229400749 0.0632542655
0 0.1939957865 0.6875780275 0.0220037453 0.0624219725
0 0.2159995318 0.6380565959 0.0182584270 0.0549313358
0 0.1155781835 0.1291094465 0.0252808989 0.0424469413
0 0.1256437266 0.1840407824 0.0276217228 0.0374531835
0 0.0465238764 0.0920724095 0.0182584270 0.0516021640
0 0.0687617041 0.1707240949 0.0234082397 0.0357885976
0 0.0954470974 0.0691843529 0.0224719101 0.0624219725
0 0.1265800562 0.0579483978 0.0257490637 0.0599250936
0 0.1399227528 0.0762588431 0.0215355805 0.0399500624
0 0.1460088951 0.1095505618 0.0355805243 0.0399500624
0 0.1464770599 0.1482521848 0.0168539326 0.0674157303
0 0.1682467228 0.1524136496 0.0248127341 0.0624219725
0 0.1687148876 0.0675197670 0.0229400749 0.0391177695
0 0.1916549625 0.0546192260 0.0248127341 0.0416146484
0 0.1785463483 0.0870786517 0.0248127341 0.0349563046
0 0.1710557116 0.1915314191 0.0229400749 0.0507698710
0 0.1862710674 0.2131710362 0.0205992509 0.0674157303
0 0.2012523408 0.2506242197 0.0187265918 0.0657511444
0 0.1455407303 0.2219101124 0.0243445693 0.0516021640
0 0.1352411049 0.2510403662 0.0168539326 0.0549313358
0 0.1179190075 0.2918227216 0.0131086142 0.0449438202
0 0.1263459738 0.3234498543 0.0177902622 0.0599250936
0 0.1050444757 0.3683936746 0.0182584270 0.0649188514
0 0.1085557116 0.4512068248 0.0215355805 0.0507698710
0 0.1200257491 0.3921140241 0.0163857678 0.0607573866
0 0.1378160112 0.3829588015 0.0145131086 0.0574282147
0 0.1539676966 0.4179151061 0.0187265918 0.0707449022
0 0.1656718165 0.3380149813 0.0224719101 0.0624219725
0 0.1506905431 0.2872451103 0.0271535581 0.0557636288
0 0.1359433521 0.4487099459 0.0191947566 0.0640865585
0 0.1560744382 0.4915730337 0.0266853933 0.0482729921
0 0.1729283708 0.3996046608 0.0163857678 0.0590928007
0 0.2045294944 0.4220765710 0.0224719101 0.0657511444
0 0.1869733146 0.4978152310 0.0201310861 0.0590928007
0 0.2073384831 0.4774240533 0.0140449438 0.0582605077
0 0.2326193820 0.4711818560 0.0187265918 0.0624219725
0 0.2485369850 0.4054307116 0.0205992509 0.0657511444
0 0.2244264981 0.3829588015 0.0191947566 0.0624219725
0 0.2506437266 0.8049313358 0.0229400749 0.0607573866
0 0.3454470974 0.8677694548 0.0337078652 0.0582605077
0 0.3840706929 0.9235330836 0.0397940075 0.0449438202
0 0.4332279963 0.8502913025 0.0210674157 0.0615896796
0 0.4049040262 0.7716396171 0.0290262172 0.0740740741
0 0.4353347378 0.7728880566 0.0205992509 0.0732417811
0 0.4512523408 0.8178318768 0.0196629213 0.0565959218
0 0.2143609551 0.1191219309 0.0271535581 0.0607573866
0 0.1858029026 0.3013940907 0.0299625468 0.0457761132
0 0.2260650749 0.3026425302 0.0308988764 0.0482729921
0 0.2342579588 0.6692675822 0.0201310861 0.0640865585
0 0.2536867978 0.6738451935 0.0205992509 0.0749063670
0 0.2218515918 0.1740532667 0.0308988764 0.0574282147
0 0.2389396067 0.1191219309 0.0220037453 0.0624219725
0 0.2529845506 0.1648980441 0.0238764045 0.0790678319
0 0.2279377341 0.2177486475 0.0308988764 0.0532667499
0 0.2548572097 0.0966500208 0.0210674157 0.0640865585
0 0.2721793071 0.1091344153 0.0229400749 0.0724094881
0 0.2806062734 0.1328547649 0.0276217228 0.0482729921
0 0.2967579588 0.1382646692 0.0234082397 0.0724094881
0 0.3082279963 0.1823761964 0.0416666667 0.0491052851
0 0.3262523408 0.2260715772 0.0252808989 0.0782355389
0 0.3007373596 0.2194132335 0.0294943820 0.0682480233
0 0.2756905431 0.1882022472 0.0271535581 0.0707449022
0 0.2740519663 0.2535372451 0.0313670412 0.0732417811
0 0.2827130150 0.3226175614 0.0243445693 0.0699126092
0 0.3187617041 0.2959841864 0.0383895131 0.0749063670
0 0.2712429775 0.3946109030 0.0313670412 0.0790678319
0 0.2930126404 0.3837910945 0.0159176030 0.0690803163
0 0.3079939139 0.3633999168 0.0262172285 0.0699126092
0 0.3040145131 0.4166666667 0.0220037453 0.0482729921
0 0.3243796816 0.4108406159 0.0299625468 0.0649188514
0 0.2923103933 0.4574490221 0.0248127341 0.0665834374
0 0.2660931648 0.5023928423 0.0285580524 0.0599250936
0 0.3033122659 0.5082188931 0.0262172285 0.0665834374
0 0.3260182584 0.4874115689 0.0276217228 0.0732417811
0 0.3604283708 0.4936537661 0.0299625468 0.0674157303
0 0.2436212547 0.5864544320 0.0182584270 0.0632542655
0 0.2607092697 0.5831252601 0.0224719101 0.0582605077
0 0.2857560861 0.5748023304 0.0276217228 0.0599250936
0 0.2993328652 0.6060133167 0.0257490637 0.0640865585
0 0.2859901685 0.6601123596 0.0262172285 0.0624219725
0 0.3049508427 0.6721806076 0.0276217228 0.0599250936
0 0.2773291199 0.7008947149 0.0332397004 0.0507698710
0 0.3381905431 0.6313982522 0.0313670412 0.0466084062
0 0.3316362360 0.6638576779 0.0285580524 0.0549313358
0 0.3639396067 0.6463795256 0.0248127341 0.0715771952
0 0.2930126404 0.7275280899 0.0196629213 0.0674157303
0 0.3161867978 0.7566583437 0.0229400749 0.0657511444
0 0.3290613296 0.7296088223 0.0196629213 0.0665834374
0 0.3534058989 0.7558260508 0.0177902622 0.0740740741
0 0.3625351124 0.7346025801 0.0276217228 0.0815647108
0 0.3515332397 0.5564918851 0.0224719101 0.0732417811
0 0.3761118914 0.5785476488 0.0276217228 0.0707449022
0 0.3955407303 0.5452559301 0.0290262172 0.0823970037
0 0.3793890449 0.7088014981 0.0266853933 0.0649188514
0 0.3716643258 0.8165834374 0.0234082397 0.0457761132
0 0.3845388577 0.8269870995 0.0163857678 0.0682480233
0 0.3939021536 0.8353100291 0.0220037453 0.0466084062
0 0.3711961610 0.8581980857 0.0205992509 0.0574282147
0 0.3882841760 0.8677694548 0.0285580524 0.0565959218
0 0.1183871723 0.0246566792 0.0168539326 0.0482729921
0 0.2143609551 0.0164898044 0.0337078652 0.0313150229
0 0.2972261236 0.0308988764 0.0262172285 0.0557636288
0 0.4875351124 0.8261548065 0.0210674157 0.0715771952
0 0.4978347378 0.8823345818 0.0397940075 0.0491052851
0 0.5331811798 0.8914898044 0.0224719101 0.0707449022
0 0.5608029026 0.8390553475 0.0224719101 0.0657511444
0 0.5877223783 0.8215771952 0.0229400749 0.0590928007
0 0.6453066479 0.8344777362 0.0304307116 0.0532667499
0 0.6460088951 0.9093841032 0.0280898876 0.0582605077
0 0.5029845506 0.9235330836 0.0210674157 0.0449438202
0 0.5022823034 0.9501664586 0.0280898876 0.0366208906
0 0.4079470974 0.7017270079 0.0294943820 0.0724094881
0 0.4346324906 0.6938202247 0.0266853933 0.0699126092
0 0.4493796816 0.6700998752 0.0280898876 0.0740740741
0 0.4793422285 0.6642738244 0.0280898876 0.0774032459
0 0.4933871723 0.7470869746 0.0280898876 0.0715771952
0 0.5219452247 0.7092176446 0.0234082397 0.0724094881
0 0.5589302434 0.7237827715 0.0290262172 0.0732417811
0 0.5446512172 0.7745526425 0.0491573034 0.0582605077
0 0.4744264981 0.5964419476 0.0276217228 0.0599250936
0 0.4973665730 0.5448397836 0.0248127341 0.0799001248
0 0.5071980337 0.6164169788 0.0248127341 0.0699126092
0 0.5284995318 0.6442987932 0.0346441948 0.0807324178
0 0.5624414794 0.6497086975 0.0276217228 0.0732417811
0 0.5912336142 0.6850811486 0.0337078652 0.0707449022
0 0.5851474719 0.7512484395 0.0449438202 0.0449438202
0 0.6148759363 0.7067207657 0.0360486891 0.0407823554
0 0.6579470974 0.6983978360 0.0341760300 0.0690803163
0 0.6200257491 0.7645651269 0.0257490637 0.0665834374
0 0.6436680712 0.7678942988 0.0290262172 0.0565959218
0 0.6930594569 0.6913233458 0.0285580524 0.0665834374
0 0.7007841760 0.7350187266 0.0271535581 0.0674157303
0 0.7092111423 0.8057636288 0.0243445693 0.0590928007
0 0.7387055243 0.7666458593 0.0234082397 0.0640865585
0 0.7618796816 0.7803786933 0.0238764045 0.0715771952
0 0.7541549625 0.8165834374 0.0177902622 0.0540990429
0 0.4182467228 0.5718893050 0.0313670412 0.0674157303
0 0.4411867978 0.5548272992 0.0248127341 0.0749063670
0 0.4585088951 0.6251560549 0.0323033708 0.0574282147
0 0.3545763109 0.4154182272 0.0304307116 0.0707449022
0 0.3470856742 0.3471702039 0.0341760300 0.0790678319
0 0.3426381086 0.1420099875 0.0280898876 0.0649188514
0 0.3344452247 0.0658551810 0.0323033708 0.0607573866
0 0.2623613772 0.0120255509 0.0145401702 0.0186039127
0 0.3615987828 0.0446317104 0.0220037453 0.0532667499
0 0.3821980337 0.0733458177 0.0191947566 0.0674157303
0 0.3999882959 0.0500416146 0.0191947566 0.0674157303
0 0.4313553371 0.0504577611 0.0416666667 0.0615896796
0 0.4451661985 0.0983146067 0.0252808989 0.0690803163
0 0.4716175094 0.0700166459 0.0294943820 0.0774032459
0 0.4100538390 0.1332709114 0.0318352060 0.0724094881
0 0.4262055243 0.1528297961 0.0294943820 0.0782355389
0 0.3847729401 0.1732209738 0.0290262172 0.0657511444
0 0.3637055243 0.2289846026 0.0318352060 0.0774032459
0 0.4231624532 0.2194132335 0.0449438202 0.0482729921
0 0.3833684457 0.2826674990 0.0411985019 0.0499375780
0 0.4135650749 0.2647732002 0.0257490637 0.0657511444
0 0.4313553371 0.2730961298 0.0201310861 0.0740740741
0 0.4545294944 0.2377236787 0.0234082397 0.0699126092
0 0.4711493446 0.2747607158 0.0238764045 0.0740740741
0 0.4908122659 0.2864128173 0.0238764045 0.0724094881
0 0.3901568352 0.3355181024 0.0248127341 0.0807324178
0 0.4154377341 0.3284436122 0.0238764045 0.0749063670
0 0.4105220037 0.3729712859 0.0243445693 0.0757386600
0 0.4299508427 0.3758843113 0.0191947566 0.0832292967
0 0.4479751873 0.3405118602 0.0365168539 0.0774032459
0 0.4833216292 0.3696421140 0.0341760300 0.0807324178
0 0.4505500936 0.4158343737 0.0257490637 0.0799001248
0 0.3967111423 0.4532875572 0.0266853933 0.0815647108
0 0.4278441011 0.4495422389 0.0318352060 0.0757386600
0 0.4688085206 0.4599459010 0.0276217228 0.0782355389
0 0.5074321161 0.4075114440 0.0318352060 0.0699126092
0 0.5191362360 0.3309404911 0.0280898876 0.0815647108
0 0.5514396067 0.3101331669 0.0374531835 0.0782355389
0 0.5151568352 0.1728048273 0.0257490637 0.0649188514
0 0.5158590824 0.0841656263 0.0299625468 0.0590928007
0 0.5083684457 0.0346441948 0.0271535581 0.0615896796
0 0.5345856742 0.0163337495 0.0205992509 0.0316271328
0 0.5549508427 0.0242613400 0.0201310861 0.0485226800
0 0.5451193820 0.0866625052 0.0276217228 0.0690803163
0 0.5774227528 0.0866625052 0.0220037453 0.0624219725
0 0.5959152622 0.0725135248 0.0215355805 0.0590928007
0 0.6256437266 0.0816687474 0.0229400749 0.0507698710
0 0.6352411049 0.0313150229 0.0346441948 0.0399500624
0 0.6998478464 0.8914898044 0.0271535581 0.0457761132
0 0.6050444757 0.9750364128 0.0248127341 0.0480753225
0 0.6441362360 0.9826258843 0.0215355805 0.0299625468
0 0.6694171348 0.9838743238 0.0215355805 0.0258010820
0 0.5570575843 0.1686433625 0.0355805243 0.0516021640
0 0.6005969101 0.1715563878 0.0234082397 0.0774032459
0 0.5907654494 0.2165002081 0.0271535581 0.0590928007
0 0.5650163858 0.2173325010 0.0243445693 0.0640865585
0 0.5423103933 0.2343945069 0.0238764045 0.0715771952
0 0.5711025281 0.2685185185 0.0290262172 0.0665834374
0 0.6186212547 0.2310653350 0.0238764045 0.0782355389
0 0.6284527154 0.1524136496 0.0257490637 0.0624219725
0 0.6542017790 0.1311901789 0.0220037453 0.0632542655
0 0.6867392322 0.1357677903 0.0308988764 0.0657511444
0 0.7122542135 0.0970661673 0.0294943820 0.0582605077
0 0.7204470974 0.0554515189 0.0224719101 0.0599250936
0 0.6911867978 0.0404702455 0.0304307116 0.0649188514
0 0.7424508427 0.0537869330 0.0177902622 0.0632542655
0 0.7609433521 0.0429671244 0.0191947566 0.0516021640
0 0.8021418539 0.0263212651 0.0182584270 0.0449438202
0 0.7883309925 0.0487931752 0.0299625468 0.0399500624
0 0.8021418539 0.0866625052 0.0154494382 0.0507698710
0 0.8316362360 0.1107990012 0.0276217228 0.0507698710
0 0.8171231273 0.1374323762 0.0285580524 0.0507698710
0 0.7838834270 0.1095505618 0.0313670412 0.0615896796
0 0.7590706929 0.1078859759 0.0220037453 0.0532667499
0 0.7501755618 0.1453391594 0.0332397004 0.0732417811
0 0.7230220037 0.1719725343 0.0201310861 0.0749063670
0 0.6911867978 0.2269038702 0.0332397004 0.0632542655
0 0.6476474719 0.2140033292 0.0285580524 0.0640865585
0 0.6497542135 0.2884935497 0.0187265918 0.0782355389
0 0.6284527154 0.3134623387 0.0229400749 0.0665834374
0 0.6010650749 0.3259467333 0.0215355805 0.0649188514
0 0.5998946629 0.3671452351 0.0285580524 0.0524344569
0 0.5451193820 0.3929463171 0.0238764045 0.0674157303
0 0.5689957865 0.3941947566 0.0201310861 0.0715771952
0 0.6085557116 0.4208281315 0.0374531835 0.0582605077
0 0.6431999064 0.4482937994 0.0318352060 0.0565959218
0 0.5528441011 0.4420516022 0.0374531835 0.0491052851
0 0.5802317416 0.4678526841 0.0238764045 0.0740740741
0 0.5490987828 0.4907407407 0.0299625468 0.0715771952
0 0.5205407303 0.5119642114 0.0308988764 0.0724094881
0 0.5453534644 0.5556595922 0.0215355805 0.0749063670
0 0.5783590824 0.5498335414 0.0257490637 0.0749063670
0 0.6106624532 0.4936537661 0.0220037453 0.0740740741
0 0.6373478464 0.5340199750 0.0229400749 0.0832292967
0 0.6649695693 0.5440074906 0.0341760300 0.0682480233
0 0.6874414794 0.5460882231 0.0229400749 0.0657511444
0 0.6371137640 0.6309821057 0.0262172285 0.0674157303
0 0.6771418539 0.6126716604 0.0341760300 0.0707449022
0 0.7103815543 0.5943612151 0.0220037453 0.0690803163
0 0.8225070225 0.7903662089 0.0355805243 0.0482729921
0 0.8480220037 0.7791302538 0.0313670412 0.0507698710
0 0.6300912921 0.3700582605 0.0299625468 0.0649188514
0 0.6673103933 0.3246982938 0.0220037453 0.0807324178
0 0.6851006554 0.3159592176 0.0182584270 0.0799001248
0 0.7010182584 0.3018102372 0.0201310861 0.0799001248
0 0.7232560861 0.2472950479 0.0187265918 0.0840615897
0 0.7403441011 0.2697669580 0.0238764045 0.0757386600
0 0.7555594569 0.2098418643 0.0318352060 0.0491052851
0 0.7792017790 0.2381398252 0.0257490637 0.0857261756
0 0.7953534644 0.2115064503 0.0234082397 0.0923845194
0 0.8129096442 0.2464627549 0.0201310861 0.0840615897
0 0.8297635768 0.2060965460 0.0220037453 0.0848938826
0 0.8702598315 0.1761339992 0.0196629213 0.0649188514
0 0.8325725655 0.2764253017 0.0304307116 0.0574282147
0 0.7871605805 0.3167915106 0.0276217228 0.0582605077
0 0.7621137640 0.2893258427 0.0337078652 0.0582605077
0 0.7564957865 0.3346858094 0.0318352060 0.0690803163
0 0.7244264981 0.3296920516 0.0304307116 0.0707449022
0 0.7487710674 0.3962754890 0.0360486891 0.0640865585
0 0.6818235019 0.3808780691 0.0191947566 0.0682480233
0 0.6946980337 0.3875364128 0.0196629213 0.0749063670
0 0.6808871723 0.4399708697 0.0220037453 0.0649188514
0 0.6619264981 0.3983562214 0.0262172285 0.0699126092
0 0.7064021536 0.4399708697 0.0243445693 0.0782355389
0 0.7375351124 0.4807532251 0.0257490637 0.0682480233
0 0.7188085206 0.5019766958 0.0341760300 0.0557636288
0 0.7550912921 0.4657719517 0.0262172285 0.0615896796
0 0.7776860955 0.4873387432 0.0187265918 0.0715771952
0 0.7904377341 0.4324802330 0.0323033708 0.0516021640
0 0.8187617041 0.4054307116 0.0252808989 0.0690803163
0 0.8143141386 0.3455056180 0.0341760300 0.0474406991
0 0.8405313670 0.3484186434 0.0238764045 0.0799001248
0 0.8534058989 0.3941947566 0.0234082397 0.0582605077
0 0.8707279963 0.2718476904 0.0196629213 0.0665834374
0 0.8648759363 0.3213691219 0.0285580524 0.0590928007
0 0.7213834270 0.7054723263 0.0224719101 0.0649188514
0 0.7291081461 0.5585726176 0.0220037453 0.0657511444
0 0.7548572097 0.5743861839 0.0220037453 0.0774032459
0 0.7784995318 0.5589887640 0.0215355805 0.0682480233
0 0.8124414794 0.5415106117 0.0220037453 0.0582605077
0 0.8417017790 0.4869954224 0.0196629213 0.0674157303
0 0.8496605805 0.5315230961 0.0205992509 0.0699126092
0 0.8243796816 0.6089263421 0.0196629213 0.0632542655
0 0.8550444757 0.5852059925 0.0294943820 0.0674157303
0 0.7459620787 0.6621930920 0.0220037453 0.0832292967
0 0.7527504682 0.6867457345 0.0234082397 0.0674157303
0 0.7831811798 0.6755097794 0.0168539326 0.0649188514
0 0.7822448502 0.7333541407 0.0234082397 0.0640865585
0 0.8030781835 0.7096337911 0.0173220974 0.0749063670
0 0.8248478464 0.6967332501 0.0215355805 0.0674157303
0 0.8239115169 0.7346025801 0.0205992509 0.0466084062
0 0.8541081461 0.6580316271 0.0191947566 0.0615896796
0 0.8800912921 0.6089263421 0.0243445693 0.0699126092
0 0.8941362360 0.6330628381 0.0262172285 0.0482729921
0 0.9074789326 0.5718893050 0.0276217228 0.0457761132
0 0.7895014045 0.5960258011 0.0341760300 0.0457761132
0 0.8225070225 0.0306387849 0.0224719101 0.0612775697
0 0.8433403558 0.0729296712 0.0266853933 0.0732417811
0 0.8784527154 0.1078859759 0.0173220974 0.0499375780
0 0.9023291199 0.1199542239 0.0285580524 0.0557636288
0 0.9215238764 0.1178734915 0.0145131086 0.0599250936
0 0.9105220037 0.2094257179 0.0271535581 0.0466084062
0 0.9042017790 0.2672700791 0.0173220974 0.0624219725
0 0.9198852996 0.2747607158 0.0140449438 0.0657511444
0 0.9285463483 0.2352267998 0.0173220974 0.0649188514
0 0.9386118914 0.1719725343 0.0121722846 0.0682480233
0 0.9505500936 0.2356429463 0.0191947566 0.0524344569
0 0.9561680712 0.1453391594 0.0220037453 0.0332917187
0 0.9549976592 0.1736371203 0.0280898876 0.0416146484
0 0.9725538390 0.2223262588 0.0173220974 0.0441115273
0 0.8878160112 0.2743445693 0.0173220974 0.0632542655
0 0.8887523408 0.3113816063 0.0182584270 0.0690803163
0 0.9020950375 0.3238660008 0.0140449438 0.0707449022
0 0.9135650749 0.3367665418 0.0201310861 0.0649188514
0 0.9484433521 0.2897419892 0.0159176030 0.0524344569
0 0.9372073970 0.3076362880 0.0177902622 0.0682480233
0 0.8716643258 0.4749271744 0.0271535581 0.0466084062
0 0.8866455993 0.5252808989 0.0177902622 0.0640865585
0 0.8964770599 0.4678526841 0.0224719101 0.0657511444
0 0.9037336142 0.5069704536 0.0173220974 0.0657511444
0 0.9180126404 0.5215355805 0.0159176030 0.0615896796
0 0.9259714419 0.4749271744 0.0140449438 0.0582605077
0 0.9266736891 0.5648148148 0.0257490637 0.0482729921
0 0.9421231273 0.5281939243 0.0210674157 0.0615896796
0 0.9629564607 0.4670203912 0.0149812734 0.0657511444
0 0.9444639513 0.4603620474 0.0154494382 0.0657511444
0 0.9594452247 0.5385975864 0.0201310861 0.0690803163
0 0.8983497191 0.3929463171 0.0215355805 0.0657511444
0 0.9271418539 0.4162505202 0.0332397004 0.0457761132
0 0.9702130150 0.4091760300 0.0304307116 0.0416146484
0 0.9311212547 0.3742197253 0.0290262172 0.0565959218
0 0.9428253745 0.3592384519 0.0168539326 0.0615896796
0 0.9526568352 0.3554931336 0.0168539326 0.0624219725
0 0.9697448502 0.2918227216 0.0182584270 0.0632542655
0 0.9880032772 0.2077611319 0.0163857678 0.0432792343
0 0.9929190075 0.3072201415 0.0093632959 0.0590928007
0 0.9791081461 0.4691011236 0.0154494382 0.0549313358
0 0.1602789938 0.0234063279 0.0279987087 0.0385167421
0 0.0614528956 0.5025467257 0.0141165203 0.0540110344
0 0.0570031229 0.3248458194 0.0251642319 0.0379168373
0 0.0490290151 0.1653253887 0.0177415507 0.0396387800
0 0.3335698035 0.0351208115 0.0226324647 0.0283012364
0 0.9677210418 0.3447228269 0.0225864326 0.0442999595
0 0.9794438913 0.3362512780 0.0202541379 0.0469186763
0 0.8677291250 0.4432624129 0.0115387210 0.0296787906
0 0.9797727142 0.5614235531 0.0128506367 0.0473960466
0 0.9653411782 0.5651509298 0.0115014043 0.0364246051
0 0.9904928304 0.6697741224 0.0098201881 0.0521015534
0 0.9528232028 0.6535926347 0.0151906034 0.0594666944
0 0.8760584858 0.6781772027 0.0215775617 0.0400650034
0 0.8470544069 0.7463865924 0.0233996669 0.0306880877
0 0.7756681608 0.8853834022 0.0170702488 0.0450091953
