0 0.3878863459 0.6734480960 0.0234741784 0.0617283951 0.3875000000 0.6608338109 2 0.3876302083 0.6895375146 2
0 0.4478636632 0.6554115243 0.0215179969 0.0704225352 0.4489799093 0.6433384530 2 0.4443991345 0.6799139296 2
0 0.5314211659 0.7995131282 0.0171165884 0.0547730829 0.5305726984 0.7915180646 2 0.5304643394 0.8164100937 2
0 0.4497505869 0.7190923318 0.0249413146 0.0417318727 0.4589843750 0.7099078850 2 0.4438802083 0.7323615887 2
0 0.4317820559 0.7409462843 0.0232374296 0.0663126694 0.4301448090 0.7223796771 2 0.4391989050 0.7665190477 2
0 0.3865619657 0.7333271017 0.0366784038 0.0460789428 0.3746317036 0.7438870472 2 0.3929910786 0.7306926027 2
0 0.3937548905 0.7977743001 0.0224960876 0.0652060511 0.3899739583 0.7881486257 2 0.3948129913 0.8179767079 2
0 0.4228530908 0.8312467397 0.0249413146 0.0521648409 0.4272589436 0.8226420227 2 0.4165364583 0.8443986257 2
0 0.4443710876 0.8442879499 0.0268974961 0.0399930447 0.4385416667 0.8457875146 2 0.4497395833 0.8369912183 2
0 0.4693124022 0.5630325161 0.0210289515 0.0530342549 0.4699218750 0.5448615887 2 0.4724749413 0.5834900131 2
0 0.4698940270 0.4681367302 0.0192678227 0.0485263684 0.4694010417 0.4541208479 2 0.4726562500 0.4812041812 2
0 0.6441461268 0.2669970440 0.0215179969 0.0695531212 0.6480584898 0.2843853243 2 0.6436570814 0.2478699357 2
0 0.6720217136 0.2717788211 0.0176056338 0.0634672231 0.6729998044 0.2504781777 2 0.6733072917 0.2904634405 2
0 0.4040248435 0.3652408277 0.0273865415 0.0486871848 0.3981284958 0.3556683799 2 0.4144672303 0.3765678508 2
0 0.7607834507 0.4126238915 0.0210289515 0.0652060511 0.7601562500 0.3932412183 2 0.7627604167 0.4335189961 2
0 0.3974227308 0.5791166754 0.0229851330 0.0365153886 0.4019531250 0.5770375146 2 0.3934895833 0.5844449220 2
0 0.4278817070 0.6113470590 0.0252176393 0.0537795387 0.4325110857 0.6043322409 2 0.4208403306 0.6238449194 2
0 0.3041327303 0.8121967730 0.0237278884 0.0415775894 0.3006002409 0.8061699735 2 0.3098238643 0.8271804447 2
0 0.2458918068 0.7592404136 0.0162847872 0.0629078833 0.2453472842 0.7558874227 2 0.2439020093 0.7874439316 2
0 0.2648914319 0.7525647713 0.0210289515 0.0356459746 0.2588541667 0.7432412183 2 0.2720052083 0.7594449220 2
0 0.7153022300 0.5891149365 0.0190727700 0.0617283951 0.7150577074 0.6095461659 2 0.7140796166 0.5678142932 2
0 0.6656641236 0.7377847331 0.0176056338 0.0634672231 0.6644531250 0.7265869133 2 0.6667968750 0.7557498464 2
0 0.3790835290 0.2804729612 0.0176056338 0.0443401148 0.3789930556 0.2647537231 2 0.3786458333 0.2959265627 2
0 0.2216197494 0.6403555853 0.0224784198 0.0479273270 0.2212239583 0.6393060331 2 0.2290364583 0.6603708479 2
0 0.6245382882 0.7654730775 0.0429439473 0.0567777191 0.6169209605 0.7770508515 2 0.6367032208 0.7589616510 2
0 0.7923060299 0.4624058847 0.0351695715 0.0456281541 0.7859189845 0.4571449579 2 0.8071735476 0.4676462003 2
0 0.6825999677 0.2220297882 0.0407183236 0.0735153233 0.6780197219 0.2102786590 2 0.6893428090 0.2387491387 2
0 0.2660944991 0.5016682228 0.0273474490 0.0363741781 0.2584635417 0.4837504775 2 0.2576822917 0.5112967738 2
0 0.6939757240 0.2951934695 0.0223900240 0.0531533148 0.6910156250 0.3112967738 2 0.6981770833 0.2886115887 2
0 0.7214152973 0.2800382542 0.0254303599 0.0660754651 0.7175023230 0.2947811679 2 0.7271377396 0.2579756123 2
0 0.0338174883 0.2696831815 0.0146713615 0.0565119110 0.0328125000 0.2484399623 2 0.0356770833 0.2864029253 2
0 0.5822818858 0.6956181534 0.0337441315 0.0434707007 0.5940353167 0.6966402810 2 0.5760665667 0.6952513921 2
0 0.5857052034 0.7764736568 0.0200508607 0.0591201530 0.5884114583 0.7941671442 2 0.5873697917 0.7606023294 2
0 0.6517263302 0.7782124848 0.0220070423 0.0434707007 0.6498697917 0.7705560331 2 0.6566406250 0.7934726998 2
0 0.6160260172 0.8069031473 0.0249413146 0.0295600765 0.6243489583 0.8075930701 2 0.6069010417 0.8057412183 2
0 0.5962196792 0.8816727526 0.0176056338 0.0347765606 0.5979141750 0.8783467588 2 0.5972451868 0.8829660790 2
0 0.7504513069 0.6595374717 0.0347222222 0.0321683186 0.7446659000 0.6628041204 2 0.7587284000 0.6597948611 2
0 0.6502591941 0.3930620762 0.0308098592 0.0660754651 0.6463862547 0.3841277716 2 0.6599586979 0.4183990559 2
0 0.7825459703 0.3808902800 0.0166275430 0.0625978091 0.7839843750 0.3656949220 2 0.7817708333 0.3950930701 2
0 0.1793084898 0.6934446183 0.0161384977 0.0565119110 0.1785156250 0.7112967738 2 0.1777343750 0.6742597368 2
0 0.1980961011 0.1833968558 0.0293858325 0.0363862329 0.2034206670 0.1786318379 2 0.1923303901 0.1883179643 2
0 0.1876222613 0.1517996870 0.0239632238 0.0391236307 0.1902343750 0.1483338109 2 0.1785156250 0.1622226998 2
0 0.1683049687 0.1244131455 0.0136932707 0.0660754651 0.1667968750 0.1205560331 2 0.1673177083 0.1423152924 2
0 0.2372603678 0.1300643366 0.0322769953 0.0582507390 0.2465522300 0.1148495914 2 0.2269904147 0.1504955660 2
0 0.2378713211 0.3260485987 0.0168713590 0.0572441284 0.2393229167 0.3092134405 2 0.2342447917 0.3411578850 2
0 0.1670823552 0.4873934968 0.0161384977 0.0739001913 0.1683593750 0.4705560366 2 0.1684044084 0.5078547630 2
0 0.2074285994 0.6738828030 0.0322769953 0.0399930447 0.1998269949 0.6677799344 2 0.2151915783 0.6809743789 2
0 0.0396860329 0.8473308990 0.0127151800 0.0391236307 0.0395833333 0.8390745516 2 0.0402343750 0.8548152924 2
0 0.0761199139 0.9447052686 0.0132042254 0.0443401148 0.0753906250 0.9365282553 2 0.0763020833 0.9592134405 2
0 0.1280233888 0.8777923015 0.0171950336 0.0470272574 0.1274739583 0.8705560331 2 0.1237102891 0.8946758893 2
0 0.1731954225 0.6434533125 0.0146713615 0.0434707007 0.1735677083 0.6272689961 2 0.1699218750 0.6552782553 2
0 0.1862395774 0.4682907622 0.0169476840 0.0616796476 0.1848958333 0.4580560331 2 0.1907552083 0.4842134405 2
0 0.2110596907 0.4630825702 0.0288536776 0.0452095288 0.2130855612 0.4593873861 2 0.2038407695 0.4742022009 2
0 0.2030271909 0.9677447400 0.0195618153 0.0591201530 0.2016927083 0.9673152924 2 0.2006510417 0.9941671442 2
0 0.1827318075 0.9747000522 0.0171165884 0.0486871848 0.1865885417 0.9807412183 2 0.1835937500 0.9960189961 2
0 0.3741930751 0.1465832029 0.0156494523 0.0565119110 0.3731770833 0.1325930701 2 0.3714843750 0.1663893664 2
0 0.4101379108 0.1374543558 0.0288536776 0.0539036689 0.4061197917 0.1270375146 2 0.4178385417 0.1501856627 2
0 0.4370354069 0.1357155277 0.0220070423 0.0678142932 0.4368489583 0.1275004775 2 0.4365885417 0.1580560331 2
0 0.6447542407 0.8675489281 0.0222579506 0.0438971013 0.6505208333 0.8582875146 2 0.6416666667 0.8737967738 2
0 0.7253276604 0.8990610329 0.0254303599 0.0452095288 0.7317192815 0.8922895690 2 0.7250421076 0.9153153910 2
0 0.8485934183 0.6908086879 0.0152600849 0.0513508036 0.8481770833 0.6798152924 2 0.8510918598 0.7087530888 2
0 0.7853625749 0.5647693339 0.0183483891 0.0530382753 0.7864440713 0.5516346318 2 0.7846903887 0.5822983318 2
0 0.4385025430 0.9168840202 0.0220070423 0.0878108155 0.4376302083 0.9240282589 2 0.4410828842 0.9470982203 2
0 0.4580643584 0.3861067640 0.0210289515 0.0678142932 0.4595052083 0.4001856627 2 0.4587239583 0.3756486257 2
0 0.3573210094 0.0873198227 0.0210289515 0.0504260129 0.3571614583 0.0798152924 2 0.3575520833 0.0987967738 2
0 0.4397251565 0.2126586681 0.0293427230 0.0565119110 0.4438802083 0.2207875146 2 0.4316406250 0.2036578850 2
0 0.3683245305 0.4156668405 0.0244522692 0.0521648409 0.3636082991 0.4211320199 2 0.3758478824 0.4009931310 2
0 0.3242252871 0.0710313763 0.0187540424 0.0528598696 0.3207031250 0.0647689961 2 0.3290361067 0.0857191410 2
0 0.2916726737 0.1369962801 0.0202833693 0.0513421642 0.2880208333 0.1261115887 2 0.2942708333 0.1441671442 2
0 0.1851770344 0.0596418014 0.0171165884 0.0512954269 0.1838541667 0.0545838109 2 0.1868489583 0.0726393664 2
0 0.1695275822 0.0309511389 0.0132042254 0.0443401148 0.1687500000 0.0219449220 2 0.1713541667 0.0443986257 2
0 0.1868134283 0.1156252795 0.0184331947 0.0471358085 0.1838014252 0.1280783205 2 0.1917791471 0.1007960296 2
0 0.2494865023 0.0735524257 0.0264084507 0.0339071466 0.2540364583 0.0684726998 2 0.2451822917 0.0779634405 2
0 0.2218554382 0.1191966615 0.0259194053 0.0625978091 0.2289465962 0.1044166232 2 0.2157423709 0.1322378717 2
0 0.1198894757 0.1761432794 0.0166275430 0.0704225352 0.1182291667 0.1661578885 2 0.1161458333 0.1934727033 2
0 0.1933226083 0.9212310902 0.0185837246 0.0460789428 0.1921875000 0.9235652924 2 0.1967447917 0.9062041812 2
0 0.6764231221 0.8025560772 0.0234741784 0.0452095288 0.6700520833 0.8131486257 2 0.6843750000 0.7994912183 2
0 0.6140698357 0.9707876891 0.0161384977 0.0391236307 0.6160156250 0.9606023294 2 0.6139322917 0.9816671442 2
0 0.3455839202 0.1535385150 0.0259194053 0.0634672231 0.3494791667 0.1508801072 2 0.3412760417 0.1700930701 2
0 0.7514915884 0.1300643366 0.0298317684 0.0339071466 0.7566406250 0.1279634405 2 0.7442708333 0.1300467738 2
0 0.7739876761 0.3209007129 0.0171165884 0.0695531212 0.7777343750 0.3085189996 2 0.7714843750 0.3409264070 2
0 0.7483127934 0.2752564771 0.0215179969 0.0530342549 0.7523545380 0.2673152924 2 0.7440212046 0.2932412183 2
0 0.7510025430 0.3213354199 0.0288536776 0.0634672231 0.7595608372 0.3043818466 2 0.7453785211 0.3330725091 2
0 0.7571156103 0.3613284646 0.0166275430 0.0426012867 0.7584635417 0.3534264035 2 0.7542968750 0.3770375146 2
0 0.6607736698 0.3395931142 0.0176056338 0.0582507390 0.6605468750 0.3251856627 2 0.6592447917 0.3543523294 2
0 0.7074775039 0.4591375413 0.0308098592 0.0765084333 0.7031250000 0.4700930737 2 0.7123697917 0.4406949255 2
0 0.6785271853 0.6308481937 0.0179013972 0.0304322594 0.6750000000 0.6251856627 2 0.6816198598 0.6452833482 2
0 0.6869375978 0.6165014780 0.0200508607 0.0399930447 0.6845052083 0.6064356627 2 0.6917968750 0.6286578850 2
0 0.7803452660 0.9225352113 0.0180946792 0.0625978091 0.7815716219 0.9154215954 2 0.7785164898 0.9429973530 2
0 0.5874168623 0.9846983133 0.0156494523 0.0252130064 0.5878906250 0.9798152924 2 0.5872395833 0.9962504775 2
0 0.6018437011 0.9846983133 0.0141823161 0.0286906625 0.6002604167 0.9807412183 2 0.6020833333 0.9925467738 2
0 0.2074285994 0.0231264128 0.0176056338 0.0408624587 0.2074218750 0.0300467738 2 0.2102864583 0.0092134405 2
0 0.2218554382 0.3513302034 0.0239632238 0.0695531212 0.2220052083 0.3673152959 2 0.2145833333 0.3383801107 2
0 0.0681962480 0.7277211402 0.0288536776 0.0312989045 0.0664062500 0.7244912183 2 0.0558593750 0.7291208479 2
0 0.2076698514 0.7286359663 0.0210102619 0.0456182408 0.2029947917 0.7124541812 2 0.2092447917 0.7409264035 2
0 0.1646371283 0.7286558859 0.0161384977 0.0521648409 0.1635416667 0.7168523294 2 0.1634114583 0.7427782553 2
0 0.0153380039 0.4220786433 0.0115286089 0.0371671979 0.0161458333 0.4152319590 2 0.0144531250 0.4298152924 2
0 0.1213449511 0.4679691293 0.0205165846 0.0431958051 0.1166753488 0.4617830198 2 0.1261240677 0.4787843252 2
0 0.1022838419 0.1644061902 0.0146713615 0.0573813250 0.1032619327 0.1487567380 2 0.1008167058 0.1870109546 2
0 0.1033781870 0.9173003840 0.0153052830 0.0569657149 0.1008076381 0.9107926447 2 0.1029861077 0.9365402273 2
0 0.0898562942 0.9118627773 0.0138487476 0.0532267321 0.0889322917 0.9101393664 2 0.0881510417 0.9321301072 2
0 0.0508179673 0.9618748110 0.0124829613 0.0430387626 0.0497449528 0.9602436773 2 0.0512959607 0.9749531598 2
0 0.1183378874 0.6579260405 0.0158183567 0.0406076651 0.1187372798 0.6498473954 2 0.1188700144 0.6733552272 2
0 0.1674205174 0.9294646420 0.0164402641 0.0642848743 0.1664224379 0.9311436582 2 0.1659492249 0.9565657263 2
0 0.1529784843 0.9451166070 0.0164579319 0.0608122438 0.1530602464 0.9429285113 2 0.1530602464 0.9689753207 2
0 0.1626954344 0.8483603756 0.0191017452 0.0637873484 0.1602864583 0.8522689961 2 0.1649739583 0.8719449220 2
0 0.1492321987 0.7108328986 0.0185837246 0.0460789428 0.1527343750 0.6974078850 2 0.1496093750 0.7145375146 2
0 0.1404293818 0.2530864198 0.0234741784 0.0695531212 0.1379841549 0.2304816554 2 0.1423855634 0.2713441141 2
0 0.1060248271 0.2702729256 0.0182409688 0.0716954980 0.1062054367 0.2607278006 2 0.1059498231 0.2890394666 2
0 0.1021269517 0.3947355725 0.0239632238 0.0695531212 0.1002496287 0.3720599972 2 0.0988173370 0.4155785158 2
0 0.3885760977 0.1676375961 0.0205399061 0.0695531212 0.3886121648 0.1686274703 2 0.3923664120 0.1445613441 2
0 0.3734595070 0.3130759868 0.0210289515 0.0556424970 0.3709635417 0.3034264035 2 0.3738281250 0.3316671442 2
0 0.3155076291 0.0174752217 0.0205399061 0.0330377326 0.0000000000 0.0000000000 0 0.0000000000 0.0000000000 0
0 0.6656641236 0.1565814641 0.0312989045 0.0521648409 0.6647135417 0.1541208479 2 0.6774739583 0.1719449220 2
0 0.6346097418 0.1522343940 0.0171165884 0.0521648409 0.6333333333 0.1460189961 2 0.6335937500 0.1717134405 2
0 0.8316950313 0.1174578334 0.0210289515 0.0347765606 0.8295572917 0.1173152924 2 0.8403645833 0.1131486257 2
0 0.0220803991 0.7856025039 0.0117370892 0.0356459746 0.0225260417 0.7770375146 2 0.0214843750 0.7987967738 2
0 0.1330650792 0.0379660034 0.0175483901 0.0459598381 0.1336917227 0.0322993007 2 0.1278829685 0.0534709190 2
0 0.7483127934 0.5852025735 0.0303208138 0.0625978091 0.7487670314 0.5973869081 2 0.7586747018 0.5736614179 2
0 0.1078495600 0.0659003260 0.0169999808 0.0394688835 0.1121151966 0.0636146825 2 0.1021646859 0.0766855753 2
0 0.0953322597 0.1143060820 0.0115271954 0.0354283698 0.0927375597 0.1043916055 2 0.0930530424 0.1210777903 2
0 0.0854117762 0.0844201009 0.0141823161 0.0365153886 0.0850260417 0.0800467738 2 0.0871093750 0.1001856627 2
0 0.1417505818 0.0834242951 0.0202480336 0.0258296371 0.1367057842 0.0835185622 2 0.1459783712 0.0840920714 2
0 0.6953520759 0.7820399167 0.0218056291 0.0479876332 0.6946614583 0.7728708479 2 0.6943283970 0.7970856936 2
0 0.7541813380 0.9325334724 0.0205399061 0.0634672231 0.7511718750 0.9298152924 2 0.7481770833 0.9557412183 2
0 0.7801785389 0.9767074571 0.0255859511 0.0405301986 0.7824455249 0.9744948089 2 0.7744530894 0.9956638921 2
0 0.7576046557 0.9851330203 0.0136932707 0.0260824204 0.7588541667 0.9807412183 2 0.7600260417 0.9962504775 2
0 0.8402049661 0.6245366356 0.0214212780 0.0430498379 0.8453752057 0.6204705506 2 0.8377121174 0.6326501741 2
0 0.7937940141 0.5121717962 0.0264084507 0.0434707007 0.7876434395 0.4974083358 2 0.7987816553 0.5296429656 2
0 0.7761883803 0.1144148844 0.0156494523 0.0582507390 0.7773437500 0.0974078850 2 0.7778645833 0.1335189961 2
0 0.7776555164 0.0474700052 0.0176056338 0.0547730829 0.7763020833 0.0448615887 2 0.7733072917 0.0680097368 2
0 0.8165346244 0.0726830117 0.0200508607 0.0547730829 0.8142188893 0.0612193431 2 0.8195446786 0.0902448626 2
0 0.8365854851 0.0544253173 0.0229851330 0.0426012867 0.8316406250 0.0538893664 2 0.8413407695 0.0602455179 2
0 0.8104215571 0.0209528778 0.0176056338 0.0417318727 0.8097656250 0.0101393664 2 0.8121093750 0.0270375146 2
0 0.8505232786 0.9738306381 0.0117370892 0.0417318727 0.8514322917 0.9712504775 2 0.8511718750 0.9902319590 2
0 0.8649501174 0.9720918101 0.0102699531 0.0382542167 0.8661458333 0.9650004775 2 0.8654947917 0.9832875146 2
0 0.8798660016 0.9594853069 0.0146713615 0.0460789428 0.8787760417 0.9515745516 2 0.8785156250 0.9733338109 2
0 0.7340612194 0.9525299948 0.0161384977 0.0443401148 0.7359831940 0.9443663132 2 0.7317947584 0.9642896423 2
0 0.7097534731 0.9341325912 0.0176317822 0.0478127453 0.7089843750 0.9437041812 2 0.7164216466 0.9145970192 2
0 0.7165248435 0.5221700574 0.0215179969 0.0495565989 0.7148046883 0.5186466935 2 0.7175368647 0.5398300827 2
0 0.8773702447 0.8001971007 0.0223950277 0.0370139197 0.8722127690 0.7919693696 2 0.8812492890 0.8061326227 2
0 0.9187451095 0.9755694662 0.0122261346 0.0452095288 0.9191406250 0.9786578850 2 0.9188802083 0.9964819590 2
0 0.9324383803 0.9381846635 0.0122261346 0.0399930447 0.9324218750 0.9328245516 2 0.9308593750 0.9511115887 2
0 0.9312157668 0.9833941923 0.0088028169 0.0295600765 0.9308593750 0.9805097368 2 0.9305989583 0.9913893664 2
0 0.9510221049 0.8925404278 0.0132042254 0.0443401148 0.9496093750 0.8923152924 2 0.9535156250 0.9043523294 2
0 0.9625146714 0.8938445488 0.0097809077 0.0365153886 0.9619791667 0.8883801072 2 0.9636718750 0.9052782553 2
0 0.9735181925 0.8938445488 0.0102699531 0.0486871848 0.9738281250 0.8881486257 2 0.9686197917 0.9094449220 2
0 0.9443846565 0.8473635648 0.0141823161 0.0312989045 0.9457031250 0.8400004775 2 0.9425781250 0.8594449220 2
0 0.9774305556 0.7621283255 0.0141823161 0.0512954269 0.9776996781 0.7569634989 2 0.9776996781 0.7778989395 2
0 0.9323157656 0.6296725978 0.0168713590 0.0437305198 0.9305989583 0.6237967738 2 0.9316406250 0.6462504775 2
0 0.8945373631 0.5873761085 0.0146713615 0.0495565989 0.8951822917 0.5744912183 2 0.8954427083 0.6011115887 2
0 0.8680883403 0.2578045136 0.0116559450 0.0404969726 0.8670549625 0.2551296095 2 0.8659661496 0.2721773990 2
0 0.8947818858 0.3304642671 0.0161384977 0.0504260129 0.8953125000 0.3189356627 2 0.8945312500 0.3437041812 2
0 0.8914532676 0.5097972406 0.0224960876 0.0391236307 0.8944010417 0.5034264035 2 0.8878906250 0.5219449220 2
0 0.9094532473 0.5291253695 0.0200508607 0.0408624587 0.9042534722 0.5226240935 2 0.9134548611 0.5362043404 2
0 0.8937861272 0.2838435738 0.0188664098 0.0349675302 0.8914509802 0.2760897130 2 0.8993204415 0.2921381611 2
0 0.9177705523 0.2492328552 0.0138487476 0.0435310069 0.9139322917 0.2411578850 2 0.9214843750 0.2562041812 2
0 0.9351281299 0.4608763693 0.0146713615 0.0434707007 0.9316406250 0.4499541812 2 0.9363281250 0.4682412183 2
0 0.9287850275 0.5236555995 0.0147003367 0.0378913745 0.9272916069 0.5185429537 2 0.9295451018 0.5318598772 2
0 0.8546801643 0.1105025213 0.0180946792 0.0608589810 0.8496093750 0.1038893664 2 0.8562500000 0.1242597368 2
0 0.9654489437 0.3926273692 0.0176056338 0.0495565989 0.9647135417 0.3888430701 2 0.9674479167 0.4062041812 2
0 0.9544454225 0.1557120501 0.0102699531 0.0556424970 0.9537760417 0.1471764035 2 0.9567845226 0.1720291895 2
0 0.9656934664 0.1635367762 0.0122261346 0.0452095288 0.9630208333 0.1552782553 2 0.9648437500 0.1719449220 2
0 0.9456426056 0.3139454008 0.0200508607 0.0486871848 0.9506510417 0.3043523294 2 0.9425781250 0.3205560331 2
0 0.9468652191 0.3748043818 0.0146713615 0.0486871848 0.9444010417 0.3624541812 2 0.9477864583 0.3802782553 2
0 0.9820764867 0.4278386368 0.0156494523 0.0417318727 0.9795572917 0.4207875146 2 0.9845052083 0.4372226998 2
0 0.0649862662 0.9749852421 0.0124549268 0.0307285246 0.0660156250 0.9728708479 2 0.0652343750 0.9890745516 2
0 0.0504450313 0.9038428099 0.0244522692 0.0269518345 0.0501302083 0.9027319590 2 0.0399739583 0.9071301072 2
0 0.0534047453 0.7687594919 0.0166275430 0.0486871848 0.0513493145 0.7624316914 2 0.0544312096 0.7861451167 2
0 0.0706877646 0.7829156126 0.0174635845 0.0298299466 0.0619791667 0.7777319590 2 0.0721503398 0.7845552041 2
0 0.1511883803 0.7695183446 0.0303208138 0.0591201530 0.1565303709 0.7912208811 2 0.1474080180 0.7441167196 2
0 0.2633670520 0.7015047898 0.0156551060 0.0421303960 0.2605468750 0.6867597368 2 0.2635416667 0.7085189961 2
0 0.2247844101 0.5366445444 0.0229745323 0.0328266610 0.2180989583 0.5316671442 2 0.2292968750 0.5467134405 2
0 0.1154463712 0.7155855277 0.0120423892 0.0431741954 0.1131510417 0.7089819590 2 0.1165364583 0.7307412183 2
0 0.2282953602 0.5945806861 0.0143469802 0.0455804118 0.2277343750 0.5886115887 2 0.2272031513 0.6117986481 2
0 0.2678257042 0.1331072857 0.0210289515 0.0799860894 0.2675781250 0.1448615922 2 0.2671875000 0.1099078885 2
0 0.2414172535 0.0344287950 0.0249413146 0.0339071466 0.2354166667 0.0309726998 2 0.2454427083 0.0312041812 2
0 0.2624462050 0.3308989741 0.0151604069 0.0791166754 0.2626302083 0.3281949255 2 0.2595052083 0.3557412218 2
0 0.2115854851 0.0809424448 0.0220070423 0.0625978091 0.2149739583 0.0726393664 2 0.2078125000 0.0976393664 2
0 0.6708305489 0.8489634374 0.0240261212 0.0480303501 0.6674257997 0.8561803720 2 0.6782633485 0.8346151690 2
0 0.7079414610 0.8040102098 0.0180445026 0.0411624819 0.7092893788 0.7918076741 2 0.7089639514 0.8193286468 2
0 0.7186697174 0.7662527653 0.0206727681 0.0485263684 0.7116669320 0.7482301543 2 0.7210041209 0.7849835564 2
0 0.7295538040 0.7527858940 0.0215179969 0.0460789428 0.7281465759 0.7431069679 2 0.7328340759 0.7678754865 2
0 0.7220787014 0.6981377927 0.0377968225 0.0432934953 0.7299479167 0.6939356627 2 0.7130208333 0.7045838109 2
0 0.6429945380 0.6916572941 0.0375144452 0.0425042943 0.6483973785 0.6903471162 2 0.6344948546 0.6982196507 2
0 0.6490365806 0.6317162233 0.0322769953 0.0478177708 0.6404441534 0.6462648253 2 0.6539687436 0.6208018624 2
0 0.6579351040 0.5184002893 0.0217094099 0.0524500308 0.6558172391 0.5084283004 2 0.6626851583 0.5306976272 2
0 0.9465719332 0.9794476557 0.0080282595 0.0221223150 0.9476562500 0.9761115887 2 0.9486979167 0.9856023294 2
0 0.9596426200 0.9686003099 0.0086783751 0.0313265929 0.9597704024 0.9614917755 2 0.9604649663 0.9760106297 2
0 0.9672897946 0.9596182110 0.0105283372 0.0353801665 0.9663672427 0.9536888825 2 0.9665662054 0.9678511298 2
0 0.8864603404 0.5635838150 0.0118416827 0.0485263684 0.8858072917 0.5520375146 2 0.8847656250 0.5779634405 2
0 0.9209458138 0.5521648409 0.0166275430 0.0330377326 0.9256510417 0.5457875146 2 0.9205729167 0.5575930701 2
0 0.9669160798 0.5326030256 0.0146713615 0.0460789428 0.9636284722 0.5269450812 2 0.9657118056 0.5124389083 2
0 0.7397544992 0.4313162928 0.0347222222 0.0765084333 0.7421875000 0.4522689996 2 0.7356596207 0.4093722248 2
0 0.6742224178 0.3448095983 0.0190727700 0.0565119110 0.6756510417 0.3376856627 2 0.6710326054 0.3650136115 2
0 0.7957501956 0.2714873412 0.0254303599 0.0686837072 0.8019311006 0.2875856195 2 0.7926955295 0.2575738144 2
0 0.9431973787 0.1126760563 0.0161384977 0.0426012867 0.9414062500 0.1025004775 2 0.9454427083 0.1196301072 2
0 0.7704329098 0.2395200433 0.0234741784 0.0773778473 0.7644512911 0.2174404451 2 0.7693521195 0.2521731065 2
0 0.7774109937 0.1922274387 0.0298317684 0.0765084333 0.7771531804 0.1799168961 2 0.7863283780 0.2211733424 2
0 0.8231367371 0.2596070249 0.0176056338 0.0669448792 0.8251302083 0.2388430701 2 0.8242187500 0.2712504775 2
0 0.8400088028 0.2656929230 0.0171165884 0.0669448792 0.8420054201 0.2742616188 2 0.8415364583 0.2446301072 2
0 0.8573699139 0.2404799165 0.0205399061 0.0704225352 0.8570312500 0.2217134440 2 0.8563802083 0.2573615922 2
0 0.8783988654 0.1771066344 0.0215179969 0.0650181693 0.8868235202 0.2003443942 2 0.8743033176 0.1569279403 2
0 0.8568808685 0.1657103113 0.0215179969 0.0669448792 0.8578125000 0.1492597368 2 0.8548177083 0.1805097368 2
0 0.8923366588 0.1613632412 0.0200508607 0.0478177708 0.8932291667 0.1626856627 2 0.8983072917 0.1504171442 2
0 0.8680587484 0.1249170734 0.0174653058 0.0479562125 0.8635416667 0.1122845873 2 0.8711805556 0.1332722417 2
0 0.8779098200 0.1152842984 0.0176056338 0.0634672231 0.8802884923 0.1316076909 2 0.8767614959 0.0883510679 2
0 0.0780760955 0.8764562685 0.0132042254 0.0417318727 0.0779947917 0.8700930701 2 0.0792968750 0.8918523294 2
0 0.5165052817 0.8425491219 0.0312989045 0.0539036689 0.5117187500 0.8376856627 2 0.5281250000 0.8615282553 2
0 0.5456179696 0.8812146769 0.0171455637 0.0582974763 0.5437942048 0.8903134417 2 0.5496829495 0.8727452152 2
0 0.5708490365 0.8805462835 0.0184642901 0.0526789510 0.5720755162 0.8961824565 2 0.5709322332 0.8663776937 2
0 0.4628091109 0.6050592697 0.0275841843 0.0379745644 0.4542968750 0.5992597368 2 0.4651511504 0.6026891988 2
0 0.2946055326 0.7410229234 0.0276402514 0.0726402948 0.2929098730 0.7462525187 2 0.2978090176 0.7669326217 2
0 0.2682326503 0.6249408854 0.0191705376 0.0509354784 0.2667968750 0.6175467738 2 0.2705729167 0.6418523294 2
0 0.2500253710 0.6742845929 0.0230706453 0.0501320203 0.2526613490 0.6654833626 2 0.2453175174 0.6952998119 2
0 0.1982480444 0.6278659253 0.0212953823 0.0366395188 0.1982305524 0.6156206034 2 0.1894513710 0.6372185044 2
0 0.2094515653 0.5936446841 0.0187172933 0.0404971038 0.2076046088 0.5895621980 2 0.2091603462 0.6117152298 2
0 0.0208577856 0.8255955486 0.0112480438 0.0304294905 0.0209989664 0.8262209004 2 0.0180978497 0.8131658754 2
0 0.0761199139 0.8368979308 0.0249413146 0.0356459746 0.0683275871 0.8291205598 2 0.0829109204 0.8452135549 2
0 0.1492502199 0.5053250352 0.0156854946 0.0675971909 0.1500689262 0.4954911098 2 0.1459510760 0.5239908321 2
0 0.2083194111 0.4192291765 0.0187582827 0.0363460288 0.2057331492 0.4054023091 2 0.2141179951 0.4271800245 2
0 0.3140404930 0.6417144844 0.0254303599 0.0747696053 0.3139322917 0.6460189996 2 0.3170572917 0.6680097403 2
0 0.5091625338 0.6464761595 0.0298317684 0.0565119110 0.5028402604 0.6374052144 2 0.5182645792 0.6629000998 2
0 0.2778511346 0.4695705095 0.0215179969 0.0486871848 0.2768865380 0.4588053723 2 0.2805077526 0.4813257694 2
0 0.2744830292 0.3114756005 0.0216284214 0.0837406289 0.2739890676 0.2859784160 2 0.2756686497 0.3278098508 2
0 0.0814994131 0.4530516432 0.0122261346 0.0417318727 0.0804687500 0.4413893664 2 0.0796875000 0.4626856627 2
0 0.0457991002 0.2413493306 0.0132042254 0.0443401148 0.0454427083 0.2300467738 2 0.0450520833 0.2531949220 2
0 0.1267361111 0.5395583377 0.0185837246 0.0373848026 0.1286458333 0.5490282553 2 0.1205729167 0.5298152924 2
0 0.1162216354 0.5104329682 0.0161384977 0.0330377326 0.1130208333 0.4976393664 2 0.1169270833 0.5156949220 2
0 0.1173322348 0.1113787198 0.0281406042 0.0365018197 0.1071742958 0.1035472092 2 0.1233127934 0.1200660755 2
0 0.0629156886 0.2587376109 0.0151604069 0.0495565989 0.0623697917 0.2550467738 2 0.0598334626 0.2714555201 2
0 0.0604704617 0.2135280821 0.0180946792 0.0478177708 0.0638020833 0.2089819590 2 0.0574218750 0.2316671442 2
0 0.0538538614 0.0817683881 0.0147003367 0.0400799861 0.0561097505 0.0784400557 2 0.0496818786 0.0910291856 2
0 0.0360181925 0.0931142410 0.0122261346 0.0365153886 0.0391927083 0.0881486257 2 0.0338903046 0.1032952637 2
0 0.1551724747 0.1700591403 0.0262649880 0.0373883205 0.1604166667 0.1770375146 2 0.1503906250 0.1682412183 2
0 0.1560954419 0.1105947395 0.0136600552 0.0471327932 0.1553385417 0.0948615887 2 0.1540364583 0.1138430701 2
0 0.1696713983 0.0718656117 0.0207413193 0.0496606270 0.1687990745 0.0715332769 2 0.1754719459 0.0868431255 2
0 0.1624364241 0.0139540949 0.0166275430 0.0279081899 0.1589727977 0.0246021902 2 0.1580184024 0.0025450542 2
0 0.4231781787 0.0309511389 0.0347222222 0.0356459746 0.4128276604 0.0322552600 2 0.4309223396 0.0287776039 2
0 0.4507286776 0.2787341332 0.0327660407 0.0547730829 0.4480468750 0.2677782553 2 0.4595052083 0.2835189961 2
0 0.4023131847 0.2152669101 0.0220070423 0.0669448792 0.4028327954 0.2020869451 2 0.4000984204 0.2331517599 2
0 0.4211414319 0.3000347766 0.0224960876 0.0782472613 0.4172290689 0.2852547383 2 0.4240757042 0.3269866110 2
0 0.6908499609 0.9221005043 0.0180946792 0.0495565989 0.6873697917 0.9075930701 2 0.6936737315 0.9349654208 2
0 0.8721981657 0.7615177255 0.0288536776 0.0365153886 0.8722656250 0.7615282553 2 0.8623697917 0.7645375146 2
0 0.8299833725 0.9434011476 0.0205399061 0.0556424970 0.8295572917 0.9369912183 2 0.8248697917 0.9594449220 2
0 0.4646664710 0.1783168145 0.0273865415 0.0747696053 0.4674479167 0.1904634440 2 0.4602650626 0.1652756042 2
0 0.8607699101 0.8213801470 0.0158558125 0.0485263684 0.8584635417 0.8154634405 2 0.8632363050 0.8322362049 2
0 0.8852561015 0.8467748258 0.0150529865 0.0362726563 0.8858072917 0.8362967738 2 0.8855468750 0.8564356627 2
0 0.8818126425 0.8943481053 0.0186028058 0.0289017341 0.8875021358 0.8974496965 2 0.8746637942 0.8925724415 2
0 0.9209458138 0.8321161537 0.0107589984 0.0452095288 0.9202323897 0.8211722640 2 0.9197757727 0.8463835712 2
0 0.9356302495 0.7614943568 0.0146452131 0.0386527400 0.9339409453 0.7586652928 2 0.9340903898 0.7732842011 2
0 0.8906433745 0.7310229033 0.0180946792 0.0434707007 0.8899739583 0.7402319590 2 0.8938802083 0.7189356627 2
0 0.8742592941 0.6589399381 0.0161731266 0.0472740101 0.8734634486 0.6521262487 2 0.8742203566 0.6711971310 2
0 0.8737529343 0.6990958094 0.0190727700 0.0382542167 0.8775820577 0.6884130834 2 0.8734143118 0.7045979895 2
0 0.8358773587 0.5782346976 0.0244522692 0.0373848026 0.8412314163 0.5695531212 2 0.8304724178 0.5843331595 2
0 0.9225178968 0.5966273269 0.0125052862 0.0263271630 0.9256510417 0.6087504775 2 0.9227864583 0.5927782553 2
0 0.9085080186 0.4592800146 0.0190070456 0.0298450232 0.9014322917 0.4515745516 2 0.9126302083 0.4555097368 2
0 0.9544454225 0.4821770127 0.0190727700 0.0339071466 0.9558593750 0.4761115887 2 0.9518229167 0.4990282553 2
0 0.9204387472 0.3098375452 0.0185476822 0.0422103017 0.9175488118 0.3053781304 2 0.9240404027 0.3207114053 2
0 0.8277229125 0.3444864199 0.0172953329 0.0539892422 0.8285920692 0.3464278884 2 0.8343913005 0.3628736534 2
0 0.7578491784 0.0909407060 0.0190727700 0.0634672231 0.7569990994 0.1077084236 2 0.7596666762 0.0674810792 2
0 0.8121332160 0.2296122413 0.0210289515 0.0712919492 0.8118489583 0.2312041848 2 0.8125000000 0.2571301107 2
0 0.7991735133 0.1491914450 0.0352112676 0.0756390193 0.7912760417 0.1291208514 2 0.7986979167 0.1585189996 2
0 0.7967282864 0.0861589289 0.0322769953 0.0799860894 0.7923177083 0.0673152959 2 0.8028645833 0.1015745551 2
0 0.1275794029 0.9724711404 0.0124455820 0.0374955560 0.1273074337 0.9691664204 2 0.1273074337 0.9864468908 2
0 0.1406484629 0.9873945521 0.0122261346 0.0199965223 0.1394097222 0.9834265627 2 0.1404513889 0.9957722417 2
0 0.2824970657 0.9760041732 0.0171165884 0.0408624587 0.2832031250 0.9744912183 2 0.2792968750 0.9902319590 2
0 0.3000224876 0.9585741811 0.0149999830 0.0588739028 0.2999057487 0.9495148894 2 0.2971595598 0.9837198048 2
0 0.3230878326 0.8781950965 0.0347222222 0.0417318727 0.3199218750 0.8765745516 2 0.3092447917 0.8714819590 2
0 0.3606282177 0.9408676641 0.0178624605 0.0450600117 0.3599370397 0.9410254078 2 0.3552868459 0.9572034881 2
0 0.3551008706 0.9862279669 0.0224572184 0.0256922144 0.3548177083 0.9812041812 2 0.3484786903 0.9971904635 2
0 0.3824450092 0.9828456574 0.0157731270 0.0289183183 0.3829427083 0.9793523294 2 0.3848670942 0.9965079978 2
0 0.3495733001 0.9004260682 0.0280296206 0.0459571141 0.3515561927 0.8969620862 2 0.3409567307 0.9130219433 2
0 0.3446788747 0.8581515040 0.0205679406 0.0313930449 0.3515625000 0.8575930701 2 0.3399739583 0.8663893664 2
0 0.3655467060 0.8170509255 0.0208528017 0.0515944610 0.3658854167 0.8325930701 2 0.3648437500 0.8126856627 2
0 0.3810397105 0.8755868545 0.0215179969 0.0834637454 0.3794270833 0.8687041848 2 0.3805989583 0.9015745551 2
0 0.4059810250 0.9090592940 0.0293427230 0.0669448792 0.4055989583 0.9057412183 2 0.4175781250 0.9279634405 2
0 0.2147642801 0.7921231090 0.0215179969 0.0608589810 0.2128906250 0.8004171442 2 0.2139438059 0.7691258622 2
0 0.2414048860 0.8789959122 0.0190975049 0.0624606125 0.2422022437 0.8958002211 2 0.2425980914 0.8598644739 2
0 0.2699313556 0.9294772058 0.0197519211 0.0434973360 0.2709635417 0.9198615887 2 0.2665741462 0.9425856628 2
0 0.2910553599 0.9101422924 0.0215179969 0.0469483568 0.2928385417 0.9038893664 2 0.2856770833 0.9287921353 2
0 0.2705016729 0.8663384001 0.0235017402 0.0713623064 0.2712239583 0.8791208514 2 0.2622395833 0.8427782589 2
0 0.5610084116 0.9794818292 0.0312989045 0.0321683186 0.5641927083 0.9881486257 2 0.5496093750 0.9747226998 2
0 0.3235772313 0.7853421823 0.0268982028 0.0763576679 0.3210895623 0.7831280977 2 0.3263584709 0.8106657905 2
0 0.1252689750 0.7895148670 0.0205399061 0.0556424970 0.1227877828 0.7838224373 2 0.1251858694 0.8059558795 2
0 0.1359880441 0.8261971027 0.0253505014 0.0353243417 0.1363281250 0.8261115887 2 0.1258251192 0.8302202060 2
0 0.1021492131 0.7736736913 0.0123441557 0.0468865430 0.1003906250 0.7666208479 2 0.1038912664 0.7899100427 2
0 0.0676715136 0.6979781350 0.0158692400 0.0394965239 0.0641927083 0.6842134405 2 0.0680626142 0.7051273226 2
0 0.3976672535 0.3122065728 0.0224960876 0.0452095288 0.3924135647 0.3079722902 2 0.4019187730 0.3239445124 2
0 0.4050029343 0.2748217701 0.0254303599 0.0608589810 0.4010905712 0.2835159103 2 0.4128276604 0.2504781777 2
0 0.3988898670 0.4165362546 0.0308098592 0.0434707007 0.3946614583 0.4187041812 2 0.4058843469 0.4182598672 2
0 0.4119163540 0.5026740763 0.0304543825 0.0416002042 0.4166666667 0.4999541812 2 0.4016927083 0.5057412183 2
0 0.0386868384 0.6225292306 0.0146291541 0.0453258198 0.0382864527 0.6147955804 2 0.0364803174 0.6355265162 2
0 0.0596821233 0.4838221149 0.0135837302 0.0427887384 0.0617354242 0.4727772015 2 0.0578935988 0.4970183132 2
0 0.0413976917 0.5113023822 0.0190727700 0.0660754651 0.0445764867 0.5217353504 2 0.0401750782 0.4913058599 2
0 0.0805213224 0.2096157190 0.0112480438 0.0556424970 0.0808593750 0.2078245516 2 0.0772135417 0.2305097368 2
0 0.2399603647 0.2715996615 0.0435045444 0.0526759357 0.2459992163 0.2676654124 2 0.2263204005 0.2820968057 2
0 0.2428274993 0.1730241938 0.0289674584 0.0328854595 0.2397451286 0.1682628077 2 0.2518902350 0.1694048625 2
0 0.4650770713 0.1336618512 0.0166586384 0.0632275060 0.4610839407 0.1128583942 2 0.4671119868 0.1604129804 2
0 0.4844584146 0.1125900608 0.0221040483 0.0524192504 0.4866735133 0.1018083812 2 0.4832501956 0.1322378717 2
0 0.2982866902 0.3692584065 0.0308098592 0.0739001913 0.2932042861 0.3499355090 2 0.3042719944 0.3890558794 2
0 0.3005917449 0.3126412798 0.0229851330 0.0565119110 0.3000000000 0.3057412183 2 0.3079427083 0.3235652924 2
0 0.3258405818 0.3320632690 0.0343591761 0.0333173848 0.3256867403 0.3333391320 2 0.3126753909 0.3428832352 2
0 0.3267556729 0.3608937576 0.0303208138 0.0417318727 0.3184492958 0.3707771180 2 0.3359008216 0.3509205473 2
0 0.6089182514 0.8924492147 0.0322437798 0.0319858924 0.6219774605 0.9031038624 2 0.5977315754 0.9041227907 2
0 0.5931034283 0.9316356643 0.0316628617 0.0321115302 0.5781250000 0.9390745516 2 0.5950520833 0.9305097368 2
0 0.6084458138 0.6786645801 0.0215179969 0.0704225352 0.6088541667 0.6710189996 2 0.6102864583 0.6985652959 2
0 0.6316754695 0.5882455225 0.0396126761 0.0512954269 0.6298177083 0.5916208479 2 0.6484375000 0.5749541812 2
0 0.6360768779 0.3317683881 0.0220070423 0.0721613632 0.6343105641 0.3045855695 2 0.6306556752 0.3538907382 2
0 0.6000461766 0.0768936390 0.0226678189 0.0510225414 0.6040444053 0.0896365849 2 0.5937744523 0.0644235785 2
0 0.7980491329 0.4073003639 0.0164579319 0.0567330336 0.7976562500 0.4004171442 2 0.7998277897 0.4216086387 2
0 0.8726762570 0.2084126108 0.0143794890 0.0510934012 0.8707096337 0.1960402928 2 0.8752969438 0.2241320715 2
0 0.8843529223 0.4228216656 0.0236833654 0.0313994148 0.8785156250 0.4254171442 2 0.8923177083 0.4196301072 2
0 0.9818319640 0.2513475917 0.0180946792 0.0399930447 0.9766927083 0.2420838109 2 0.9785156250 0.2603708479 2
0 0.1198894757 0.3000347766 0.0195618153 0.0799860894 0.1167968750 0.2955560366 2 0.1162127911 0.3237865788 2
0 0.2286423563 0.2326041814 0.0375370600 0.0548751009 0.2319010417 0.2298152924 2 0.2149739583 0.2511115887 2
0 0.1918551188 0.3211575167 0.0175823123 0.0425148479 0.1928385417 0.3099078850 2 0.1902343750 0.3335189961 2
0 0.0452842597 0.1341166603 0.0160869076 0.0350564818 0.0483623305 0.1290057257 2 0.0410688094 0.1451459336 2
0 0.0621821205 0.5682490002 0.0176056338 0.0565119110 0.0626711659 0.5504260129 2 0.0631602113 0.5852025735 2
0 0.1816657310 0.7806440800 0.0267215246 0.0500727192 0.1773772974 0.7871420010 2 0.1855459190 0.7703761752 2
0 0.1692830595 0.6030255608 0.0215179969 0.0512954269 0.1675781250 0.5909264035 2 0.1720052083 0.6175467738 2
0 0.1577904930 0.6169361850 0.0171165884 0.0756390193 0.1595052083 0.6173152959 2 0.1596354167 0.6455560366 2
0 0.1249592195 0.6039047681 0.0199113619 0.0403172032 0.1235677083 0.5897689961 2 0.1266927083 0.6175467738 2
0 0.5025745554 0.8960959793 0.0489045383 0.0452095288 0.5003906250 0.8900004775 2 0.5053385417 0.8735652924 2
0 0.4622212441 0.8408102939 0.0264084507 0.0486871848 0.4605468750 0.8332875146 2 0.4712239583 0.8557412183 2
0 0.4930311033 0.8486350200 0.0254303599 0.0556424970 0.4936262467 0.8651037845 2 0.4845264797 0.8305235788 2
0 0.6423906517 0.9744135978 0.0176056338 0.0417318727 0.6445312500 0.9853708479 2 0.6399739583 0.9633801072 2
0 0.6467282746 0.9118456201 0.0237762888 0.0310701028 0.6402160256 0.9101127288 2 0.6530631552 0.9119417337 2
0 0.4940091941 0.7030081725 0.0401017214 0.0304294905 0.4812603922 0.7047750820 2 0.5037864339 0.7017658227 2
0 0.5221293036 0.7108328986 0.0180946792 0.0721613632 0.5239571818 0.7010923358 2 0.5191353117 0.7330357562 2
0 0.5387568466 0.7169187967 0.0190727700 0.0617283951 0.5360677083 0.7312041812 2 0.5393229167 0.7048152924 2
0 0.2685592723 0.2122239611 0.0430359937 0.0625978091 0.2630234519 0.2023754220 2 0.2792339451 0.2219752545 2
0 0.4603855572 0.0532837717 0.0422988921 0.0466232060 0.4465717919 0.0574682664 2 0.4744473787 0.0539906103 2
0 0.3074383803 0.4426186750 0.0288536776 0.0382542167 0.3142132821 0.4442532017 2 0.2952663569 0.4425002542 2
0 0.3244987850 0.4041224798 0.0238508564 0.0439546578 0.3290749693 0.3968165479 2 0.3165353386 0.4177955028 2
0 0.3472955790 0.3895844201 0.0264084507 0.0678142932 0.3453125000 0.3788893664 2 0.3427083333 0.4163893664 2
0 0.4252983177 0.5291253695 0.0366784038 0.0356459746 0.4282552083 0.5258801072 2 0.4137111310 0.5344193656 2
0 0.3397153756 0.4660928534 0.0249413146 0.0591201530 0.3415364583 0.4552782553 2 0.3372395833 0.4856023294 2
0 0.3695471440 0.4765258216 0.0249413146 0.0608589810 0.3695312500 0.4645375146 2 0.3660156250 0.4967134405 2
0 0.3759047340 0.6017214397 0.0337441315 0.0382542167 0.3785695973 0.6008043992 2 0.3629538979 0.5968188919 2
0 0.3825068466 0.5160841593 0.0342331768 0.0304294905 0.3756510417 0.5210189961 2 0.3949218750 0.5152319590 2
0 0.7131653042 0.8933295456 0.0204123494 0.0476571784 0.7201930983 0.9155548482 2 0.7105902778 0.9102784145 2
0 0.9417302426 0.9355764215 0.0102699531 0.0486871848 0.9412760417 0.9362967738 2 0.9414136433 0.9480892718 2
0 0.8470381235 0.8775158982 0.0272628667 0.0309184731 0.8384114583 0.8754171442 2 0.8520833333 0.8812041812 2
0 0.7247912653 0.8317276814 0.0208734746 0.0528081068 0.7243923611 0.8420685380 2 0.7259548611 0.8198463157 2
0 0.7672733477 0.7035716303 0.0261840194 0.0293025749 0.7563802083 0.7108338109 2 0.7727864583 0.6987967738 2
0 0.8567310454 0.7327240400 0.0273865415 0.0339071466 0.8641927083 0.7339819590 2 0.8493489583 0.7388430701 2
0 0.7207625619 0.2277266651 0.0174716914 0.0401037981 0.7238605243 0.2165710311 2 0.7209262520 0.2374369675 2
0 0.7500453003 0.1691286662 0.0259611014 0.0346107186 0.7579427083 0.1677782553 2 0.7403645833 0.1719449220 2
0 0.7476718048 0.2272889460 0.0170600514 0.0296153572 0.7453125000 0.2217134405 2 0.7489438448 0.2353659209 2
0 0.8404978482 0.5108676752 0.0161384977 0.0634672231 0.8443202903 0.5247841973 2 0.8412928636 0.4931331579 2
0 0.8287201230 0.5247788020 0.0209476795 0.0547740880 0.8288057972 0.5197424962 2 0.8325860264 0.5439006104 2
0 0.8507678013 0.4639193184 0.0200508607 0.0565119110 0.8492187500 0.4578245516 2 0.8511718750 0.4849078850 2
0 0.8599059535 0.5086569513 0.0256119852 0.0399186671 0.8524739583 0.5166208479 2 0.8647135417 0.5036578850 2
0 0.8857345462 0.4804381847 0.0264084507 0.0460789428 0.8808440923 0.4895670318 2 0.8955154538 0.4739175796 2
0 0.2038575787 0.3769713837 0.0228805395 0.0467423107 0.2069010417 0.3587504775 2 0.2097656250 0.3795838109 2
0 0.2507391511 0.3430172486 0.0152204775 0.0668378357 0.2521540363 0.3316550964 2 0.2524127472 0.3623837946 2
0 0.2184034986 0.9284520008 0.0182536896 0.0492967798 0.2125190383 0.9104630661 2 0.2186347634 0.9482647108 2
0 0.2305469478 0.9612133301 0.0178720646 0.0443185051 0.2289110456 0.9566417214 2 0.2307566666 0.9736639678 2
0 0.6705001606 0.9475130236 0.0158558125 0.0438878185 0.6697916667 0.9342134405 2 0.6713541667 0.9573615887 2
0 0.8644172558 0.8944677126 0.0117370892 0.0417318727 0.8660156250 0.8825930701 2 0.8602267482 0.9042701811 2
0 0.6402337637 0.2091810120 0.0254303599 0.0478177708 0.6355468750 0.1987967738 2 0.6436197917 0.2198615887 2
0 0.1361661358 0.7788147927 0.0163512183 0.0394588325 0.1391927083 0.7872226998 2 0.1296875000 0.7645375146 2
0 0.1939470666 0.7433307085 0.0170510190 0.0276108171 0.1894531250 0.7362967738 2 0.1954427083 0.7506486257 2
0 0.4220968615 0.5696320330 0.0302754914 0.0311410810 0.4119791667 0.5719449220 2 0.4270833333 0.5645375146 2
0 0.4299442488 0.4034950443 0.0264084507 0.0643366371 0.4343456573 0.3939314902 2 0.4240757042 0.4208833246 2
0 0.4382470663 0.4346977103 0.0195399072 0.0276287713 0.4384548611 0.4272537231 2 0.4344618056 0.4429944639 2
0 0.4394583723 0.4648545666 0.0307653362 0.0340388151 0.4282552083 0.4631486257 2 0.4417968750 0.4650004775 2
0 0.4030652866 0.9519732814 0.0267604388 0.0325950744 0.4002604167 0.9508648343 2 0.4136284722 0.9471611306 2
0 0.5213957355 0.9268822813 0.0430359937 0.0347765606 0.5217447917 0.9298152924 2 0.5081308438 0.9372492181 2
0 0.5272642801 0.9651364980 0.0303208138 0.0365153886 0.5350184352 0.9504120362 2 0.5345300863 0.9670782480 2
0 0.5072134194 0.9668753260 0.0264084507 0.0417318727 0.5156916716 0.9606657110 2 0.5121757377 0.9785355495 2
0 0.4690016092 0.9507440966 0.0294752636 0.0303353502 0.4593750000 0.9469449220 2 0.4764322917 0.9469449220 2
0 0.8065964731 0.3687647185 0.0236487365 0.0635124527 0.8039062500 0.3626856627 2 0.8100260417 0.3890745516 2
0 0.8571716809 0.3322136487 0.0240558032 0.0660543580 0.8622304783 0.3142589134 2 0.8577501969 0.3451746959 2
0 0.8338957355 0.3739349678 0.0224960876 0.0712919492 0.8352204555 0.3969567178 2 0.8336501031 0.3899197398 2
0 0.8519904147 0.3961050252 0.0234741784 0.0652060511 0.8519531250 0.3916208479 2 0.8576822917 0.4115282553 2
0 0.8212699547 0.4198171617 0.0177844322 0.0552489992 0.8225260417 0.4353708479 2 0.8200345959 0.4076143132 2
0 0.8104215571 0.7773430708 0.0273865415 0.0504260129 0.8065091941 0.7643018605 2 0.8162901017 0.7938619371 2
0 0.8416175908 0.7765331867 0.0256361016 0.0331567924 0.8464843750 0.7751856627 2 0.8354166667 0.7839819590 2
0 0.7719364110 0.7906805463 0.0208387845 0.0411393421 0.7750954715 0.7837194936 2 0.7686689392 0.7993162130 2
0 0.7550269660 0.7889700692 0.0144064360 0.0491204482 0.7578125000 0.7886115887 2 0.7538408842 0.8057465085 2
0 0.7762724058 0.7391649971 0.0285326832 0.0331900185 0.7821614583 0.7358338109 2 0.7709635417 0.7427782553 2
0 0.7976595752 0.7255575602 0.0184901207 0.0374955560 0.8018207245 0.7172846074 2 0.7971650517 0.7370929016 2
0 0.8090571361 0.7366605863 0.0178110640 0.0274613000 0.8055989583 0.7448615887 2 0.8139322917 0.7316671442 2
0 0.0615566795 0.1173909941 0.0116409762 0.0442446300 0.0613281250 0.1108338109 2 0.0597656250 0.1339819590 2
0 0.0781149647 0.2842003854 0.0122430957 0.0367515878 0.0792734212 0.2732736233 2 0.0770717509 0.2947779347 2
0 0.0377729608 0.3457503747 0.0122430957 0.0310426033 0.0383927675 0.3363689286 2 0.0375495832 0.3524774264 2
0 0.0388768465 0.4253193463 0.0136480411 0.0328266610 0.0418995085 0.4144616633 2 0.0350129344 0.4393939127 2
0 0.0570407836 0.4253193463 0.0182642903 0.0256904303 0.0614583333 0.4242597368 2 0.0542968750 0.4281949220 2
0 0.1130378934 0.5562691786 0.0212748876 0.0313994148 0.1203783206 0.5586501508 2 0.1061542853 0.5516834057 2
0 0.1801742132 0.8347605795 0.0148522800 0.0438878185 0.1772135417 0.8263430701 2 0.1796875000 0.8481023294 2
0 0.1912130700 0.8600941982 0.0140494541 0.0296153572 0.1871093750 0.8534264035 2 0.1942708333 0.8689356627 2
0 0.2861472383 0.8208449297 0.0238840719 0.0231927496 0.2921006944 0.8223154515 2 0.2801215278 0.8226240935 2
0 0.2522278420 0.9426960679 0.0170600514 0.0599443374 0.2528063464 0.9393941616 2 0.2524202635 0.9624844394 2
0 0.3509754335 0.5553771498 0.0272960822 0.0438878185 0.3432519332 0.5418667684 2 0.3610348682 0.5720861349 2
0 0.3228577331 0.5319277004 0.0293407316 0.0386922335 0.3234375000 0.5293523294 2 0.3326414995 0.5401232286 2
0 0.2419918112 0.6288803254 0.0182642903 0.0506672376 0.2401041667 0.6231023294 2 0.2407552083 0.6492597368 2
0 0.1645191073 0.5386070078 0.0234826590 0.0406765147 0.1672232813 0.5364376484 2 0.1562220620 0.5459877047 2
0 0.1873996468 0.5593020766 0.0186657033 0.0513808606 0.1894531250 0.5733338109 2 0.1842447917 0.5441671442 2
0 0.2000441554 0.5441375865 0.0242854849 0.0488831799 0.1936197917 0.5349078850 2 0.2018229167 0.5559726998 2
0 0.4172085742 0.0686862199 0.0272960822 0.0317562264 0.4094043427 0.0644235785 2 0.4201633412 0.0696400626 2
0 0.9155627810 0.6977449511 0.0158558125 0.0338970956 0.9179687500 0.6876856627 2 0.9132298421 0.7098319322 2
0 0.9226878613 0.7170127739 0.0116409762 0.0281881110 0.9233072917 0.7136115887 2 0.9182049803 0.7264751799 2
0 0.9410525048 0.6718761150 0.0110388568 0.0306857918 0.9402343750 0.6663893664 2 0.9410156250 0.6825930701 2
0 0.8991048491 0.8823949190 0.0142501606 0.0249768073 0.9065104167 0.8715438466 2 0.8980034722 0.8869759454 2
0 0.7658357418 0.8575965175 0.0291024406 0.0303289802 0.7598958333 0.8617597368 2 0.7729166667 0.8571301072 2
0 0.8116971741 0.8668736174 0.0148522800 0.0446014415 0.8139322917 0.8555097368 2 0.8156250000 0.8812041812 2
0 0.8273522800 0.8740098480 0.0152536930 0.0488831799 0.8290364583 0.8626856627 2 0.8244139371 0.8906494694 2
0 0.8069805716 0.9148647684 0.0210741811 0.0449582531 0.8084635417 0.9180097368 2 0.8097151166 0.9023465544 2
0 0.8956928388 0.6891814743 0.0182642903 0.0367515878 0.9019615870 0.6966246123 2 0.8939231656 0.6808810532 2
0 0.8890695247 0.6465424963 0.0170600514 0.0442446300 0.8873697917 0.6432412183 2 0.8954427083 0.6617597368 2
0 0.9047246307 0.6390494541 0.0186657033 0.0385356455 0.9002604167 0.6386115887 2 0.9102864583 0.6469449220 2
0 0.8135035324 0.5605509170 0.0230812460 0.0267608649 0.8231175645 0.5579825543 2 0.8078125123 0.5624591969 2
0 0.8810412653 0.3753657318 0.0315109184 0.0360379647 0.8776041667 0.3737967738 2 0.8922139282 0.3790779348 2
0 0.9254977521 0.2228288018 0.0128452152 0.0431741954 0.9242187500 0.2087504775 2 0.9262085618 0.2349368711 2
0 0.8798370263 0.3068579176 0.0142501606 0.0413901377 0.8779485973 0.2983367078 2 0.8833038803 0.3204195861 2
0 0.0695550248 0.3209090194 0.0112791932 0.0283085633 0.0691459190 0.3092228738 2 0.0704846183 0.3292135137 2
0 0.1167728238 0.3722182905 0.0145966030 0.0393174491 0.1200520833 0.3603708479 2 0.1165550443 0.3828481555 2
0 0.0807236377 0.3688763073 0.0106157113 0.0452150664 0.0796875000 0.3608338109 2 0.0811197917 0.3844449220 2
0 0.0855891720 0.4854525438 0.0115003539 0.0271290399 0.0868489583 0.4754171442 2 0.0852864583 0.4937041812 2
0 0.0695550248 0.4858457183 0.0090675867 0.0255563419 0.0710297821 0.4750894805 2 0.0692247335 0.4949156830 2
0 0.4732837933 0.3067547378 0.0181351734 0.0463945899 0.4746099974 0.2910102428 2 0.4722973050 0.3157201052 2
0 0.8212800778 0.8233860187 0.0163658882 0.0369584021 0.8233291368 0.8144945463 2 0.8176664210 0.8357593722 2
0 0.9210931942 0.7725348416 0.0154812456 0.0204450735 0.9237357798 0.7679377191 2 0.9163515280 0.7797029841 2
0 0.9676884289 0.6499960683 0.0075194621 0.0365652276 0.9696614583 0.6400004775 2 0.9686197917 0.6592134405 2
0 0.9760925336 0.6633640009 0.0079617834 0.0263426909 0.9760416667 0.6545838109 2 0.9769531250 0.6719449220 2
0 0.9045470630 0.2098372258 0.0187986553 0.0275222144 0.9008949531 0.2043992349 2 0.9096977700 0.2139627891 2
0 0.9185907643 0.3637650389 0.0123849965 0.0326334827 0.9190972222 0.3539512540 2 0.9196180556 0.3709265627 2
