0 0.3878863459 0.6734480960 0.0234741784 0.0617283951 0.3875000000 0.6608338109 2 0.3876302083 0.6895375146 2
0 0.4475498826 0.6647539558 0.0224960876 0.0617283951 0.4454427083 0.6555097368 2 0.4439278753 0.6862313728 2
0 0.5316526144 0.7984494780 0.0175794854 0.0569003832 0.5311197917 0.7930097368 2 0.5320312500 0.8166208479 2
0 0.4497505869 0.7190923318 0.0249413146 0.0417318727 0.4557526312 0.7115082577 2 0.4415859356 0.7302895584 2
0 0.4316559077 0.7408276821 0.0229851330 0.0660754651 0.4300364369 0.7223274888 2 0.4389922295 0.7663089703 2
0 0.3926215104 0.7309715763 0.0342331768 0.0469483568 0.3819589610 0.7421682857 2 0.4043676598 0.7196831653 2
0 0.3928831600 0.8016155522 0.0207526267 0.0575235470 0.3903889759 0.7865085407 2 0.3938592574 0.8194377348 2
0 0.4226265893 0.8311128097 0.0244883115 0.0518969810 0.4295925536 0.8186346558 2 0.4164246843 0.8441971624 2
0 0.4480442284 0.8372916799 0.0283540315 0.0418137886 0.4420634609 0.8394140017 2 0.4566129456 0.8265869403 2
0 0.4693124022 0.5630325161 0.0210289515 0.0530342549 0.4685502232 0.5502201539 2 0.4724749413 0.5834900131 2
0 0.4658798972 0.4615357168 0.0226798330 0.0677941911 0.4682513456 0.4496727292 2 0.4635698517 0.4899010914 2
0 0.6442666213 0.2564263767 0.0217589860 0.0484117866 0.6391927083 0.2448615887 2 0.6467447917 0.2680097368 2
0 0.6720217136 0.2717788211 0.0176056338 0.0634672231 0.6721354167 0.2631486257 2 0.6733072917 0.2904634405 2
0 0.4023931471 0.3611451048 0.0303208138 0.0486871848 0.3958650478 0.3515726570 2 0.4139543611 0.3724721279 2
0 0.7607834507 0.4126238915 0.0210289515 0.0652060511 0.7601562500 0.3932412183 2 0.7627604167 0.4335189961 2
0 0.4017619485 0.5834637454 0.0366784038 0.0434707007 0.4110032794 0.5801714222 2 0.3898969286 0.5934392632 2
0 0.4287347096 0.6109902475 0.0269236445 0.0544931618 0.4367187500 0.6036578850 2 0.4233072917 0.6191671442 2
0 0.3037705399 0.8116849244 0.0244522692 0.0426012867 0.3011718750 0.8022689961 2 0.3092447917 0.8210189961 2
0 0.2469172473 0.7635766788 0.0168755993 0.0620852066 0.2454269830 0.7540926453 2 0.2445019272 0.7877652469 2
0 0.2648914319 0.7525647713 0.0210289515 0.0356459746 0.2563802083 0.7423152924 2 0.2687500000 0.7603708479 2
0 0.7135905712 0.5825943314 0.0166275430 0.0573813250 0.7150577074 0.5999826117 2 0.7131015258 0.5730307773 2
0 0.6656641236 0.7425665102 0.0176056338 0.0539036689 0.6644531250 0.7330560331 2 0.6667968750 0.7578245516 2
0 0.8040699742 0.7394750649 0.0313109187 0.0531312473 0.8109106025 0.7321335420 2 0.7957501956 0.7512606503 2
0 0.3790835290 0.2804729612 0.0176056338 0.0443401148 0.3807291667 0.2672228589 2 0.3795138889 0.2993216244 2
0 0.2230780516 0.6386715354 0.0195618153 0.0512954269 0.2188444024 0.6267347850 2 0.2260646660 0.6517416094 2
0 0.6229846666 0.7682825706 0.0398367041 0.0511587329 0.6179230206 0.7724650565 2 0.6364470880 0.7595366378 2
0 0.7920487864 0.4580776603 0.0357674507 0.0483062508 0.7855531618 0.4525079490 2 0.8071690504 0.4636255507 2
0 0.6811725867 0.2191257514 0.0378635614 0.0677072497 0.6802719939 0.2098689979 2 0.6940448643 0.2413007865 2
0 0.2669942564 0.5020345796 0.0242565097 0.0371068917 0.2590277778 0.4933031059 2 0.2684027778 0.4963895256 2
0 0.6976965962 0.2926447574 0.0298317684 0.0582507390 0.6946614583 0.3006486257 2 0.7083333333 0.2784264035 2
0 0.7276598132 0.2617152282 0.0254303599 0.0660754651 0.7237468389 0.2764581419 2 0.7333822555 0.2396525863 2
0 0.0338174883 0.2700399930 0.0146713615 0.0565119110 0.0317708333 0.2557412183 2 0.0356770833 0.2867597368 2
0 0.5386579068 0.7109308962 0.0190727700 0.0504260129 0.5385790482 0.7159852774 2 0.5413134232 0.6933000922 2
0 0.5792631613 0.6868189800 0.0348911266 0.0432606342 0.5835526274 0.6833933195 2 0.5644841676 0.6964619827 2
0 0.5857052034 0.7764736568 0.0200508607 0.0591201530 0.5849716354 0.8008172492 2 0.5844825900 0.7582159624 2
0 0.6517263302 0.7782124848 0.0220070423 0.0434707007 0.6472954149 0.7735265486 2 0.6566406250 0.7934726998 2
0 0.6160260172 0.8069031473 0.0249413146 0.0295600765 0.6243489583 0.8075930701 2 0.6069010417 0.8057412183 2
0 0.5962196792 0.8816727526 0.0176056338 0.0347765606 0.5996093750 0.8735652924 2 0.5924479167 0.8920838109 2
0 0.6502591941 0.3930620762 0.0308098592 0.0660754651 0.6463862547 0.3841277716 2 0.6599586979 0.4183990559 2
0 0.7826629313 0.3772862322 0.0163936210 0.0553897136 0.7840811000 0.3638406095 2 0.7818986992 0.3898535807 2
0 0.1793084898 0.6934446183 0.0161384977 0.0565119110 0.1785156250 0.7112967738 2 0.1777343750 0.6742597368 2
0 0.1973059960 0.1876107498 0.0325716946 0.0405322824 0.2032078242 0.1823027793 2 0.1909151960 0.1930925967 2
0 0.1876222613 0.1517996870 0.0239632238 0.0391236307 0.1925781250 0.1441671442 2 0.1816406250 0.1645375146 2
0 0.1683049687 0.1244131455 0.0136932707 0.0660754651 0.1667968750 0.1205560331 2 0.1673177083 0.1423152924 2
0 0.2372603678 0.1300643366 0.0322769953 0.0582507390 0.2481281063 0.1075045165 2 0.2253931946 0.1497733261 2
0 0.2357932316 0.3265519040 0.0185837246 0.0582507390 0.2357338207 0.3187707426 2 0.2352849681 0.3419245225 2
0 0.1670830137 0.4797365294 0.0171702021 0.0763645166 0.1664062500 0.4687041848 2 0.1684895833 0.5008801107 2
0 0.2149603096 0.6813976139 0.0336457316 0.0390244435 0.2070363520 0.6754425522 2 0.2230524849 0.6883174372 2
0 0.0384817939 0.8459036528 0.0127151800 0.0391236307 0.0383790944 0.8376473055 2 0.0390301361 0.8533880462 2
0 0.0761199139 0.9447052686 0.0132042254 0.0443401148 0.0771027768 0.9399088566 2 0.0766491478 0.9583871175 2
0 0.1271703862 0.8749729879 0.0174960933 0.0429596059 0.1259392746 0.8695369600 2 0.1227817705 0.8903962194 2
0 0.1584657572 0.6283131961 0.0147879691 0.0514446847 0.1576402882 0.6161973619 2 0.1583785313 0.6426630363 2
0 0.1731954225 0.6434533125 0.0146713615 0.0434707007 0.1722656250 0.6270375146 2 0.1705729167 0.6531949220 2
0 0.1860798603 0.4755463488 0.0174918530 0.0640361113 0.1860677083 0.4640745516 2 0.1886718750 0.4939356627 2
0 0.2095278903 0.4624611653 0.0257900768 0.0464523385 0.2113386597 0.4586644007 2 0.2030754535 0.4738864747 2
0 0.2013155321 0.9707876891 0.0161384977 0.0530342549 0.1999537550 0.9665584837 2 0.2008767675 0.9901856747 2
0 0.1847955906 0.9838922512 0.0129890222 0.0303027868 0.1805989583 0.9818986257 2 0.1860425368 0.9965848165 2
0 0.3741930751 0.1465832029 0.0156494523 0.0565119110 0.3731770833 0.1325930701 2 0.3714843750 0.1663893664 2
0 0.4101379108 0.1374543558 0.0288536776 0.0539036689 0.4061197917 0.1270375146 2 0.4178385417 0.1501856627 2
0 0.4370354069 0.1357155277 0.0220070423 0.0678142932 0.4368489583 0.1275004775 2 0.4365885417 0.1580560331 2
0 0.6451242175 0.8638497653 0.0215179969 0.0512954269 0.6500868056 0.8579635997 2 0.6424479167 0.8758648343 2
0 0.7267755013 0.8986093290 0.0225346782 0.0443061211 0.7302927529 0.8929058099 2 0.7203699107 0.9092394319 2
0 0.8269154818 0.8701452910 0.0138230648 0.0491373435 0.8287760417 0.8612967738 2 0.8259114583 0.8844449220 2
0 0.8500321130 0.6897199582 0.0164579319 0.0535282630 0.8466145833 0.6814356627 2 0.8514142949 0.7099788652 2
0 0.7857247653 0.5608589810 0.0190727700 0.0608589810 0.7864583333 0.5434707007 2 0.7830350156 0.5791166754 2
0 0.4384732144 0.9188859339 0.0239045666 0.0761651907 0.4381510417 0.9193986292 2 0.4412760417 0.9450930737 2
0 0.4580643584 0.3861067640 0.0210289515 0.0678142932 0.4587979264 0.4078421144 2 0.4607541080 0.3626325856 2
0 0.3577722456 0.0844758841 0.0191215331 0.0479926587 0.3594031345 0.0719366016 2 0.3585743495 0.0972723812 2
0 0.4306474554 0.0737222089 0.0283180434 0.0332647274 0.4268599171 0.0680611061 2 0.4368354924 0.0838767019 2
0 0.1204096369 0.5904607771 0.0206670347 0.0377175286 0.1123255846 0.6038832613 2 0.1218062275 0.5832102756 2
0 0.4397251565 0.2126586681 0.0293427230 0.0565119110 0.4438802083 0.2207875146 2 0.4316406250 0.2036578850 2
0 0.3681285068 0.4139563406 0.0228881352 0.0452661849 0.3644531250 0.4265745516 2 0.3740885417 0.4062041812 2
0 0.3237592099 0.0709894133 0.0224960876 0.0565119110 0.3203980829 0.0531211963 2 0.3252885368 0.0905059990 2
0 0.2935005869 0.1396278908 0.0166275430 0.0460789428 0.2901041667 0.1277319590 2 0.2951822917 0.1497226998 2
0 0.1851770344 0.0596418014 0.0171165884 0.0512954269 0.1838541667 0.0545838109 2 0.1868489583 0.0726393664 2
0 0.1695275822 0.0309511389 0.0132042254 0.0443401148 0.1687500000 0.0219449220 2 0.1713541667 0.0443986257 2
0 0.1875660777 0.1140196276 0.0199384934 0.0503471123 0.1815119597 0.1321211212 2 0.1880396595 0.0951429965 2
0 0.2494865023 0.0735524257 0.0264084507 0.0339071466 0.2540364583 0.0684726998 2 0.2451822917 0.0779634405 2
0 0.2235872383 0.1175299496 0.0293830056 0.0659312329 0.2288194444 0.1091981676 2 0.2156250000 0.1252475503 2
0 0.1201339984 0.1704920883 0.0141823161 0.0591201530 0.1187500000 0.1705560331 2 0.1179687500 0.1925467738 2
0 0.1903120110 0.9212310902 0.0185837246 0.0460789428 0.1886718750 0.9293523294 2 0.1959635417 0.9122226998 2
0 0.6764231221 0.8025560772 0.0234741784 0.0452095288 0.6742187500 0.8089819590 2 0.6843750000 0.7994912183 2
0 0.6140698357 0.9707876891 0.0161384977 0.0391236307 0.6136718750 0.9631486257 2 0.6139322917 0.9816671442 2
0 0.3455839202 0.1535385150 0.0259194053 0.0634672231 0.3490885417 0.1462504775 2 0.3412760417 0.1700930701 2
0 0.4053668915 0.0724327410 0.0291024406 0.0435310069 0.3950520833 0.0636734762 2 0.4094618056 0.0781796491 2
0 0.7463329370 0.1660839583 0.0263611009 0.0331598526 0.7548611111 0.1599697725 2 0.7420138889 0.1720068096 2
0 0.7514915884 0.1300643366 0.0298317684 0.0339071466 0.7552083333 0.1312041812 2 0.7407552083 0.1270375146 2
0 0.7739876761 0.3209007129 0.0171165884 0.0695531212 0.7761718750 0.3099078885 2 0.7692708333 0.3395375181 2
0 0.7479113805 0.2752564771 0.0215179969 0.0530342549 0.7519531250 0.2673152924 2 0.7436197917 0.2932412183 2
0 0.7501997171 0.3213354199 0.0288536776 0.0634672231 0.7391253195 0.3452711982 2 0.7622106510 0.2957468340 2
0 0.7568516530 0.3496496714 0.0171554576 0.0659588732 0.7593750000 0.3506486257 2 0.7563615872 0.3721797408 2
0 0.6607736698 0.3395931142 0.0176056338 0.0582507390 0.6605468750 0.3251856627 2 0.6592447917 0.3543523294 2
0 0.8326890231 0.5214682443 0.0142141182 0.0603247689 0.8312500000 0.5154634405 2 0.8358072917 0.5374541812 2
0 0.7071778576 0.4543105346 0.0288536776 0.0825943314 0.7072329812 0.4765258216 2 0.7116343897 0.4313162928 2
0 0.6869375978 0.6165014780 0.0200508607 0.0399930447 0.6834635417 0.6052782553 2 0.6906250000 0.6256486257 2
0 0.7813233568 0.9299252304 0.0200508607 0.0478177708 0.7826822917 0.9244912183 2 0.7792968750 0.9455560331 2
0 0.5874168623 0.9846983133 0.0156494523 0.0252130064 0.5878906250 0.9798152924 2 0.5872395833 0.9962504775 2
0 0.6018437011 0.9846983133 0.0141823161 0.0286906625 0.5998697917 0.9802782553 2 0.6045572917 0.9913893664 2
0 0.2074285994 0.0231264128 0.0176056338 0.0408624587 0.2063802083 0.0360652924 2 0.2117187500 0.0117597368 2
0 0.2211183365 0.3518161707 0.0192678227 0.0656533219 0.2203893314 0.3351833625 2 0.2250188958 0.3698706283 2
0 0.0651655094 0.7230165048 0.0272883084 0.0304531104 0.0653741410 0.7236544402 2 0.0537985794 0.7263571537 2
0 0.2074155054 0.7276731388 0.0225702530 0.0564521228 0.2053385417 0.7136115887 2 0.2098958333 0.7402319590 2
0 0.1651095660 0.7262416287 0.0170833729 0.0569933553 0.1639499673 0.7133455041 2 0.1638121355 0.7416712017 2
0 0.0145818210 0.4289447525 0.0152727742 0.0380642522 0.0151264031 0.4198621662 2 0.0134155586 0.4386227100 2
0 0.1201339984 0.4695705095 0.0180946792 0.0399930447 0.1160156250 0.4638430701 2 0.1243489583 0.4795838109 2
0 0.1036290701 0.9228083480 0.0154056363 0.0561887704 0.1010416667 0.9163893664 2 0.1032344201 0.9417857827 2
0 0.0886520552 0.9084730678 0.0144508671 0.0507290514 0.0888020833 0.9094449220 2 0.0868489583 0.9272689961 2
0 0.0519121674 0.9577464789 0.0146713615 0.0512954269 0.0506510417 0.9558024243 2 0.0524739583 0.9733338109 2
0 0.1179897314 0.6532970569 0.0159623486 0.0516353636 0.1183593750 0.6457875146 2 0.1180989583 0.6712504775 2
0 0.1665933099 0.9268822813 0.0180946792 0.0591201530 0.1654947917 0.9284264035 2 0.1649739583 0.9518060331 2
0 0.1531233544 0.9510955647 0.0128357030 0.0472089750 0.1519531250 0.9434726998 2 0.1533806162 0.9654670999 2
0 0.1633260927 0.8549534488 0.0138230648 0.0313333793 0.1630208333 0.8522537231 2 0.1638888889 0.8630561923 2
0 0.1499406772 0.7075164550 0.0171667677 0.0394460555 0.1476562500 0.7268060331 2 0.1501302083 0.7052782553 2
0 0.1400827391 0.2552692520 0.0227808930 0.0739187857 0.1340717919 0.2339593114 2 0.1409184272 0.2739523561 2
0 0.1061962050 0.2674317510 0.0185837246 0.0773778473 0.1061197917 0.2478708514 2 0.1059895833 0.2844449255 2
0 0.1019262452 0.3929515148 0.0239632238 0.0695531212 0.1000489222 0.3702759396 2 0.0986166305 0.4137944581 2
0 0.3883753912 0.1704920883 0.0205399061 0.0695531212 0.3884114583 0.1714819626 2 0.3921657055 0.1474158363 2
0 0.3734595070 0.3130759868 0.0210289515 0.0556424970 0.3722656250 0.3085189961 2 0.3742187500 0.3335189961 2
0 0.3155076291 0.0174752217 0.0205399061 0.0330377326 0.3164961125 0.0298905115 2 0.3141968424 0.0054927008 2
0 0.3524305556 0.2196139802 0.0229851330 0.0634672231 0.3570764867 0.2035298209 2 0.3468065336 0.2330898974 2
0 0.6656641236 0.1565814641 0.0312989045 0.0521648409 0.6647135417 0.1541208479 2 0.6774739583 0.1719449220 2
0 0.6346097418 0.1522343940 0.0171165884 0.0521648409 0.6353433099 0.1365849417 2 0.6348542645 0.1670144323 2
0 0.8316950313 0.1174578334 0.0210289515 0.0347765606 0.8295572917 0.1173152924 2 0.8403645833 0.1131486257 2
0 0.0485518346 0.3218736531 0.0147973312 0.0454165812 0.0471396197 0.3159710686 2 0.0480136696 0.3354260516 2
0 0.0216410115 0.7867072984 0.0108583140 0.0361167355 0.0196614583 0.7758801072 2 0.0208333333 0.7932412183 2
0 0.1333382238 0.0335593810 0.0180946792 0.0547730829 0.1339843750 0.0268060331 2 0.1279947917 0.0520375146 2
0 0.7478237480 0.5795513824 0.0322769953 0.0739001913 0.7483072917 0.5939356663 2 0.7588541667 0.5659264070 2
0 0.1081506198 0.0690035812 0.0176021002 0.0395271795 0.1125673402 0.0667145618 2 0.1022643940 0.0798047605 2
0 0.0952753693 0.1104331692 0.0116409762 0.0360379647 0.0962239583 0.1011115887 2 0.0934154428 0.1209642777 2
0 0.0846905756 0.0830951239 0.0127399149 0.0391653424 0.0864494527 0.0796458222 2 0.0862155215 0.1000048065 2
0 0.1438526995 0.0815656086 0.0244522692 0.0278212485 0.1377604167 0.0816671442 2 0.1489583333 0.0822848742 2
0 0.6929997818 0.7743780172 0.0224960876 0.0469483568 0.6998564810 0.7733242672 2 0.6894923466 0.7873908941 2
0 0.7534477700 0.9373152495 0.0190727700 0.0539036689 0.7524739583 0.9314356627 2 0.7497395833 0.9525004775 2
0 0.7739876761 0.9838288993 0.0132042254 0.0286906625 0.7751576069 0.9822626020 2 0.7710329246 0.9972478485 2
0 0.7600730601 0.9873382519 0.0136932707 0.0253234962 0.7606715294 0.9867981342 2 0.7624944461 0.9988351712 2
0 0.8087098983 0.9147104851 0.0151604069 0.0521648409 0.8111979167 0.9126856627 2 0.8091145833 0.8985652924 2
0 0.8118886933 0.5604242740 0.0264084507 0.0512954269 0.8081872310 0.5823987133 2 0.8233170726 0.5408298557 2
0 0.8068484163 0.6064253214 0.0215179969 0.0434707007 0.8152343750 0.5946301072 2 0.8076193087 0.6152915386 2
0 0.8428006725 0.6215790066 0.0232699384 0.0449316178 0.8478675875 0.6152041663 2 0.8400926904 0.6300472015 2
0 0.8263155321 0.6212832551 0.0229851330 0.0443401148 0.8305989583 0.6099078850 2 0.8209635417 0.6300467738 2
0 0.7931384963 0.5163185096 0.0250974151 0.0517641276 0.7895833333 0.5007105133 2 0.7982638889 0.5266364392 2
0 0.8057809263 0.3729265983 0.0200614614 0.0750475162 0.8046875000 0.3710189996 2 0.8097583291 0.4045116534 2
0 0.8516879416 0.4114773204 0.0235830122 0.0455246285 0.8492820959 0.4103377235 2 0.8574031911 0.4175566289 2
0 0.7761883803 0.1144148844 0.0156494523 0.0582507390 0.7773437500 0.0974078850 2 0.7778645833 0.1335189961 2
0 0.7776555164 0.0474700052 0.0176056338 0.0547730829 0.7763020833 0.0448615887 2 0.7733072917 0.0680097368 2
0 0.8165346244 0.0726830117 0.0200508607 0.0547730829 0.8142188893 0.0612193431 2 0.8195446786 0.0902448626 2
0 0.8365854851 0.0544253173 0.0229851330 0.0426012867 0.8309895833 0.0455560331 2 0.8403645833 0.0640745516 2
0 0.8104215571 0.0209528778 0.0176056338 0.0417318727 0.8097222222 0.0115129824 2 0.8121527778 0.0278710071 2
0 0.8505232786 0.9738306381 0.0117370892 0.0417318727 0.8511718750 0.9666208479 2 0.8511718750 0.9902319590 2
0 0.8649501174 0.9720918101 0.0102699531 0.0382542167 0.8661458333 0.9650004775 2 0.8654947917 0.9832875146 2
0 0.8798660016 0.9594853069 0.0146713615 0.0460789428 0.8787760417 0.9515745516 2 0.8785156250 0.9733338109 2
0 0.7337028523 0.9525299948 0.0161384977 0.0443401148 0.7356248269 0.9443663132 2 0.7314363913 0.9642896423 2
0 0.7102418271 0.9362676262 0.0157985995 0.0415423322 0.7114583333 0.9395375146 2 0.7062089144 0.9219864105 2
0 0.7160357981 0.5260824204 0.0215179969 0.0399930447 0.7143156429 0.5232390040 2 0.7170478193 0.5403343707 2
0 0.8766586403 0.8017850388 0.0209718189 0.0401897960 0.8741046637 0.7948688385 2 0.8824233069 0.8103951024 2
0 0.9187451095 0.9755694662 0.0122261346 0.0452095288 0.9191406250 0.9770375146 2 0.9188802083 0.9934726998 2
0 0.9324383803 0.9381846635 0.0122261346 0.0399930447 0.9329427083 0.9302782553 2 0.9308593750 0.9511115887 2
0 0.9312157668 0.9833941923 0.0088028169 0.0295600765 0.9308593750 0.9805097368 2 0.9305989583 0.9913893664 2
0 0.9510221049 0.8925404278 0.0132042254 0.0443401148 0.9496093750 0.8923152924 2 0.9535156250 0.9043523294 2
0 0.9625146714 0.8938445488 0.0097809077 0.0365153886 0.9619791667 0.8883801072 2 0.9636718750 0.9052782553 2
0 0.9735181925 0.8938445488 0.0102699531 0.0486871848 0.9738281250 0.8881486257 2 0.9686197917 0.9094449220 2
0 0.9565503672 0.8469745900 0.0119286084 0.0262392165 0.9608072917 0.8395375146 2 0.9559313135 0.8553081282 2
0 0.9767112996 0.7600181423 0.0127438042 0.0470750605 0.9769531250 0.7552782553 2 0.9769531250 0.7744912183 2
0 0.9690955766 0.7126119010 0.0144813060 0.0301328184 0.9665364583 0.7027319590 2 0.9695312500 0.7233338109 2
0 0.9314790174 0.6353803259 0.0131667696 0.0412353519 0.9319010417 0.6231023294 2 0.9309320334 0.6484262227 2
0 0.8945373631 0.5873761085 0.0146713615 0.0495565989 0.8951822917 0.5744912183 2 0.8954427083 0.6011115887 2
0 0.8622603678 0.5082594331 0.0283646322 0.0339071466 0.8613281250 0.5094449220 2 0.8717447917 0.5006486257 2
0 0.8686903958 0.2649659823 0.0128600561 0.0481027175 0.8684895833 0.2515745516 2 0.8683593750 0.2751856627 2
0 0.8947818858 0.3304642671 0.0161384977 0.0504260129 0.8953125000 0.3189356627 2 0.8945312500 0.3437041812 2
0 0.8498282263 0.5636172347 0.0220840740 0.0281212717 0.8583333333 0.5603708479 2 0.8438802083 0.5626856627 2
0 0.9094970635 0.6435965396 0.0215179969 0.0286906625 0.9144079403 0.6418416637 2 0.9046830398 0.6395306040 2
0 0.9090507742 0.5269510806 0.0192459146 0.0365138810 0.9040798611 0.5200006367 2 0.9136284722 0.5363586614 2
0 0.8948847125 0.2834045951 0.0192784234 0.0397704144 0.8924985695 0.2745857207 2 0.9005398878 0.2928384662 2
0 0.9159561023 0.2494295243 0.0164290277 0.0326195073 0.9161997625 0.2420318727 2 0.9154904281 0.2581151020 2
0 0.9351281299 0.4608763693 0.0146713615 0.0434707007 0.9316406250 0.4499541812 2 0.9363281250 0.4682412183 2
0 0.9292719853 0.5211368557 0.0128357030 0.0336434381 0.9279679945 0.5165973797 2 0.9299356494 0.5284213660 2
0 0.8904328648 0.2387012327 0.0200821376 0.0414963702 0.8863281250 0.2247226998 2 0.8938802083 0.2506486257 2
0 0.8539643850 0.1131566033 0.0166631205 0.0555508170 0.8514322917 0.1041208479 2 0.8554100233 0.1257139046 2
0 0.9649815692 0.3962173074 0.0134939442 0.0351061962 0.9644179160 0.3935364869 2 0.9665136942 0.4058352037 2
0 0.9541352496 0.1560324147 0.0108902990 0.0418348839 0.9531455184 0.1550021817 2 0.9572901497 0.1697688397 2
0 0.9649139489 0.1606962440 0.0106670996 0.0395284645 0.9625821209 0.1534754953 2 0.9641725854 0.1680478157 2
0 0.9451852555 0.3105826022 0.0209655610 0.0419615876 0.9512390612 0.3011176785 2 0.9418448280 0.3126889609 2
0 0.9468652191 0.3748043818 0.0146713615 0.0486871848 0.9463541667 0.3612967738 2 0.9477864583 0.3802782553 2
0 0.0665580873 0.9750442999 0.0127151800 0.0339071466 0.0654130588 0.9757274408 2 0.0645667047 0.9866230347 2
0 0.0504450313 0.9038428099 0.0244522692 0.0269518345 0.0492187500 0.9045838109 2 0.0403645833 0.9027319590 2
0 0.0555354849 0.7721401556 0.0112395633 0.0413901377 0.0542968750 0.7624541812 2 0.0545020271 0.7841737187 2
0 0.0707881178 0.7861269164 0.0176642910 0.0319708158 0.0742092258 0.7999192265 2 0.0654578894 0.7818266266 2
0 0.1564975569 0.7827505333 0.0179385050 0.0428575701 0.1584534260 0.7946489290 2 0.1549375191 0.7732817685 2
0 0.1555897887 0.8855851156 0.0224960876 0.0234741784 0.1592447917 0.8883801072 2 0.1488281250 0.8867597368 2
0 0.2639133412 0.7008346375 0.0210289515 0.0434707007 0.2592674100 0.6877934272 2 0.2647135417 0.7131486257 2
0 0.2281430636 0.5336116463 0.0313102119 0.0492399914 0.2225890063 0.5278212485 2 0.2392165493 0.5478177708 2
0 0.1871434368 0.5464369065 0.0163682323 0.0441866282 0.1839843750 0.5358338109 2 0.1850260417 0.5578245516 2
0 0.1037513314 0.7036569664 0.0195611086 0.0360872148 0.0991090612 0.6950004009 2 0.1026803608 0.7126795274 2
0 0.1797436931 0.8341902770 0.0121006036 0.0365226113 0.1800053955 0.8252819387 2 0.1797411892 0.8464917456 2
0 0.2274810246 0.5937550733 0.0127183089 0.0472316374 0.2319010417 0.5974078850 2 0.2265181541 0.6059248684 2
0 0.1680160611 0.5977853841 0.0194181148 0.0427125388 0.1662116675 0.5914787139 2 0.1740014501 0.6138161260 2
0 0.2678257042 0.1331072857 0.0210289515 0.0799860894 0.2675781250 0.1448615922 2 0.2671875000 0.1099078885 2
0 0.2506221901 0.3414686363 0.0128452152 0.0606579605 0.2516927083 0.3356023294 2 0.2511010649 0.3671729594 2
0 0.2115854851 0.0809424448 0.0220070423 0.0625978091 0.2032621522 0.1014541831 2 0.2143456904 0.0557043874 2
0 0.4761159281 0.2957967602 0.0238840719 0.0495968030 0.4792968750 0.3011115887 2 0.4705729167 0.2842134405 2
0 0.5176920390 0.7197307561 0.0202116188 0.0553895790 0.5178755979 0.7160936894 2 0.5143477729 0.7367732131 2
0 0.7680308831 0.7833882795 0.0218305455 0.0486058060 0.7692959674 0.7770436013 2 0.7617706436 0.7977789739 2
0 0.7125375591 0.8400660384 0.0177554764 0.0367657057 0.7075520833 0.8460189961 2 0.7165364583 0.8321301072 2
0 0.6703100548 0.8512432620 0.0229851330 0.0452095288 0.6670528244 0.8580363463 2 0.6774208108 0.8377376671 2
0 0.7080418142 0.7974016582 0.0202522739 0.0476685130 0.7045572917 0.7941671442 2 0.7091894078 0.8151412861 2
0 0.7162803208 0.7647365676 0.0220070423 0.0443401148 0.7178385417 0.7608338109 2 0.7238281250 0.7823615887 2
0 0.7283661729 0.7522172570 0.0207483864 0.0572069396 0.7270092756 0.7402008846 2 0.7315291229 0.7709509639 2
0 0.6328245848 0.7078351792 0.0361893584 0.0399930447 0.6380208333 0.7106023294 2 0.6205721640 0.7107660167 2
0 0.6474616690 0.6330450670 0.0298317684 0.0452095288 0.6447285167 0.6380038126 2 0.6555358083 0.6222630719 2
0 0.6588174883 0.5217353504 0.0234741784 0.0591201530 0.6569010417 0.5173152924 2 0.6626302083 0.5443986257 2
0 0.9458871283 0.9720918101 0.0097809077 0.0295600765 0.9484375000 0.9712352046 2 0.9480902778 0.9875932293 2
0 0.9595448795 0.9677256830 0.0088738560 0.0330758467 0.9596755403 0.9602202132 2 0.9603857493 0.9755497896 2
0 0.9671598492 0.9597134766 0.0092933688 0.0351896353 0.9677083333 0.9499541812 2 0.9665211366 0.9679020591 2
0 0.8504670949 0.4684704243 0.0135809034 0.0474096990 0.8506507695 0.4587251949 2 0.8502673186 0.4819092180 2
0 0.9209458138 0.5521648409 0.0166275430 0.0330377326 0.9178385417 0.5580560331 2 0.9247305132 0.5487325688 2
0 0.9934489358 0.4850515385 0.0085540064 0.0264192669 0.9934895833 0.4816671442 2 0.9970472989 0.4942039152 2
0 0.6742224178 0.3448095983 0.0190727700 0.0565119110 0.6756510417 0.3376856627 2 0.6710326054 0.3650136115 2
0 0.7961261669 0.2728894598 0.0254303599 0.0686837072 0.7980468750 0.2779634440 2 0.7963541667 0.2483338144 2
0 0.9428141966 0.1092957458 0.0153721334 0.0358406657 0.9401384582 0.1059469542 2 0.9440305935 0.1216197700 2
0 0.7698307903 0.2409472894 0.0234741784 0.0773778473 0.7659184272 0.2157016171 2 0.7732466880 0.2620021325 2
0 0.7774109937 0.1922274387 0.0298317684 0.0765084333 0.7771531804 0.1799168961 2 0.7863283780 0.2211733424 2
0 0.8231367371 0.2596070249 0.0176056338 0.0669448792 0.8251302083 0.2388430701 2 0.8242187500 0.2712504775 2
0 0.8400088028 0.2656929230 0.0171165884 0.0669448792 0.8420054201 0.2742616188 2 0.8415364583 0.2446301072 2
0 0.8559027778 0.2400452095 0.0176056338 0.0695531212 0.8585937500 0.2330560366 2 0.8550781250 0.2575930737 2
0 0.8783988654 0.1774474005 0.0215179969 0.0643366371 0.8725303208 0.1583202921 2 0.8837783646 0.1983133368 2
0 0.8923366588 0.1613632412 0.0200508607 0.0478177708 0.8932291667 0.1626856627 2 0.8983072917 0.1504171442 2
0 0.8682162336 0.1224152445 0.0177802763 0.0429525547 0.8638888889 0.1132105133 2 0.8715277778 0.1372845873 2
0 0.8776732356 0.1164921040 0.0171324650 0.0610516119 0.8782468458 0.0889943517 2 0.8810714015 0.1345618289 2
0 0.5204526271 0.8452244546 0.0263314190 0.0507913678 0.5188802083 0.8402319590 2 0.5273437500 0.8601393664 2
0 0.5462628452 0.8765075287 0.0272960822 0.0553057875 0.5433593750 0.8851393664 2 0.5527343750 0.8684726998 2
0 0.5707963864 0.8665208262 0.0210289515 0.0625978091 0.5721354167 0.8860652924 2 0.5658854167 0.8596764035 2
0 0.4824237437 0.9327925455 0.0339298992 0.0299113445 0.4742187500 0.9318986257 2 0.4914758445 0.9333529179 2
0 0.4617177584 0.6057167887 0.0310141937 0.0432326212 0.4676007433 0.6130238219 2 0.4543965180 0.5956355416 2
0 0.4290424831 0.5290223465 0.0361893584 0.0365153886 0.4160156250 0.5344449220 2 0.4325520833 0.5247226998 2
0 0.2997948443 0.7542660003 0.0206665712 0.0461541409 0.2983072917 0.7455560331 2 0.3007020207 0.7669731281 2
0 0.2824970657 0.6391062424 0.0317879499 0.0747696053 0.2788292254 0.6347591723 2 0.2905663146 0.6634498348 2
0 0.1899084778 0.7658288631 0.0280989082 0.0654306916 0.1863281250 0.7784264035 2 0.1917968750 0.7619912183 2
0 0.2490488531 0.6734509475 0.0255331522 0.0521561225 0.2489371455 0.6725498003 2 0.2438384942 0.6953146652 2
0 0.2398593048 0.6363866852 0.0179130539 0.0489098151 0.2397135417 0.6224078850 2 0.2376302083 0.6501856627 2
0 0.1981981575 0.6252965691 0.0171165884 0.0408624587 0.1988281250 0.6152319590 2 0.1942708333 0.6347601464 2
0 0.2090265146 0.5996894640 0.0178671920 0.0412547692 0.2087239583 0.5913893664 2 0.2088541667 0.6062041812 2
0 0.0214540440 0.8327043473 0.0092575254 0.0260370955 0.0216145833 0.8228708479 2 0.0225260417 0.8390745516 2
0 0.0787706674 0.8402751510 0.0196398076 0.0288915342 0.0726346716 0.8339714888 2 0.0841181827 0.8470150744 2
0 0.1470576429 0.5038178834 0.0164579319 0.0631556412 0.1479166667 0.4946301072 2 0.1435960316 0.5212572230 2
0 0.1016417932 0.5477768129 0.0221900809 0.0433887849 0.1061962050 0.5573813250 2 0.0954372066 0.5339071466 2
0 0.1605992905 0.5431663028 0.0266818823 0.0463395610 0.1636718750 0.5406949220 2 0.1511718750 0.5515745516 2
0 0.3140404930 0.6417144844 0.0254303599 0.0747696053 0.3145833333 0.6437041848 2 0.3183708443 0.6679190610 2
0 0.5116077607 0.6606732380 0.0298317684 0.0565119110 0.5033010563 0.6530168666 2 0.5184614632 0.6747522170 2
0 0.2779242794 0.4787518733 0.0216642865 0.0590523086 0.2769531250 0.4656949220 2 0.2805989583 0.4930097368 2
0 0.2958387468 0.4294171509 0.0338042021 0.0364058324 0.3037760417 0.4309726998 2 0.2815783276 0.4293044520 2
0 0.2759480875 0.3056308567 0.0245585380 0.0720511413 0.2724500095 0.2923424399 2 0.2743102383 0.3341339848 2
0 0.0814994131 0.4530516432 0.0122261346 0.0417318727 0.0804687500 0.4413893664 2 0.0796875000 0.4626856627 2
0 0.0457991002 0.2413493306 0.0132042254 0.0443401148 0.0454427083 0.2300467738 2 0.0450520833 0.2531949220 2
0 0.1282368161 0.5394990366 0.0215851346 0.0470991222 0.1210937500 0.5209265627 2 0.1278645833 0.5369759454 2
0 0.1162216354 0.5104329682 0.0161384977 0.0330377326 0.1148437500 0.4971764035 2 0.1160156250 0.5193986257 2
0 0.1230908856 0.1166864169 0.0298317684 0.0391236307 0.1154880673 0.1105025213 2 0.1306484742 0.1270213876 2
0 0.0623595055 0.2577963320 0.0160565189 0.0431741954 0.0625000000 0.2494912183 2 0.0590950930 0.2688762993 2
0 0.0604704617 0.2135280821 0.0180946792 0.0478177708 0.0638020833 0.2089819590 2 0.0574218750 0.2316671442 2
0 0.0542552743 0.0801627362 0.0138975108 0.0432912899 0.0563879632 0.0765677299 2 0.0503111350 0.0901655309 2
0 0.0384266703 0.0927574295 0.0122261346 0.0365153886 0.0398144074 0.0839569707 2 0.0362987824 0.1029384522 2
0 0.1551837821 0.1704159518 0.0295088006 0.0381019436 0.1613281250 0.1737967738 2 0.1485677083 0.1652319590 2
0 0.1558445588 0.1102379280 0.0141618214 0.0464191701 0.1565104167 0.0943986257 2 0.1537760417 0.1150004775 2
0 0.1683049687 0.0718135976 0.0234741784 0.0495565989 0.1673177083 0.0714819590 2 0.1748697917 0.0867597368 2
0 0.1624364241 0.0139540949 0.0166275430 0.0279081899 0.1605833398 0.0014846149 2 0.1613587860 0.0259807612 2
0 0.4260288147 0.0303809723 0.0303146717 0.0327668133 0.4186962050 0.0279081899 2 0.4353237480 0.0270387759 2
0 0.4507286776 0.2787341332 0.0327660407 0.0547730829 0.4480468750 0.2677782553 2 0.4595052083 0.2835189961 2
0 0.4023131847 0.2152669101 0.0220070423 0.0669448792 0.4028327954 0.2020869451 2 0.4000984204 0.2331517599 2
0 0.4211414319 0.3113371588 0.0224960876 0.0556424970 0.4177181142 0.2922100504 2 0.4240757042 0.3295948531 2
0 0.6579881606 0.9130513115 0.0296402492 0.0314582133 0.6498697917 0.9112967738 2 0.6658854167 0.9131486257 2
0 0.6908499609 0.9221005043 0.0180946792 0.0495565989 0.6877604167 0.9073615887 2 0.6891927083 0.9270375146 2
0 0.8717967527 0.7547383064 0.0288536776 0.0365153886 0.8713541667 0.7531949220 2 0.8614583333 0.7622226998 2
0 0.8294943271 0.9347070075 0.0205399061 0.0556424970 0.8289062500 0.9365282553 2 0.8259114583 0.9548152924 2
0 0.8931320529 0.6742737303 0.0265321027 0.0494690394 0.8905716998 0.6693955792 2 0.9009239288 0.6862911352 2
0 0.4646664710 0.1783168145 0.0273865415 0.0747696053 0.4674479167 0.1904634440 2 0.4691406250 0.1626856663 2
0 0.8034727669 0.7835788501 0.0144670518 0.0368151510 0.8058593750 0.7809726998 2 0.7993489583 0.7971764035 2
0 0.8223900737 0.7891950174 0.0217219589 0.0522359186 0.8193305032 0.7774945073 2 0.8280161666 0.8045568786 2
0 0.8843396659 0.8483707964 0.0138377825 0.0394645975 0.8858072917 0.8367597368 2 0.8837420008 0.8589263838 2
0 0.8778720109 0.8930992650 0.0233985601 0.0278312995 0.8799479167 0.8969449220 2 0.8688802083 0.8913893664 2
0 0.9208330931 0.8295398237 0.0101321440 0.0379159995 0.9201612354 0.8203614816 2 0.9197312224 0.8415055178 2
0 0.9356076346 0.7540993122 0.0126960987 0.0439315404 0.9341431580 0.7508838832 2 0.9342727131 0.7674992942 2
0 0.8902383413 0.7196810404 0.0148761348 0.0429092900 0.8919270833 0.7335189961 2 0.8907552083 0.7110652924 2
0 0.8745193565 0.6590507441 0.0166932513 0.0470523981 0.8736979167 0.6522689961 2 0.8744791667 0.6712504775 2
0 0.8739797262 0.6979724730 0.0148104265 0.0360075437 0.8769531250 0.6879171442 2 0.8737167783 0.7031515096 2
0 0.8352360167 0.5810532574 0.0251766500 0.0282167565 0.8378906250 0.5844449220 2 0.8282552083 0.5807412183 2
0 0.9225250132 0.5988093148 0.0125065824 0.0231115792 0.9261718750 0.5992597368 2 0.9207031250 0.6018060331 2
0 0.9060737458 0.4592481026 0.0234741784 0.0347765606 0.9014322917 0.4538893664 2 0.9105468750 0.4612967738 2
0 0.9551902317 0.4848604529 0.0139876251 0.0298402668 0.9543402778 0.4749389083 2 0.9546875000 0.4919142170 2
0 0.9194779244 0.3085388612 0.0166260365 0.0396129336 0.9174479167 0.2999541812 2 0.9223958333 0.3196301072 2
0 0.8570586069 0.3384691579 0.0218734735 0.0716522786 0.8634084524 0.3182346852 2 0.8575846401 0.3525286173 2
0 0.8309105799 0.3810913005 0.0234741784 0.0695531212 0.8329786902 0.3710669146 2 0.8277181729 0.4027931724 2
0 0.8287384975 0.3465074684 0.0160939747 0.0478996867 0.8290052817 0.3295948531 2 0.8275381455 0.3608937576 2
0 0.7594131342 0.0845650869 0.0138487476 0.0570913528 0.7630208333 0.1020375146 2 0.7588541667 0.0747226998 2
0 0.8121332160 0.2296122413 0.0210289515 0.0712919492 0.8121093750 0.2288893700 2 0.8128621249 0.2542152232 2
0 0.8005901195 0.1511305398 0.0323780553 0.0717608297 0.7933281039 0.1320890125 2 0.8001527909 0.1599798488 2
0 0.7967282864 0.0861589289 0.0322769953 0.0799860894 0.7923177083 0.0673152959 2 0.8028645833 0.1015745551 2
0 0.2536239535 0.9810615997 0.0170777192 0.0324864336 0.2545572917 0.9696301072 2 0.2510539134 0.9961781164 2
0 0.2288098473 0.9493179372 0.0193392007 0.0574883684 0.2268067476 0.9503013711 2 0.2297073010 0.9738319500 2
0 0.2824970657 0.9760041732 0.0171165884 0.0408624587 0.2805989583 0.9719449220 2 0.2792968750 0.9902319590 2
0 0.3010807903 0.9529647018 0.0171165884 0.0591201530 0.2998697917 0.9562041812 2 0.2978138828 0.9782155014 2
0 0.3212814742 0.8781950965 0.0347222222 0.0417318727 0.3220052083 0.8781949220 2 0.3089843750 0.8689356627 2
0 0.3349723539 0.9872718097 0.0157780411 0.0236045287 0.3398814489 0.9955182572 2 0.3304357774 0.9805285161 2
0 0.3604440045 0.9412023749 0.0174940341 0.0443905902 0.3603453051 0.9386474106 2 0.3565687214 0.9548563175 2
0 0.3548860385 0.9866867065 0.0220275543 0.0247747352 0.3577517386 0.9874617234 2 0.3499608883 0.9964387722 2
0 0.3830717300 0.9830228372 0.0132801109 0.0285639588 0.3838703642 0.9768943858 2 0.3851109932 0.9965177618 2
0 0.3504000322 0.9018974446 0.0296830847 0.0430143614 0.3522708193 0.8999078955 2 0.3429932422 0.9149393985 2
0 0.3475513428 0.8592003575 0.0260005266 0.0292953379 0.3509114583 0.8534264035 2 0.3404489931 0.8653614395 2
0 0.3649124539 0.8201246270 0.0195826751 0.0529518460 0.3651041667 0.8131486257 2 0.3669270833 0.8325930701 2
0 0.3800620253 0.8857628098 0.0195626265 0.0631118347 0.3789161186 0.8753565033 2 0.3780040592 0.9073390390 2
0 0.4114892954 0.9148732660 0.0192661105 0.0435140119 0.4093750000 0.9075930701 2 0.4181348507 0.9312490782 2
0 0.2141939627 0.7878398630 0.0244861914 0.0613715835 0.2160156250 0.8034264035 2 0.2089655487 0.7664549779 2
0 0.2086837216 0.9200902984 0.0254303599 0.0391236307 0.2105470570 0.9154670417 2 0.2026219481 0.9330818898 2
0 0.2431108912 0.8629393933 0.0168897336 0.0410519206 0.2412760417 0.8552782553 2 0.2415695736 0.8771010701 2
0 0.2693366502 0.9266646093 0.0229709860 0.0498361520 0.2720052083 0.9133801072 2 0.2654323004 0.9416833465 2
0 0.2910553599 0.9051469310 0.0215179969 0.0469483568 0.2923177083 0.8997226998 2 0.2856770833 0.9237967738 2
0 0.2666476994 0.8610818559 0.0188043905 0.0561699140 0.2683856179 0.8762519434 2 0.2615490913 0.8442330172 2
0 0.4556191315 0.9855829421 0.0210289515 0.0269822640 0.4633120010 0.9919381412 2 0.4491170718 0.9789275357 2
0 0.4914971580 0.9907672146 0.0236077967 0.0165528600 0.4889756570 0.9907011563 2 0.4927845871 0.9971411375 2
0 0.5179123881 0.9863789401 0.0214751185 0.0253294090 0.5141927083 0.9798152924 2 0.5204427083 0.9967134405 2
0 0.5610084116 0.9841965157 0.0312989045 0.0316069686 0.5649739583 0.9924495427 2 0.5529947917 0.9836532464 2
0 0.3283576442 0.8016923288 0.0208543090 0.0602625466 0.3238820578 0.7875369156 2 0.3310619627 0.8185201766 2
0 0.1218460106 0.7276776695 0.0197151721 0.0560983111 0.1199652778 0.7218524886 2 0.1246527778 0.7422228589 2
0 0.1265965353 0.7894751654 0.0178847854 0.0557219001 0.1247698163 0.7782458553 2 0.1265241725 0.8059396396 2
0 0.1349060665 0.8278889422 0.0212572198 0.0412177626 0.1361111111 0.8270994022 2 0.1298611111 0.8311117478 2
0 0.1013591080 0.7797319491 0.0143257789 0.0451557558 0.1018229167 0.7691671442 2 0.0998697917 0.7962504775 2
0 0.0658651552 0.6948560341 0.0166720660 0.0396749296 0.0634114583 0.6835189961 2 0.0662760417 0.7020375146 2
0 0.1416796345 0.5991981819 0.0153176663 0.0431050112 0.1428385417 0.6096764035 2 0.1438802083 0.5830560331 2
0 0.3971409503 0.3164969867 0.0214434812 0.0313030250 0.3921006944 0.3076549577 2 0.4000868056 0.3224697725 2
0 0.4065650902 0.2690558074 0.0208613942 0.0507070618 0.4071294838 0.2809970279 2 0.4127482164 0.2516879655 2
0 0.3287118545 0.5373848026 0.0283646322 0.0573813250 0.3264322917 0.5316671442 2 0.3355468750 0.5557412183 2
0 0.3987411039 0.4155052703 0.0305123330 0.0403161853 0.3937529731 0.4198444492 2 0.4109181129 0.4095689926 2
0 0.4123963850 0.5027045575 0.0314144444 0.0415392419 0.4139322917 0.4994912183 2 0.4029947917 0.5198615887 2
0 0.0388058218 0.6253122101 0.0099766672 0.0385356455 0.0385327702 0.6187371233 2 0.0373010373 0.6363623972 2
0 0.1044036275 0.5047099122 0.0182565165 0.0396060801 0.0997885190 0.4945616070 2 0.1067155858 0.5143067934 2
0 0.0593157583 0.4812885416 0.0133129279 0.0478558849 0.0613281250 0.4689356627 2 0.0575628895 0.4960474659 2
0 0.0812729116 0.2138087571 0.0127512223 0.0472564208 0.0811390018 0.2074345711 2 0.0780826451 0.2259458862 2
0 0.2387059492 0.2707076327 0.0460133755 0.0508918781 0.2431133521 0.2691118599 2 0.2204400334 0.2799649280 2
0 0.2713412480 0.2180992901 0.0378409466 0.0586990149 0.2664736786 0.2088641499 2 0.2807273382 0.2272432414 2
0 0.2382479693 0.1724704173 0.0367908307 0.0317779063 0.2343331289 0.1678693904 2 0.2497583190 0.1689729818 2
0 0.4646664710 0.1239784385 0.0215179969 0.0756390193 0.4592071911 0.0965211651 2 0.4648224579 0.1567820556 2
0 0.4820986792 0.1256518152 0.0192149640 0.0448499413 0.4845052083 0.1182412183 2 0.4796490192 0.1408286079 2
0 0.2996136541 0.3743696748 0.0308098592 0.0739001913 0.2945312500 0.3550467774 2 0.3055989583 0.3941671477 2
0 0.3005917449 0.3126412798 0.0229851330 0.0565119110 0.2978213028 0.3028125647 2 0.3055035945 0.3311200035 2
0 0.4066261036 0.4552712647 0.0360434747 0.0432146960 0.4091881573 0.4444971562 2 0.3972916387 0.4665853051 2
0 0.6099129499 0.8960180838 0.0342331768 0.0391236307 0.6139322917 0.8950930701 2 0.6006510417 0.9087504775 2
0 0.5969790423 0.9313291079 0.0396642661 0.0293605636 0.5837010708 0.9321709585 2 0.6029137484 0.9330643585 2
0 0.6084458138 0.6786645801 0.0215179969 0.0704225352 0.6082031250 0.6680097403 2 0.6066406250 0.7025004811 2
0 0.6375440141 0.5769431403 0.0396126761 0.0512954269 0.6260514476 0.5869414015 2 0.6480584898 0.5634672231 2
0 0.6362797046 0.3191133887 0.0166586384 0.0468513644 0.6347222222 0.3166055750 2 0.6380208333 0.3027166861 2
0 0.5972864624 0.0820900210 0.0281872473 0.0585638286 0.6035553599 0.0957224830 2 0.5883949531 0.0626847505 2
0 0.7997823465 0.4122688389 0.0193222396 0.0453688376 0.8001302083 0.4066671442 2 0.8029947917 0.4279634405 2
0 0.8715113217 0.2100081914 0.0144813060 0.0421274355 0.8699161107 0.2060101219 2 0.8741505648 0.2229691717 2
0 0.9299645871 0.1915954654 0.0161956302 0.0543785503 0.9272135417 0.1786578850 2 0.9313802083 0.2011115887 2
0 0.8790599954 0.3114092749 0.0153052830 0.0401372770 0.8791666667 0.3020375146 2 0.8827835451 0.3245604377 2
0 0.8706885203 0.3851003452 0.0128357030 0.0471008133 0.8718097700 0.3924915278 2 0.8736753806 0.3697765676 2
0 0.8887684650 0.4174694926 0.0248876044 0.0392492685 0.8814869969 0.4213997774 2 0.8959318283 0.4177051918 2
0 0.9811393622 0.2476675188 0.0194798829 0.0326328988 0.9845052083 0.2462504775 2 0.9772887948 0.2506859195 2
0 0.0457736585 0.1535963085 0.0141823161 0.0347765606 0.0464843750 0.1462504775 2 0.0420572917 0.1645375146 2
0 0.1022838419 0.1591897061 0.0146713615 0.0573813250 0.1047290689 0.1391931838 2 0.1003276604 0.1774474005 2
0 0.1194004304 0.3004694836 0.0185837246 0.0739001913 0.1181505753 0.2814999629 2 0.1159075799 0.3224140835 2
0 0.2284162082 0.2322800357 0.0362720438 0.0592392577 0.2321564828 0.2229314311 2 0.2165376736 0.2451857132 2
0 0.2014045916 0.5532789064 0.0153385260 0.0439600037 0.2031250000 0.5636115887 2 0.2003906250 0.5423152924 2
0 0.1398996020 0.9863789401 0.0136118018 0.0253294090 0.1408854167 0.9808031059 2 0.1414062500 0.9925315009 2
0 0.1278633491 0.9755792522 0.0095444971 0.0364958165 0.1278748551 0.9653814452 2 0.1282228833 0.9867284068 2
0 0.4746256717 0.8913202608 0.0277431274 0.0401609528 0.4802865628 0.8871929886 2 0.4662645279 0.9052885872 2
0 0.4766480829 0.8408102939 0.0268974961 0.0556424970 0.4705350156 0.8373326378 2 0.4842282864 0.8521126761 2
0 0.4976770344 0.8590679882 0.0210289515 0.0469483568 0.4930311033 0.8512432620 2 0.5047681925 0.8808033385 2
0 0.3599922170 0.5931694550 0.0342331768 0.0356459746 0.3658854167 0.5913893664 2 0.3479166667 0.5974078850 2
0 0.3506764239 0.5511373048 0.0253454144 0.0309826603 0.3593293148 0.5599791784 2 0.3434523424 0.5430765618 2
0 0.3707450225 0.5123456790 0.0289017341 0.0246913580 0.3774739583 0.5140745516 2 0.3602864583 0.5131486257 2
0 0.3709750576 0.4683347355 0.0201293059 0.0549097769 0.3679687500 0.4633801072 2 0.3661458333 0.4881486257 2
0 0.3389178955 0.4737434907 0.0223682637 0.0374466093 0.3372395833 0.4601393664 2 0.3364437038 0.4856251067 2
0 0.3514524648 0.4039297513 0.0298317684 0.0669448792 0.3516927083 0.3987967738 2 0.3446081674 0.4216649447 2
0 0.3252885368 0.4008868023 0.0264084507 0.0539036689 0.3274931071 0.3967996402 2 0.3164711476 0.4176546749 2
0 0.3255330595 0.3322030951 0.0288536776 0.0278212485 0.3254038686 0.3332684879 2 0.3144773761 0.3412381671 2
0 0.6403844175 0.9624788106 0.0176056338 0.0399930447 0.6416666667 0.9536578850 2 0.6415364583 0.9710189961 2
0 0.6553941706 0.9925382542 0.0273865415 0.0130716397 0.6636718750 0.9955560331 2 0.6472656250 0.9955560331 2
0 0.7046038987 0.8995523960 0.0211502857 0.0418348839 0.7079427083 0.8948615887 2 0.7000000000 0.9177782553 2
0 0.7462572521 0.8128792814 0.0204528471 0.0451898423 0.7467447917 0.8075930701 2 0.7462239583 0.8256486257 2
0 0.7338859546 0.4082768214 0.0317879499 0.0808555034 0.7415801286 0.4266815953 2 0.7315296728 0.3983765542 2
0 0.9412411972 0.9360111285 0.0092918623 0.0443401148 0.9408676493 0.9337353514 2 0.9407367015 0.9522316157 2
0 0.7463820536 0.2140406846 0.0185837246 0.0565119110 0.7464843750 0.2108338109 2 0.7459635417 0.2309726998 2
0 0.8622375959 0.5897402141 0.0175600900 0.0307179217 0.8660590278 0.5808031059 2 0.8624131944 0.5953092787 2
0 0.7940034229 0.6391814405 0.0232030016 0.0336434381 0.7924479167 0.6304944639 2 0.7912326389 0.6459265627 2
0 0.7722254323 0.8553425903 0.0225972575 0.0325422490 0.7690104167 0.8589819590 2 0.7761718750 0.8481023294 2
0 0.7951553449 0.8318266924 0.0187598736 0.0374466093 0.7899739583 0.8376856627 2 0.7975260417 0.8214819590 2
0 0.8478335290 0.8799339245 0.0239632238 0.0365153886 0.8539465962 0.8851504086 2 0.8431875978 0.8799339245 2
0 0.8636868679 0.8386033392 0.0204586341 0.0390567913 0.8604166667 0.8293523294 2 0.8660156250 0.8453245516 2
0 0.8407074308 0.7801217963 0.0218242876 0.0343676064 0.8477311253 0.7734094972 2 0.8370558549 0.7843260685 2
0 0.8470789273 0.7339254208 0.0312568374 0.0331438340 0.8544270833 0.7339819590 2 0.8433593750 0.7356023294 2
0 0.7499456538 0.6573129277 0.0335865345 0.0400950626 0.7443494749 0.6613845264 2 0.7579520213 0.6576337416 2
0 0.7120174281 0.7069205356 0.0347222222 0.0504260129 0.7177469660 0.7032524454 2 0.7036897188 0.7241589013 2
0 0.7649158263 0.7419438078 0.0204908857 0.0238501691 0.7598958333 0.7457875146 2 0.7701822917 0.7390745516 2
0 0.7642180095 0.7180241063 0.0179370721 0.0245743374 0.7707031250 0.7126856627 2 0.7622395833 0.7244912183 2
0 0.7732855567 0.6936850892 0.0278508519 0.0291716042 0.7695312500 0.6964819590 2 0.7834696124 0.6934261373 2
0 0.0607538536 0.1189966460 0.0116409762 0.0495968030 0.0593392511 0.1159429197 2 0.0590558381 0.1410792602 2
0 0.0582450225 0.4256761579 0.0170600514 0.0267608649 0.0609683055 0.4252998012 2 0.0525046043 0.4302659547 2
0 0.0379736673 0.4231784771 0.0118416827 0.0317562264 0.0407552083 0.4145375146 2 0.0366212933 0.4333553956 2
0 0.0566393706 0.6085420681 0.0152536930 0.0413901377 0.0559895833 0.5990282553 2 0.0566406250 0.6196301072 2
0 0.1917148362 0.8563476772 0.0158558125 0.0335402840 0.1884114583 0.8557412183 2 0.1944686263 0.8665962768 2
0 0.2411889852 0.8952401342 0.0210741811 0.0285449226 0.2349490228 0.8923744983 2 0.2488202166 0.9019212299 2
0 0.2797246307 0.8292300007 0.0264932563 0.0285449226 0.2823385046 0.8282583295 2 0.2732008786 0.8344747066 2
0 0.4591880957 0.0565690018 0.0399405909 0.0356811532 0.4470608372 0.0496435403 2 0.4749364241 0.0600765084 2
0 0.2635677585 0.3339755941 0.0178628773 0.0549489760 0.2618287468 0.3282385581 2 0.2615947100 0.3548066001 2
0 0.9171684329 0.6938200243 0.0162572254 0.0356811532 0.9188802083 0.6862967738 2 0.9162760417 0.7025004775 2
0 0.8388929030 0.5048883180 0.0166586384 0.0524512952 0.8428385417 0.5163893664 2 0.8397135417 0.4902319590 2
0 0.8602681439 0.4761649897 0.0144508671 0.0321130379 0.8591784622 0.4714417852 2 0.8621442303 0.4871109289 2
0 0.8898723507 0.5082780275 0.0178628773 0.0392492685 0.8950520833 0.5075930701 2 0.8881510417 0.5205560331 2
0 0.8888688182 0.4761649897 0.0154543995 0.0292585456 0.8876302083 0.4862967738 2 0.8944010417 0.4733338109 2
0 0.8768264290 0.4622493399 0.0186657033 0.0349675302 0.8822916667 0.4525004775 2 0.8764322917 0.4696301072 2
0 0.8962949583 0.3842860201 0.0234826590 0.0328266610 0.8930989583 0.3802782553 2 0.9053385417 0.3941671442 2
0 0.8555515414 0.1637764933 0.0182642903 0.0581602797 0.8563802083 0.1557412183 2 0.8555686642 0.1776394486 2
0 0.1159327278 0.3675472471 0.0169497104 0.0462231584 0.1188802083 0.3571301072 2 0.1162760417 0.3798152924 2
0 0.0786598210 0.2873880990 0.0108609795 0.0348136446 0.0796875000 0.2770375146 2 0.0777343750 0.2974078850 2
0 0.0691153239 0.3192762273 0.0085571353 0.0272073021 0.0680989583 0.3115282553 2 0.0680989583 0.3298152924 2
0 0.0441021590 0.3634515242 0.0108609795 0.0292551635 0.0441406250 0.3543523294 2 0.0440372099 0.3727934586 2
0 0.0858181938 0.4866157627 0.0093799368 0.0280849570 0.0851275478 0.4757842974 2 0.0856338295 0.4960519819 2
0 0.0710077672 0.4864694869 0.0113546603 0.0242817857 0.0710937500 0.4784264035 2 0.0686197917 0.4906949220 2
0 0.0388362296 0.5022672752 0.0213928383 0.0277924054 0.0341145833 0.4992597368 2 0.0427083333 0.5034264035 2
0 0.0501086098 0.5723333918 0.0126711427 0.0245743374 0.0496093750 0.5638430701 2 0.0502604167 0.5788893664 2
0 0.2391061085 0.6002720730 0.0184307530 0.0245743374 0.2350509076 0.5942551375 2 0.2456275522 0.6022563816 2
0 0.6751908899 0.6290884091 0.0166205898 0.0336434381 0.6784739396 0.6385321523 2 0.6696234755 0.6212684808 2
0 0.9010498947 0.8811216430 0.0172788310 0.0266221988 0.9045572917 0.8758801072 2 0.8977864583 0.8862967738 2
0 0.9185755661 0.7731700895 0.0187598736 0.0225264759 0.9141493056 0.7724697725 2 0.9249131944 0.7752475503 2
0 0.9055753028 0.8224650401 0.0157977883 0.0204786145 0.9010488662 0.8235024044 2 0.9122467828 0.8209535072 2
0 0.9388164824 0.6725323270 0.0095444971 0.0301328184 0.9389322917 0.6712504775 2 0.9380208333 0.6816671442 2
0 0.8696188784 0.5672137382 0.0133293839 0.0348136446 0.8717447917 0.5779634405 2 0.8701822917 0.5601393664 2
0 0.8850875461 0.5676525657 0.0083925750 0.0406646773 0.8863715278 0.5554944639 2 0.8844618056 0.5795685380 2
0 0.9184932859 0.3622813177 0.0090508162 0.0327657832 0.9195312500 0.3529634405 2 0.9184895833 0.3717134405 2
0 0.9511585045 0.4535574279 0.0092153765 0.0280849570 0.9523437500 0.4460189961 2 0.9528645833 0.4617597368 2
0 0.9770767509 0.4417090867 0.0106964192 0.0260370955 0.9760416667 0.4332875146 2 0.9756510417 0.4487967738 2
0 0.9075500263 0.2095693640 0.0217219589 0.0260370955 0.9053385417 0.2066671442 2 0.9122675703 0.2199145776 2
