0 0.3323796948 0.7942966441 0.0220070423 0.0373848026 0.3268229167 0.7802782553 2 0.3389322917 0.8071301072 2
0 0.3878863459 0.6734480960 0.0234741784 0.0617283951 0.3875000000 0.6608338109 2 0.3876302083 0.6895375146 2
0 0.4463272692 0.6695357329 0.0200508607 0.0521648409 0.4472656250 0.6529634405 2 0.4430989583 0.6876856627 2
0 0.6133362676 0.6730133890 0.0156494523 0.0591201530 0.6130208333 0.6599078850 2 0.6143143584 0.6912710833 2
0 0.5314211659 0.8025560772 0.0171165884 0.0486871848 0.5311197917 0.7879171442 2 0.5304687500 0.8228708479 2
0 0.4497505869 0.7190923318 0.0249413146 0.0417318727 0.4571614583 0.7073615887 2 0.4423177083 0.7251856627 2
0 0.4301887715 0.7399582681 0.0200508607 0.0643366371 0.4287760417 0.7219449220 2 0.4365885417 0.7647689961 2
0 0.3941955260 0.7288146922 0.0294395427 0.0420494852 0.3850260417 0.7388430701 2 0.4042968750 0.7187041812 2
0 0.3930213224 0.8051643192 0.0210289515 0.0504260129 0.3899739583 0.7872226998 2 0.3940104167 0.8207875146 2
0 0.4228530908 0.8312467397 0.0249413146 0.0521648409 0.4299479167 0.8187041812 2 0.4165364583 0.8443986257 2
0 0.4487724961 0.8382020518 0.0268974961 0.0399930447 0.4473958333 0.8376856627 2 0.4569010417 0.8279634405 2
0 0.3805026526 0.8859315753 0.0214219719 0.0662519599 0.3795725743 0.8668927143 2 0.3800616197 0.9068857590 2
0 0.4079041488 0.9049579360 0.0257808774 0.0629757989 0.4058593750 0.9015745516 2 0.4167968750 0.9286578850 2
0 0.4701034279 0.8850285787 0.0304357289 0.0506696727 0.4725260417 0.8807412183 2 0.4566406250 0.9029634405 2
0 0.5477939541 0.8591345935 0.0185632602 0.0609921917 0.5485677083 0.8837504775 2 0.5493489583 0.8441671442 2
0 0.5676616851 0.8400914415 0.0230874547 0.0646377603 0.5705729167 0.8587504775 2 0.5626302083 0.8214819590 2
0 0.4691909279 0.5536101951 0.0207860030 0.0718788970 0.4700459703 0.5365153886 2 0.4744473787 0.5825943314 2
0 0.4656445618 0.4578334203 0.0205399061 0.0530342549 0.4676007433 0.4417492610 2 0.4641774257 0.4713093375 2
0 0.6449303310 0.2693715144 0.0230864053 0.0743020620 0.6490365806 0.2774300122 2 0.6421899452 0.2400452095 2
0 0.6720217136 0.2717788211 0.0176056338 0.0634672231 0.6721354167 0.2631486257 2 0.6733072917 0.2904634405 2
0 0.4045138889 0.3682837767 0.0264084507 0.0426012867 0.4014322917 0.3638430701 2 0.4145833333 0.3781949220 2
0 0.2976574726 0.3730655538 0.0259194053 0.0678142932 0.2963541667 0.3585189961 2 0.3037760417 0.3902319590 2
0 0.3230878326 0.4026256303 0.0249413146 0.0399930447 0.3292968750 0.3960189961 2 0.3190104167 0.4066671442 2
0 0.7606724710 0.7443458238 0.0276536274 0.0416509015 0.7605281647 0.7466626486 2 0.7513047038 0.7552976342 2
0 0.7610056725 0.4106466276 0.0214733951 0.0691605789 0.7603652160 0.3900884604 2 0.7630244213 0.4328089500 2
0 0.3144468529 0.6476129308 0.0168593449 0.0542353529 0.3130208333 0.6455560331 2 0.3173177083 0.6666208479 2
0 0.3424051252 0.5947661276 0.0293427230 0.0399930447 0.3516969875 0.5999826117 2 0.3355584898 0.5999826117 2
0 0.4286230489 0.5341237463 0.0290508505 0.0395598453 0.4207031250 0.5330560331 2 0.4350219623 0.5396113995 2
0 0.3971782081 0.5873761085 0.0303208138 0.0356459746 0.4048177083 0.5846764035 2 0.3873697917 0.5955560331 2
0 0.4272544992 0.6117197009 0.0239632238 0.0530342549 0.4314113850 0.6034602678 2 0.4206523865 0.6225873761 2
0 0.4539074726 0.5969396627 0.0224960876 0.0304294905 0.4592869718 0.6043296818 2 0.4455937011 0.5904190576 2
0 0.3037705399 0.8116849244 0.0244522692 0.0426012867 0.3011718750 0.8022689961 2 0.3092447917 0.8210189961 2
0 0.2976574726 0.7556077204 0.0229851330 0.0365153886 0.2910553599 0.7477829943 2 0.3042595853 0.7660406886 2
0 0.2470412754 0.7643018605 0.0166275430 0.0469483568 0.2451822917 0.7564356627 2 0.2467447917 0.7830560331 2
0 0.2648914319 0.7525647713 0.0210289515 0.0356459746 0.2566406250 0.7497226998 2 0.2714843750 0.7582875146 2
0 0.5121587072 0.6607514797 0.0245619371 0.0540838951 0.5083329447 0.6469126857 2 0.5189758487 0.6735387996 2
0 0.7135905712 0.5825943314 0.0166275430 0.0573813250 0.7178385417 0.5654634405 2 0.7157552083 0.6006486257 2
0 0.6656641236 0.7425665102 0.0176056338 0.0539036689 0.6657552083 0.7312041812 2 0.6667968750 0.7578245516 2
0 0.8029906385 0.7421312435 0.0291522472 0.0478188902 0.8140625000 0.7325930701 2 0.7976562500 0.7511115887 2
0 0.3793687180 0.2765003362 0.0181760118 0.0522853648 0.3811342557 0.2662969330 2 0.3799189779 0.2990129824 2
0 0.2490396975 0.6727525648 0.0235586594 0.0492088332 0.2516927083 0.6677782553 2 0.2412264546 0.6878384084 2
0 0.2226268154 0.6354029407 0.0186593429 0.0447582376 0.2186766432 0.6269344462 2 0.2250342332 0.6512780386 2
0 0.2380807781 0.2698556623 0.0348959068 0.0429699481 0.2456256962 0.2668032376 2 0.2242281606 0.2776719488 2
0 0.0458576072 0.1885589220 0.0142993302 0.0480763562 0.0500587204 0.1810335813 2 0.0439474149 0.2040388772 2
0 0.6204274257 0.7682142236 0.0347222222 0.0512954269 0.6160156250 0.7724078850 2 0.6321614583 0.7594449220 2
0 0.7945275822 0.4595722483 0.0308098592 0.0512954269 0.7889322917 0.4536578850 2 0.8075520833 0.4654634405 2
0 0.6796019171 0.2191792732 0.0347222222 0.0678142932 0.6774739583 0.2064356627 2 0.6894531250 0.2337504775 2
0 0.2702709311 0.5026082420 0.0308098592 0.0382542167 0.2641927083 0.4992597368 2 0.2787760417 0.5108338109 2
0 0.2047388498 0.2422187446 0.0268974961 0.0634672231 0.2132812500 0.2251856627 2 0.2016927083 0.2487967738 2
0 0.6976965962 0.2926447574 0.0298317684 0.0582507390 0.6938802083 0.3020375146 2 0.7097656250 0.2742597368 2
0 0.7282619327 0.2574334898 0.0254303599 0.0660754651 0.7243489583 0.2721764035 2 0.7339843750 0.2353708479 2
0 0.0338174883 0.2700399930 0.0146713615 0.0565119110 0.0313802083 0.2474078850 2 0.0356770833 0.2867597368 2
0 0.5348444836 0.7173535037 0.0190727700 0.0504260129 0.5347656250 0.7224078850 2 0.5375000000 0.6997226998 2
0 0.5553843897 0.6899669623 0.0190727700 0.0321683186 0.5496093750 0.6955560331 2 0.5601562500 0.6909264035 2
0 0.5809189898 0.6871757915 0.0315794696 0.0439742573 0.5835044992 0.6799687011 2 0.5732345462 0.7008346375 2
0 0.5863584883 0.7620675038 0.0232474964 0.0474222434 0.5872395833 0.7585189961 2 0.5869791667 0.7777319590 2
0 0.6517263302 0.7782124848 0.0220070423 0.0434707007 0.6485677083 0.7687041812 2 0.6566406250 0.7934726998 2
0 0.6160260172 0.8069031473 0.0249413146 0.0295600765 0.6243489583 0.8075930701 2 0.6069010417 0.8057412183 2
0 0.6060465005 0.9320683546 0.0360975312 0.0313597262 0.5952543575 0.9328982799 2 0.6185066987 0.9287235163 2
0 0.5962196792 0.8816727526 0.0176056338 0.0347765606 0.6022135417 0.8756486257 2 0.5924479167 0.8920838109 2
0 0.6114931647 0.8969466404 0.0334812433 0.0390053456 0.6221390845 0.8894974787 2 0.6011101330 0.9077551730 2
0 0.7972173318 0.0852895149 0.0303208138 0.0695531212 0.7925781250 0.0684727033 2 0.8042968750 0.1089819626 2
0 0.7495354069 0.6577986437 0.0347222222 0.0321683186 0.7402343750 0.6615282553 2 0.7634114583 0.6571301072 2
0 0.8715522300 0.7525647713 0.0264084507 0.0408624587 0.8666617762 0.7582159624 2 0.8803550469 0.7538688924 2
0 0.6502591941 0.3930620762 0.0308098592 0.0660754651 0.6463862547 0.3841277716 2 0.6599586979 0.4183990559 2
0 0.7825459703 0.3808902800 0.0166275430 0.0625978091 0.7839843750 0.3656949220 2 0.7817708333 0.3950930701 2
0 0.1793084898 0.6934446183 0.0161384977 0.0565119110 0.1785156250 0.7112967738 2 0.1777343750 0.6742597368 2
0 0.5270378605 0.8639779385 0.0209927453 0.0562555644 0.5244791667 0.8543523294 2 0.5317488367 0.8821780193 2
0 0.4874070814 0.9842788211 0.0308098592 0.0295905060 0.4868489583 0.9835189961 2 0.4944010417 0.9964819590 2
0 0.4548855634 0.9877564771 0.0224960876 0.0226351939 0.4604811092 0.9836288240 2 0.4474533116 0.9927411633 2
0 0.8748152437 0.6518940912 0.0187290739 0.0608597273 0.8738281250 0.6518060331 2 0.8776041667 0.6737967738 2
0 0.1961805556 0.1913580247 0.0303208138 0.0330377326 0.2061197917 0.1839819590 2 0.1928385417 0.1913893664 2
0 0.1876222613 0.1517996870 0.0239632238 0.0391236307 0.1899739583 0.1434726998 2 0.1816406250 0.1645375146 2
0 0.1683049687 0.1244131455 0.0136932707 0.0660754651 0.1673177083 0.1152319590 2 0.1673177083 0.1423152924 2
0 0.2372603678 0.1300643366 0.0322769953 0.0582507390 0.2454571724 0.1136734762 2 0.2298321724 0.1417598960 2
0 0.2368363885 0.3223130443 0.0185837246 0.0582507390 0.2385416667 0.3082875146 2 0.2363281250 0.3376856627 2
0 0.1670823552 0.4873934968 0.0161384977 0.0739001913 0.1678159233 0.4634846114 2 0.1673268779 0.5121717962 2
0 0.2181875978 0.6860545992 0.0322769953 0.0399930447 0.2069395540 0.6730133890 2 0.2269904147 0.6982263954 2
0 0.2902659085 0.9044318100 0.0199390939 0.0518562549 0.2947958214 0.8932906318 2 0.2869801119 0.9184386004 2
0 0.3606711277 0.9347064478 0.0211753503 0.0608578616 0.3605516586 0.9312036860 2 0.3559803584 0.9534254994 2
0 0.0396860329 0.8473308990 0.0127151800 0.0391236307 0.0395833333 0.8390745516 2 0.0402343750 0.8548152924 2
0 0.0761199139 0.9447052686 0.0132042254 0.0443401148 0.0765586821 0.9292747956 2 0.0762302925 0.9559982014 2
0 0.1262470657 0.8777603895 0.0156494523 0.0373848026 0.1269531250 0.8691671442 2 0.1240885417 0.8856023294 2
0 0.1580350156 0.6282385672 0.0156494523 0.0512954269 0.1571614583 0.6161578850 2 0.1579427083 0.6425467738 2
0 0.1731954225 0.6434533125 0.0146713615 0.0434707007 0.1730468750 0.6279634405 2 0.1709635417 0.6511115887 2
0 0.1839384168 0.4840244242 0.0156174439 0.0702053683 0.1835937500 0.4603708514 2 0.1815104167 0.4978708514 2
0 0.2086512128 0.4652234394 0.0288536776 0.0452095288 0.2134114583 0.4580560331 2 0.2014322917 0.4763430701 2
0 0.2287020736 0.9512258738 0.0239632238 0.0521648409 0.2277343750 0.9386115887 2 0.2300781250 0.9668523294 2
0 0.2013155321 0.9707876891 0.0161384977 0.0530342549 0.1999537550 0.9665584837 2 0.2008767675 0.9901856747 2
0 0.1827318075 0.9747000522 0.0171165884 0.0486871848 0.1805311033 0.9651364980 2 0.1834653756 0.9903495044 2
0 0.3741930751 0.1465832029 0.0156494523 0.0565119110 0.3731770833 0.1325930701 2 0.3714843750 0.1663893664 2
0 0.4101379108 0.1374543558 0.0288536776 0.0539036689 0.4050781250 0.1221764035 2 0.4178385417 0.1501856627 2
0 0.4370354069 0.1357155277 0.0220070423 0.0678142932 0.4381510417 0.1189356627 2 0.4365885417 0.1580560331 2
0 0.3957110720 0.4195792036 0.0273865415 0.0373848026 0.3891927083 0.4249541812 2 0.4066406250 0.4140745516 2
0 0.2756504304 0.2278734133 0.0268974961 0.0504260129 0.2727864583 0.2152319590 2 0.2821614583 0.2413893664 2
0 0.8568808685 0.3365501652 0.0224960876 0.0730307773 0.8634114583 0.3159264070 2 0.8574218750 0.3508801107 2
0 0.1189113850 0.2974265345 0.0176056338 0.0643366371 0.1177273118 0.2809118930 2 0.1156023688 0.3165312450 2
0 0.6464654192 0.8609355492 0.0215179969 0.0512954269 0.6501302083 0.8578245516 2 0.6428385417 0.8751856627 2
0 0.7272318985 0.8973918082 0.0292388362 0.0485479781 0.7370353429 0.8896507857 2 0.7189206188 0.9090396345 2
0 0.8269420559 0.8607452483 0.0185837246 0.0599895670 0.8284820095 0.8467300905 2 0.8254894006 0.8797615664 2
0 0.8475890063 0.6838810642 0.0234741784 0.0652060511 0.8466609074 0.6795906556 2 0.8495604316 0.7085596778 2
0 0.7791226526 0.6575672975 0.0195618153 0.0339071466 0.7773437500 0.6654581419 2 0.7852864583 0.6497174012 2
0 0.7957501956 0.6412797774 0.0176056338 0.0478177708 0.7923268779 0.6269344462 2 0.7972173318 0.6556251087 2
0 0.7869473787 0.6925752043 0.0264084507 0.0373848026 0.7752102895 0.6930099113 2 0.7962392410 0.6930099113 2
0 0.7857247653 0.5608589810 0.0190727700 0.0608589810 0.7875000000 0.5504171442 2 0.7854166667 0.5775004775 2
0 0.2817634977 0.9760193879 0.0166275430 0.0461093723 0.2785156250 0.9696301072 2 0.2785156250 0.9895375146 2
0 0.3568319640 0.9847135281 0.0229851330 0.0287210920 0.3583333333 0.9872226998 2 0.3516927083 0.9960189961 2
0 0.3839739828 0.9812206573 0.0195618153 0.0356459746 0.3825083286 0.9722588129 2 0.3831396417 0.9956890791 2
0 0.4371184457 0.9177024252 0.0211950290 0.0670468971 0.4382812500 0.9173152924 2 0.4386860886 0.9389958603 2
0 0.4497505869 0.2752564771 0.0259194053 0.0547730829 0.4449218750 0.2659264035 2 0.4589843750 0.2881486257 2
0 0.4580643584 0.3861067640 0.0210289515 0.0678142932 0.4591145833 0.3721764035 2 0.4595052083 0.4018060331 2
0 0.3573210094 0.0878977569 0.0210289515 0.0504260129 0.3591145833 0.0747226998 2 0.3582031250 0.1013430701 2
0 0.4323894757 0.0357329160 0.0332550861 0.0417318727 0.4216304773 0.0261693619 2 0.4402142019 0.0313858459 2
0 0.4345901800 0.0774647887 0.0317879499 0.0365153886 0.4303385417 0.0712504775 2 0.4415364583 0.0886115887 2
0 0.1250244523 0.5825943314 0.0229851330 0.0399930447 0.1240885417 0.5876856627 2 0.1300781250 0.5687041812 2
0 0.4018241393 0.2130933751 0.0220070423 0.0608589810 0.4023437500 0.2011115887 2 0.3996093750 0.2293523294 2
0 0.4399672057 0.2157259909 0.0288586246 0.0503772654 0.4440537072 0.2229724111 2 0.4320160534 0.2077022870 2
0 0.4045138889 0.2761258911 0.0234741784 0.0599895670 0.4015796166 0.2843853243 2 0.4113605243 0.2539558338 2
0 0.3673464397 0.4174056686 0.0244522692 0.0521648409 0.3604998044 0.4278386368 2 0.3727259390 0.4026256303 2
0 0.3223542645 0.0692053556 0.0224960876 0.0565119110 0.3255208333 0.0849078850 2 0.3220052083 0.0536578850 2
0 0.2935005869 0.1396278908 0.0166275430 0.0460789428 0.2910553599 0.1270213876 2 0.2949677230 0.1496261520 2
0 0.1851770344 0.0596418014 0.0171165884 0.0512954269 0.1838541667 0.0545838109 2 0.1868489583 0.0726393664 2
0 0.1695275822 0.0309511389 0.0132042254 0.0443401148 0.1687500000 0.0219449220 2 0.1713541667 0.0443986257 2
0 0.1859106025 0.1183272474 0.0166275430 0.0417318727 0.1873697917 0.1119912183 2 0.1812500000 0.1337504775 2
0 0.2494865023 0.0735524257 0.0264084507 0.0339071466 0.2540364583 0.0684726998 2 0.2451822917 0.0779634405 2
0 0.2218554382 0.1191966615 0.0259194053 0.0625978091 0.2244167098 0.0935017934 2 0.2145214152 0.1403764710 2
0 0.1201339984 0.1704920883 0.0141823161 0.0591201530 0.1217714553 0.1541384067 2 0.1171465921 0.1910480244 2
0 0.1331739130 0.1279553795 0.0272261176 0.0468192011 0.1329427083 0.1275004775 2 0.1243489583 0.1226393664 2
0 0.1477650626 0.5086941401 0.0156494523 0.0643366371 0.1470052083 0.4937041812 2 0.1446614583 0.5256486257 2
0 0.1480095853 0.5639019301 0.0151604069 0.0426012867 0.1462979264 0.5721613632 2 0.1482541080 0.5452095288 2
0 0.1916366838 0.9201297703 0.0212330702 0.0482815827 0.1868886933 0.9312293514 2 0.1966696009 0.9051469310 2
0 0.6764231221 0.8025560772 0.0234741784 0.0452095288 0.6742187500 0.8089819590 2 0.6843750000 0.7994912183 2
0 0.6140698357 0.9707876891 0.0161384977 0.0391236307 0.6136718750 0.9631486257 2 0.6139322917 0.9816671442 2
0 0.4652251277 0.1769290186 0.0245914916 0.0650387015 0.4684895833 0.2036578850 2 0.4696614583 0.1617597403 2
0 0.4656445618 0.1331072857 0.0205399061 0.0730307773 0.4695480143 0.1535620924 2 0.4606270805 0.1079178566 2
0 0.4832844712 0.1343855253 0.0137618219 0.0495048361 0.4834635417 0.1325930701 2 0.4817708333 0.1534264035 2
0 0.3455839202 0.1535385150 0.0259194053 0.0634672231 0.3503906250 0.1492597368 2 0.3412760417 0.1700930701 2
0 0.4054919797 0.0757259607 0.0352112676 0.0539036689 0.3966891628 0.0644235785 2 0.4123386150 0.0826812728 2
0 0.7446449531 0.1609285342 0.0278755869 0.0295600765 0.7535156250 0.1629171442 2 0.7332031250 0.1629171442 2
0 0.7514915884 0.1300643366 0.0298317684 0.0339071466 0.7552083333 0.1312041812 2 0.7407552083 0.1270375146 2
0 0.7739876761 0.3209007129 0.0171165884 0.0695531212 0.7761718750 0.3099078885 2 0.7692708333 0.3395375181 2
0 0.7483127934 0.2752564771 0.0215179969 0.0530342549 0.7554687500 0.2645375146 2 0.7417968750 0.2881486257 2
0 0.7510025430 0.3213354199 0.0288536776 0.0634672231 0.7488281250 0.3196301072 2 0.7600260417 0.3001856627 2
0 0.7571156103 0.3613284646 0.0166275430 0.0426012867 0.7579427083 0.3536578850 2 0.7566406250 0.3758801072 2
0 0.6357811944 0.3269220580 0.0214156751 0.0484819584 0.6368489583 0.3145375146 2 0.6345052083 0.3411578850 2
0 0.6607736698 0.3395931142 0.0176056338 0.0582507390 0.6605468750 0.3251856627 2 0.6592447917 0.3543523294 2
0 0.8356073944 0.5178229873 0.0200508607 0.0530342549 0.8337239583 0.5101393664 2 0.8419270833 0.5284264035 2
0 0.7035651408 0.4560945922 0.0288536776 0.0825943314 0.7028645833 0.4696301107 2 0.7100260417 0.4335189996 2
0 0.6800909624 0.6395409494 0.0210289515 0.0478177708 0.6842478482 0.6530168666 2 0.6734888498 0.6251956182 2
0 0.6869375978 0.6165014780 0.0200508607 0.0399930447 0.6906054382 0.6243262041 2 0.6827807121 0.6078073379 2
0 0.7807272672 0.9264811569 0.0200508607 0.0478177708 0.7801007433 0.9112328291 2 0.7776555164 0.9390540776 2
0 0.6892204218 0.9106371126 0.0283903439 0.0409531315 0.6970109306 0.9044994457 2 0.6819408038 0.9220967356 2
0 0.5605193662 0.9812206573 0.0322769953 0.0339071466 0.5460937500 0.9731023294 2 0.5628906250 0.9872226998 2
0 0.5874168623 0.9846983133 0.0156494523 0.0252130064 0.5871093750 0.9805097368 2 0.5869791667 0.9932412183 2
0 0.6018437011 0.9846983133 0.0141823161 0.0286906625 0.5997395833 0.9807412183 2 0.6019531250 0.9962504775 2
0 0.1668378326 0.0674665276 0.0215179969 0.0460789428 0.1662760417 0.0710189961 2 0.1746093750 0.0858338109 2
0 0.1573014476 0.1065901582 0.0151604069 0.0530342549 0.1568287002 0.0936117478 2 0.1568287002 0.1223154515 2
0 0.2074285994 0.0231264128 0.0176056338 0.0408624587 0.2084635417 0.0307412183 2 0.2117187500 0.0117597368 2
0 0.2176985524 0.3387237002 0.0156494523 0.0443401148 0.2157552083 0.3321301072 2 0.2180989583 0.3552782553 2
0 0.0652027104 0.5715311314 0.0176848676 0.0640075285 0.0626302083 0.5636115887 2 0.0691406250 0.5862967738 2
0 0.0389524648 0.6251956182 0.0141823161 0.0434707007 0.0403539546 0.6142578398 2 0.0388845305 0.6361107992 2
0 0.0643828247 0.7234394018 0.0288536776 0.0312989045 0.0686197917 0.7212504775 2 0.0555989583 0.7258801072 2
0 0.2124337060 0.7651445951 0.0207692117 0.0556958558 0.2097656250 0.7886115887 2 0.2125000000 0.7543523294 2
0 0.2062023128 0.7104064007 0.0239926085 0.0638478249 0.2015965719 0.7060414716 2 0.2067747235 0.7319794406 2
0 0.1646371283 0.7286558859 0.0161384977 0.0521648409 0.1635416667 0.7168523294 2 0.1634114583 0.7427782553 2
0 0.0132311438 0.4362588928 0.0145784849 0.0509737810 0.0137509696 0.4240959384 2 0.0121178990 0.4492191391 2
0 0.2778511346 0.4021909233 0.0283646322 0.0495565989 0.2872395833 0.4080560331 2 0.2658854167 0.4020375146 2
0 0.3341178554 0.9840870977 0.0176586373 0.0299739528 0.3332031250 0.9844449220 2 0.3376302083 0.9955560331 2
0 0.2101490455 0.3752170736 0.0289150707 0.0322123490 0.2001302083 0.3812041812 2 0.2136718750 0.3703245516 2
0 0.1257703514 0.5379029062 0.0185590624 0.0441733216 0.1206151505 0.5275801999 2 0.1328546467 0.5528488373 2
0 0.1201339984 0.4695705095 0.0180946792 0.0399930447 0.1170443476 0.4591592911 2 0.1227610937 0.4761061418 2
0 0.1063344705 0.1519054719 0.0149478925 0.0632556532 0.1037509781 0.1313684577 2 0.1057071596 0.1652756042 2
0 0.1338925977 0.7510240802 0.0179640222 0.0648097774 0.1338483681 0.7447025528 2 0.1352977380 0.7718547521 2
0 0.3470365687 0.9087519838 0.0239342486 0.0484323913 0.3513547061 0.9014112976 2 0.3412649244 0.9201495249 2
0 0.1047290689 0.9247087463 0.0176056338 0.0599895670 0.1037760417 0.9233338109 2 0.1068561433 0.9466073237 2
0 0.0876124804 0.9025386889 0.0166275430 0.0625978091 0.0890553531 0.9054766052 2 0.0872217448 0.9242338147 2
0 0.0519121674 0.9577464789 0.0146713615 0.0512954269 0.0516927083 0.9534264035 2 0.0524739583 0.9733338109 2
0 0.1159771127 0.6451921405 0.0205399061 0.0660754651 0.1171447289 0.6407395229 2 0.1185538343 0.6725561065 2
0 0.1665933099 0.9268822813 0.0180946792 0.0591201530 0.1654108169 0.9167047476 2 0.1672596671 0.9453983696 2
0 0.1529000391 0.9447052686 0.0190727700 0.0599895670 0.1529947917 0.9409264035 2 0.1532823084 0.9629675201 2
0 0.1631699922 0.8455920709 0.0200508607 0.0582507390 0.1609692879 0.8260302556 2 0.1629254695 0.8651538863 2
0 0.1492321987 0.7108328986 0.0185837246 0.0460789428 0.1483850209 0.7254473430 2 0.1418177734 0.6936196063 2
0 0.1246479608 0.7811699850 0.0188476622 0.0636381208 0.1242061511 0.7811700737 2 0.1266166065 0.8072297186 2
0 0.1404293818 0.2530864198 0.0234741784 0.0695531212 0.1335827465 0.2296122413 2 0.1409184272 0.2704747001 2
0 0.1061962050 0.2674317510 0.0185837246 0.0773778473 0.1075520833 0.2446301107 2 0.1062334863 0.2942279374 2
0 0.1025283646 0.3904538341 0.0239632238 0.0695531212 0.1005787002 0.3746302664 2 0.1005787002 0.4054944639 2
0 0.3897165930 0.1659882999 0.0205399061 0.0695531212 0.3881510417 0.1737967774 2 0.3963932851 0.1477652111 2
0 0.3734595070 0.3130759868 0.0210289515 0.0556424970 0.3722656250 0.3085189961 2 0.3742187500 0.3335189961 2
0 0.4230976135 0.3130759868 0.0264084507 0.0591201530 0.4172290689 0.2974265345 2 0.4279880673 0.3313336811 2
0 0.3714676365 0.8275446944 0.0180233012 0.0447607503 0.3668573944 0.8095113893 2 0.3746821205 0.8347243958 2
0 0.3487627152 0.8508085550 0.0254303599 0.0478177708 0.3410156250 0.8640745516 2 0.3498697917 0.8497226998 2
0 0.2783456896 0.4484344204 0.0185947438 0.0631381144 0.2744278169 0.4347939489 2 0.2763839984 0.4747869936 2
0 0.3155076291 0.0174752217 0.0205399061 0.0330377326 0.3149872165 0.0042153285 2 0.3121849811 0.0286131392 2
0 0.3524305556 0.2196139802 0.0229851330 0.0634672231 0.3560983959 0.2043992349 2 0.3477846244 0.2374369675 2
0 0.6656641236 0.1565814641 0.0312989045 0.0521648409 0.6583284429 0.1418014258 2 0.6744669405 0.1696226743 2
0 0.5967228588 0.0775879138 0.0293427230 0.0547730829 0.6001320423 0.0870283429 2 0.5879059077 0.0592070944 2
0 0.6346097418 0.1522343940 0.0171165884 0.0521648409 0.6353433099 0.1400625978 2 0.6363214006 0.1678838463 2
0 0.8316950313 0.1174578334 0.0210289515 0.0347765606 0.8295572917 0.1173152924 2 0.8403645833 0.1131486257 2
0 0.0489778951 0.3252477830 0.0156494523 0.0521648409 0.0474843562 0.3184681581 2 0.0484087393 0.3408138756 2
0 0.0986160016 0.5447748218 0.0210289515 0.0356459746 0.0929919797 0.5295600765 2 0.1017947966 0.5547730829 2
0 0.0223897255 0.7866849803 0.0123557421 0.0360720994 0.0201822917 0.7737967738 2 0.0225260417 0.7925467738 2
0 0.1333382238 0.0335593810 0.0180946792 0.0547730829 0.1339843750 0.0268060331 2 0.1279947917 0.0520375146 2
0 0.0816775579 0.2122551182 0.0138260266 0.0573190108 0.0815323607 0.2045236390 2 0.0782183828 0.2269766782 2
0 0.0613895207 0.2177234711 0.0160204341 0.0481211329 0.0613281250 0.2068986257 2 0.0590229306 0.2319439916 2
0 0.0814994131 0.4487045731 0.0122261346 0.0399930447 0.0813802083 0.4395375146 2 0.0785156250 0.4612967738 2
0 0.7490686624 0.5794052984 0.0347668240 0.0741923592 0.7434223396 0.6008520257 2 0.7571156103 0.5643366371 2
0 0.0619375978 0.2565640758 0.0151604069 0.0469483568 0.0628501210 0.2479263735 2 0.0587239583 0.2724078850 2
0 0.1078456837 0.0666375991 0.0169922282 0.0442591436 0.1121093750 0.0640745516 2 0.1021634021 0.0787318328 2
0 0.0846768963 0.0828654169 0.0156520759 0.0396247564 0.0817439358 0.0670318206 2 0.0856562989 0.0896365849 2
0 0.1438526995 0.0844201009 0.0244522692 0.0278212485 0.1494791667 0.0888430701 2 0.1371093750 0.0807412183 2
0 0.6935874136 0.7725831547 0.0196572216 0.0426450087 0.6995370335 0.7710808836 2 0.6936342557 0.7855870565 2
0 0.7534477700 0.9373152495 0.0190727700 0.0539036689 0.7524739583 0.9314356627 2 0.7497395833 0.9525004775 2
0 0.7755993744 0.9741043357 0.0164276221 0.0481397898 0.7798177083 0.9740282553 2 0.7724189093 0.9937348658 2
0 0.7575162392 0.9774821770 0.0138701037 0.0413841071 0.7562500000 0.9793523294 2 0.7599688946 0.9951218758 2
0 0.8091766822 0.9076338068 0.0142268390 0.0380114843 0.8083333333 0.9182412183 2 0.8082031250 0.8974078850 2
0 0.8288826670 0.9368119442 0.0154042229 0.0531714515 0.8291910494 0.9336114176 2 0.8261554938 0.9524383770 2
0 0.8118886933 0.5604242740 0.0264084507 0.0512954269 0.8234953668 0.5399080441 2 0.8142939779 0.5605870565 2
0 0.8072773941 0.6052737236 0.0215179969 0.0434707007 0.8145833333 0.6004171442 2 0.8024739583 0.6068986257 2
0 0.8419649844 0.6225873761 0.0249413146 0.0469483568 0.8441406250 0.6182412183 2 0.8381510417 0.6346764035 2
0 0.8263155321 0.6212832551 0.0229851330 0.0443401148 0.8328125000 0.6071301072 2 0.8217447917 0.6277319590 2
0 0.7937976872 0.5134318868 0.0272711016 0.0561648916 0.7859692879 0.4956529299 2 0.8001516041 0.5234741784 2
0 0.8703361757 0.3851285800 0.0161253795 0.0575988651 0.8717447917 0.3941671442 2 0.8740885417 0.3663893664 2
0 0.8059314562 0.3779219598 0.0203625211 0.0650567933 0.8021898429 0.3791319124 2 0.8099685473 0.4053022450 2
0 0.8561473005 0.4165362546 0.0249413146 0.0556424970 0.8509114583 0.4124541812 2 0.8654947917 0.4233338109 2
0 0.7761883803 0.1144148844 0.0156494523 0.0582507390 0.7773437500 0.0974078850 2 0.7778645833 0.1335189961 2
0 0.7776555164 0.0474700052 0.0176056338 0.0547730829 0.7763020833 0.0448615887 2 0.7733072917 0.0680097368 2
0 0.8165346244 0.0726830117 0.0200508607 0.0547730829 0.8142188893 0.0612193431 2 0.8195446786 0.0902448626 2
0 0.8365854851 0.0544253173 0.0229851330 0.0426012867 0.8316406250 0.0439356627 2 0.8403645833 0.0640745516 2
0 0.8104215571 0.0209528778 0.0176056338 0.0417318727 0.8082031250 0.0145375146 2 0.8143229167 0.0325930701 2
0 0.8505232786 0.9738306381 0.0117370892 0.0417318727 0.8511718750 0.9666208479 2 0.8511718750 0.9902319590 2
0 0.8649501174 0.9720918101 0.0102699531 0.0382542167 0.8661458333 0.9650004775 2 0.8654947917 0.9832875146 2
0 0.8792699119 0.9573658770 0.0146713615 0.0460789428 0.8781799520 0.9494551217 2 0.8779195353 0.9712143810 2
0 0.7344303587 0.9492396545 0.0189620526 0.0463625285 0.7366885976 0.9407036162 2 0.7317673628 0.9615356758 2
0 0.7113898670 0.9355764215 0.0180946792 0.0504260129 0.7135905712 0.9512258738 2 0.7121234351 0.9216657973 2
0 0.7160444561 0.5200855160 0.0215353129 0.0519868536 0.7143229167 0.5163893664 2 0.7170572917 0.5386115887 2
0 0.8762170514 0.7982966948 0.0239632238 0.0443401148 0.8723668946 0.7909882910 2 0.8812210613 0.8095068096 2
0 0.8691216955 0.8524988750 0.0136932707 0.0391236307 0.8699218750 0.8483338109 2 0.8727864583 0.8617597368 2
0 0.9187451095 0.9755694662 0.0122261346 0.0452095288 0.9191406250 0.9770375146 2 0.9188802083 0.9934726998 2
0 0.9324383803 0.9381846635 0.0122261346 0.0399930447 0.9329427083 0.9302782553 2 0.9308593750 0.9511115887 2
0 0.9312157668 0.9833941923 0.0088028169 0.0295600765 0.9309241735 0.9811654700 2 0.9301784349 0.9948224818 2
0 0.9510221049 0.8925404278 0.0132042254 0.0443401148 0.9496093750 0.8923152924 2 0.9535156250 0.9043523294 2
0 0.9625146714 0.8938445488 0.0097809077 0.0365153886 0.9619791667 0.8883801072 2 0.9636718750 0.9052782553 2
0 0.9735181925 0.8938445488 0.0102699531 0.0486871848 0.9740885417 0.8900004775 2 0.9687500000 0.9092134405 2
0 0.9554235133 0.8495044340 0.0141823161 0.0312989045 0.9583333333 0.8460189961 2 0.9518229167 0.8608338109 2
0 0.9380479722 0.7515949829 0.0117659492 0.0532350037 0.9366907869 0.7476986165 2 0.9368108505 0.7678327038 2
0 0.9774305556 0.7608036818 0.0141823161 0.0512954269 0.9755208333 0.7544165746 2 0.9751302083 0.7720091672 2
0 0.9688245112 0.7155329583 0.0152002861 0.0436341357 0.9713541667 0.7057412183 2 0.9689812870 0.7230392956 2
0 0.9299724267 0.6449667645 0.0161799511 0.0604082291 0.9315104167 0.6219449220 2 0.9321614583 0.6487967738 2
0 0.8945373631 0.5873761085 0.0146713615 0.0495565989 0.8953828314 0.5668710158 2 0.8942016624 0.6054558677 2
0 0.8622603678 0.5082594331 0.0283646322 0.0339071466 0.8516927083 0.5143060331 2 0.8720052083 0.5057412183 2
0 0.8859790689 0.4769605286 0.0220070423 0.0547730829 0.8886718750 0.4869912183 2 0.8941406250 0.4594449220 2
0 0.8664172535 0.5830290384 0.0171165884 0.0373848026 0.8661458333 0.5904634405 2 0.8644531250 0.5728708479 2
0 0.8688624804 0.2683011650 0.0132042254 0.0547730829 0.8688802083 0.2589819590 2 0.8692708333 0.2816671442 2
0 0.8947818858 0.3304642671 0.0161384977 0.0504260129 0.8938802083 0.3224078850 2 0.8962239583 0.3446301072 2
0 0.9096977700 0.3830638150 0.0185837246 0.0339071466 0.9027343750 0.3754171442 2 0.9149739583 0.3846764035 2
0 0.8675839836 0.5443358237 0.0235859452 0.0347851428 0.8736979167 0.5504171442 2 0.8630208333 0.5374541812 2
0 0.8902841899 0.5159865834 0.0247487398 0.0358411263 0.8953125000 0.5052782553 2 0.8881510417 0.5258801072 2
0 0.8857345462 0.8403755869 0.0146713615 0.0495565989 0.8863281250 0.8353708479 2 0.8858072917 0.8527319590 2
0 0.9087262383 0.6468203328 0.0234610602 0.0315201760 0.9170011198 0.6419016375 2 0.9034775109 0.6423534088 2
0 0.9094532473 0.5291253695 0.0200508607 0.0408624587 0.9032552083 0.5191671442 2 0.9147135417 0.5302782553 2
0 0.9324383803 0.2796035472 0.0161384977 0.0495565989 0.9361062207 0.2626499739 2 0.9292595853 0.2843853243 2
0 0.8960044992 0.2835159103 0.0215179969 0.0399930447 0.8910156250 0.2754171442 2 0.8989583333 0.2927782553 2
0 0.9224129499 0.3156842288 0.0185837246 0.0469483568 0.9180115415 0.3009041906 2 0.9224129499 0.3200312989 2
0 0.9167889280 0.2478699357 0.0180946792 0.0469483568 0.9199677230 0.2356981395 2 0.9155663146 0.2652582160 2
0 0.8952709311 0.4100156495 0.0190727700 0.0373848026 0.9004050891 0.4011734762 2 0.8931134224 0.4129018713 2
0 0.9351281299 0.4608763693 0.0146713615 0.0434707007 0.9316406250 0.4499541812 2 0.9363281250 0.4682412183 2
0 0.9089642019 0.4617457833 0.0161384977 0.0399930447 0.9019531250 0.4552782553 2 0.9123697917 0.4573615887 2
0 0.9295041080 0.5208659364 0.0161384977 0.0434707007 0.9278645833 0.5150004775 2 0.9303385417 0.5302782553 2
0 0.8905439388 0.2409043040 0.0231840045 0.0481248643 0.8862235915 0.2270039993 2 0.8930702269 0.2496087637 2
0 0.8546801643 0.1105025213 0.0180946792 0.0608589810 0.8510123239 0.0896365849 2 0.8578589593 0.1226743175 2
0 0.9648961440 0.3845492816 0.0165000344 0.0657127740 0.9654489437 0.3695878978 2 0.9680989583 0.4062041812 2
0 0.9544454225 0.1557120501 0.0102699531 0.0556424970 0.9539062500 0.1483338109 2 0.9565104167 0.1675467738 2
0 0.9656934664 0.1635367762 0.0122261346 0.0452095288 0.9630208333 0.1552782553 2 0.9648437500 0.1719449220 2
0 0.9529782864 0.2330898974 0.0141823161 0.0469483568 0.9524739583 0.2191671442 2 0.9540364583 0.2404634405 2
0 0.9456426056 0.3139454008 0.0200508607 0.0486871848 0.9493104460 0.2991653625 2 0.9453980829 0.3209007129 2
0 0.9760547113 0.2521217863 0.0226781678 0.0372385321 0.9839843750 0.2420838109 2 0.9718328353 0.2552065790 2
0 0.9468652191 0.3748043818 0.0146713615 0.0486871848 0.9463541667 0.3612967738 2 0.9477864583 0.3802782553 2
0 0.9820764867 0.4278386368 0.0156494523 0.0417318727 0.9817708333 0.4198615887 2 0.9855468750 0.4376856627 2
0 0.0667417341 0.9708132491 0.0143549512 0.0495054788 0.0657552083 0.9687041812 2 0.0657552083 0.9851393664 2
0 0.1414074726 0.9877412624 0.0146713615 0.0208659364 0.1398409676 0.9805757428 2 0.1406716915 0.9958089279 2
0 0.1299149061 0.9733959311 0.0122261346 0.0339071466 0.1278645833 0.9631486257 2 0.1298037115 0.9816051985 2
0 0.1235573161 0.9873217701 0.0161384977 0.0235046079 0.1172156924 0.9783989843 2 0.1273305213 0.9978951692 2
0 0.0504450313 0.9038428099 0.0244522692 0.0269518345 0.0529587472 0.9030152691 2 0.0422286160 0.9013268160 2
0 0.0758753912 0.8364632238 0.0264084507 0.0347765606 0.0676246922 0.8288755447 2 0.0830658687 0.8445760278 2
0 0.0537424145 0.7654287405 0.0166275430 0.0486871848 0.0546875000 0.7619912183 2 0.0522135417 0.7795838109 2
0 0.0707611414 0.7897922959 0.0200094073 0.0376993589 0.0643229167 0.7814356627 2 0.0733072917 0.7916208479 2
0 0.1624094007 0.7843948393 0.0293967699 0.0624048962 0.1585240610 0.7669101026 2 0.1687940141 0.8008172492 2
0 0.1577246397 0.8840714770 0.0267657897 0.0265014556 0.1460019015 0.8874755495 2 0.1650598213 0.8831086977 2
0 0.3181973787 0.8786298035 0.0298317684 0.0426012867 0.3080063775 0.8675462484 2 0.3267911080 0.8842437866 2
0 0.2511981612 0.9503564597 0.0161384977 0.0347765606 0.2537760417 0.9423152924 2 0.2498697917 0.9626856627 2
0 0.2685592723 0.9229699183 0.0195618153 0.0565119110 0.2712239583 0.9159264035 2 0.2652343750 0.9400004775 2
0 0.3005353368 0.9523913736 0.0150475906 0.0684064649 0.2997395833 0.9467134405 2 0.2983072917 0.9744912183 2
0 0.2884931720 0.6695864906 0.0217519189 0.0485856694 0.2827415884 0.6547556947 2 0.2930115415 0.6799687011 2
0 0.2639133412 0.7008346375 0.0210289515 0.0434707007 0.2613281250 0.6900004775 2 0.2647135417 0.7131486257 2
0 0.2272349374 0.5373848026 0.0278755869 0.0417318727 0.2167204617 0.5408624587 2 0.2357932316 0.5426012867 2
0 0.1867813866 0.5458433055 0.0242376559 0.0526361155 0.1815091941 0.5556424970 2 0.1917791471 0.5286906625 2
0 0.1049735915 0.6999652234 0.0171165884 0.0434707007 0.1007812500 0.6909264035 2 0.1079427083 0.7143060331 2
0 0.0566354958 0.6060315691 0.0150056125 0.0487610664 0.0563802083 0.5987967738 2 0.0575520833 0.6180097368 2
0 0.2410960767 0.8612304822 0.0202564657 0.0504421247 0.2420572917 0.8531949220 2 0.2392475190 0.8786314967 2
0 0.2651734104 0.8478678752 0.0178628773 0.0419364112 0.2664062500 0.8619912183 2 0.2621093750 0.8400004775 2
0 0.2282953602 0.5932426429 0.0143469802 0.0482564982 0.2282307876 0.5839184941 2 0.2270788184 0.6113254746 2
0 0.1988647955 0.6273760563 0.0200398415 0.0408486526 0.2000703973 0.6159941757 2 0.1940836099 0.6382053371 2
0 0.1692830595 0.6112849939 0.0166275430 0.0330377326 0.1668981446 0.5988586614 2 0.1715856446 0.6173771799 2
0 0.1648816510 0.5778125543 0.0185837246 0.0391236307 0.1640625000 0.5656949220 2 0.1686197917 0.5879171442 2
0 0.2668621011 0.1114968194 0.0191017452 0.0367651567 0.2697916667 0.1052782553 2 0.2618489583 0.1270375146 2
0 0.2414172535 0.0344287950 0.0249413146 0.0339071466 0.2358072917 0.0275004775 2 0.2467447917 0.0342134405 2
0 0.2414172535 0.1757085724 0.0327660407 0.0330377326 0.2281807063 0.1748944047 2 0.2486102290 0.1780156711 2
0 0.2513561040 0.3391087797 0.0119217930 0.0619933238 0.2524915947 0.3287473182 2 0.2518059067 0.3606960810 2
0 0.2751296390 0.3038355710 0.0248778226 0.0649829140 0.2738281250 0.2893060331 2 0.2787760417 0.3330560331 2
0 0.1541226526 0.1731003304 0.0224960876 0.0330377326 0.1484375000 0.1673152924 2 0.1604166667 0.1784264035 2
0 0.0797276731 0.2833222511 0.0106388360 0.0386415350 0.0799072034 0.2718697178 2 0.0780254593 0.2965870668 2
0 0.0817439358 0.3474178404 0.0117370892 0.0321683186 0.0774739583 0.3506486257 2 0.0852864583 0.3372226998 2
0 0.2115854851 0.0809424448 0.0220070423 0.0625978091 0.2129050891 0.0747845873 2 0.2064814779 0.0976240935 2
0 0.4949872848 0.3478525474 0.0176056338 0.0678142932 0.4940091941 0.3313336811 2 0.4993886933 0.3687184837 2
0 0.4745685800 0.2727580426 0.0217603994 0.0410820737 0.4714532906 0.2886164193 2 0.4681670735 0.2575860830 2
0 0.4810494914 0.0379064511 0.0503716745 0.0565119110 0.4661336072 0.0426882281 2 0.5037901017 0.0270387759 2
0 0.3005917449 0.3100330377 0.0210289515 0.0478177708 0.2980570851 0.3017164327 2 0.3050855647 0.3256688809 2
0 0.3360475352 0.4730481655 0.0283646322 0.0643366371 0.3402717505 0.4607862640 2 0.3295398426 0.4900923773 2
0 0.3277337637 0.5434707007 0.0254303599 0.0591201530 0.3286458333 0.5344449220 2 0.3367187500 0.5571301072 2
0 0.3524111209 0.5525146167 0.0278367176 0.0406925963 0.3452525239 0.5682226486 2 0.3593905935 0.5357660716 2
0 0.3262666275 0.3295948531 0.0283646322 0.0347765606 0.3302450627 0.3285673087 2 0.3318656994 0.3448999984 2
0 0.3957110720 0.5178229873 0.0420579030 0.0617283951 0.3891796457 0.5284846254 2 0.4133435711 0.5035667640 2
0 0.3886199139 0.4543557642 0.0298317684 0.0304294905 0.3827341060 0.4545829588 2 0.3935361894 0.4506262404 2
0 0.3634340767 0.4986958790 0.0176056338 0.0443401148 0.3647135417 0.4886115887 2 0.3660156250 0.5112967738 2
0 0.3869082551 0.4856546688 0.0273865415 0.0356459746 0.3785156250 0.4890745516 2 0.3920572917 0.4777319590 2
0 0.5067243740 0.7373500261 0.0205399061 0.0591201530 0.5075037901 0.7261763649 2 0.5041183734 0.7620446102 2
0 0.4267654538 0.4321857068 0.0220070423 0.0608589810 0.4230976135 0.4226221527 2 0.4255428404 0.4521822292 2
0 0.4991134741 0.9084262636 0.0317265569 0.0386508635 0.4960937500 0.9103708479 2 0.5102864583 0.9089819590 2
0 0.5225509216 0.9293612307 0.0384997305 0.0402516301 0.5065418564 0.9355961017 2 0.5378533461 0.9258493345 2
0 0.5026900120 0.8454814352 0.0305648117 0.0584720105 0.4993886933 0.8321161537 2 0.5102165969 0.8594949305 2
0 0.4930192969 0.8538602729 0.0332786988 0.0556249594 0.4865336648 0.8407952745 2 0.5007736794 0.8716245569 2
0 0.6640969876 0.9849865266 0.0295427228 0.0246365799 0.6575520833 0.9890745516 2 0.6718725158 0.9793695678 2
0 0.7731615286 0.8476794184 0.0234826590 0.0537312938 0.7765625000 0.8404634405 2 0.7686197917 0.8624541812 2
0 0.7327619276 0.8278261232 0.0187808975 0.0485731057 0.7346195227 0.8190749435 2 0.7316852504 0.8425491219 2
0 0.7707251871 0.7796513090 0.0272191536 0.0411318651 0.7717447917 0.7714819590 2 0.7642622294 0.7890661733 2
0 0.7013644366 0.8403755869 0.0166275430 0.0391236307 0.6973959162 0.8521624095 2 0.7024081133 0.8289534760 2
0 0.6703100548 0.8512432620 0.0229851330 0.0452095288 0.6685983959 0.8616762302 2 0.6759340767 0.8399408798 2
0 0.7107205385 0.8028671533 0.0186231579 0.0350499421 0.7079594393 0.7939225007 2 0.7117758184 0.8159108355 2
0 0.7162803208 0.7647365676 0.0220070423 0.0443401148 0.7178385417 0.7608338109 2 0.7238281250 0.7823615887 2
0 0.7287509781 0.7577812554 0.0215179969 0.0460789428 0.7273437500 0.7481023294 2 0.7320312500 0.7728708479 2
0 0.7018534820 0.7234394018 0.0361893584 0.0417318727 0.6977311851 0.7263216178 2 0.7168268290 0.7146937108 2
0 0.7421997261 0.7130064337 0.0298317684 0.0365153886 0.7415364583 0.7043523294 2 0.7311197917 0.7214819590 2
0 0.6280076291 0.7060511215 0.0361893584 0.0399930447 0.6342447917 0.7025004775 2 0.6148437500 0.7145375146 2
0 0.6502591941 0.6304121022 0.0298317684 0.0452095288 0.6434895833 0.6423152924 2 0.6583333333 0.6196301072 2
0 0.6475694444 0.5669448792 0.0293427230 0.0365153886 0.6402617387 0.5630535146 2 0.6585387738 0.5707898258 2
0 0.6588174883 0.5217353504 0.0234741784 0.0591201530 0.6591145833 0.5145375146 2 0.6626302083 0.5443986257 2
0 0.6343652191 0.5847678665 0.0264084507 0.0356459746 0.6425781250 0.5909264035 2 0.6245930766 0.5822975998 2
0 0.6165150626 0.6151973570 0.0239632238 0.0443401148 0.6187469020 0.5973203997 2 0.6089711749 0.6301997221 2
0 0.8394570526 0.7464568580 0.0277501771 0.0339511770 0.8436766432 0.7373500261 2 0.8319395540 0.7495218223 2
0 0.3965493231 0.3114690634 0.0192821359 0.0501622036 0.3920572917 0.3020375146 2 0.4007453970 0.3251505149 2
0 0.9202122457 0.8299426187 0.0102699531 0.0426012867 0.9195312500 0.8196301072 2 0.9190953883 0.8433869159 2
0 0.8975883871 0.6791071230 0.0232406750 0.0486715130 0.8904947917 0.6714819590 2 0.9053385417 0.6846764035 2
0 0.8935592723 0.7225699878 0.0166275430 0.0382542167 0.8920463400 0.7353105871 2 0.8905828542 0.7084647072 2
0 0.9458871283 0.9720918101 0.0097809077 0.0295600765 0.9461927817 0.9647717984 2 0.9452007182 0.9805125391 2
0 0.9593913533 0.9652638948 0.0091809083 0.0379994231 0.9597656250 0.9714819590 2 0.9604166667 0.9559726998 2
0 0.9672443480 0.9573260946 0.0104374440 0.0399643993 0.9682291667 0.9522689961 2 0.9664467533 0.9703586321 2
0 0.9044415922 0.8772319566 0.0188303674 0.0345891089 0.9095052083 0.8726393664 2 0.8986979167 0.8842134405 2
0 0.8498649754 0.4705220907 0.0123766645 0.0433063664 0.8504099479 0.4582612769 2 0.8501973487 0.4796207222 2
0 0.8603667303 0.4710196166 0.0106339102 0.0341971188 0.8571614583 0.4599078850 2 0.8608072917 0.4816671442 2
0 0.8862235915 0.5634672231 0.0176056338 0.0556424970 0.8876940433 0.5428016940 2 0.8823891442 0.5840620202 2
0 0.9209458138 0.5521648409 0.0166275430 0.0330377326 0.9213541667 0.5585189961 2 0.9253906250 0.5453245516 2
0 0.9733883226 0.5266257109 0.0266377563 0.0319511516 0.9774739583 0.5228708479 2 0.9652656568 0.5286634791 2
0 0.9899012128 0.4773952356 0.0156494523 0.0417318727 0.9938802083 0.4788893664 2 0.9966145833 0.4937041812 2
0 0.6265404930 0.0118240306 0.0215179969 0.0234741784 0.6184099587 0.0082319200 2 0.6337313172 0.0108951883 2
0 0.7250831377 0.3739349678 0.0376564945 0.0730307773 0.7359040762 0.3895381586 2 0.7134513913 0.3544792360 2
0 0.6742224178 0.3448095983 0.0190727700 0.0565119110 0.6752604167 0.3335189961 2 0.6710326054 0.3650136115 2
0 0.7974618545 0.4161015476 0.0229851330 0.0530342549 0.8020833333 0.4099078850 2 0.8035156250 0.4270375146 2
0 0.8317509147 0.3776891199 0.0209171847 0.0735837693 0.8368300078 0.3661102417 2 0.8266596601 0.3620525690 2
0 0.8292498044 0.3317683881 0.0239632238 0.0721613632 0.8321404428 0.3078780777 2 0.8262211975 0.3347704511 2
0 0.7967282864 0.2839506173 0.0254303599 0.0686837072 0.7934895833 0.2981023329 2 0.8015625000 0.2580560366 2
0 0.9433588626 0.1050428023 0.0164614655 0.0464618870 0.9398437500 0.1022689961 2 0.9446614583 0.1210189961 2
0 0.7407325900 0.2013562859 0.0415688576 0.0373848026 0.7543549218 0.2058222559 2 0.7308979877 0.2025043547 2
0 0.7698307903 0.2430881586 0.0234741784 0.0773778473 0.7654293818 0.2183098592 2 0.7732466880 0.2641430017 2
0 0.7774109937 0.1922274387 0.0298317684 0.0765084333 0.7771531804 0.1799168961 2 0.7863283780 0.2211733424 2
0 0.8006406495 0.1539732220 0.0293427230 0.0625978091 0.7953789657 0.1422840195 2 0.8054641930 0.1684744957 2
0 0.8231367371 0.2596070249 0.0176056338 0.0669448792 0.8241148279 0.2374369675 2 0.8231367371 0.2782994262 2
0 0.8121332160 0.2296122413 0.0180946792 0.0730307773 0.8095052083 0.2275004811 2 0.8127604167 0.2548152959 2
0 0.8400088028 0.2656929230 0.0171165884 0.0669448792 0.8402533255 0.2809076682 2 0.8378080986 0.2409146235 2
0 0.8559027778 0.2400452095 0.0176056338 0.0695531212 0.8553392641 0.2215055765 2 0.8547710823 0.2496180263 2
0 0.8722857981 0.2052686489 0.0180946792 0.0591201530 0.8716041633 0.1947450105 2 0.8754719010 0.2165133286 2
0 0.8788274868 0.1687110460 0.0206607540 0.0468639282 0.8765843193 0.1593058457 2 0.8818221831 0.1809250565 2
0 0.8568808685 0.1657103113 0.0215179969 0.0669448792 0.8529685055 0.1513649800 2 0.8576283645 0.1902176998 2
0 0.8923366588 0.1613632412 0.0200508607 0.0478177708 0.8916666667 0.1659264035 2 0.8983072917 0.1504171442 2
0 0.8669504685 0.1236543381 0.0189844308 0.0520561992 0.8651041667 0.1136115887 2 0.8739974570 0.1400625978 2
0 0.8779098200 0.1152842984 0.0176056338 0.0634672231 0.8769531250 0.1073615887 2 0.8810983019 0.1302891928 2
0 0.0543484740 0.0809357283 0.0157963758 0.0389445239 0.0558593750 0.0705560331 2 0.0498654333 0.0899341683 2
0 0.0384767999 0.0883132473 0.0141555551 0.0356844079 0.0408854167 0.0812041812 2 0.0345052083 0.1025004775 2
0 0.0435443491 0.2400254332 0.0141571292 0.0434483124 0.0450520833 0.2295838109 2 0.0449218750 0.2573615887 2
0 0.0604583929 0.1169660361 0.0149022413 0.0537805330 0.0613281250 0.1101393664 2 0.0596354167 0.1349078850 2
0 0.0968943729 0.1098129603 0.0150512637 0.0357653791 0.0959262520 0.0983307251 2 0.0964152973 0.1183272474 2
0 0.0678350024 0.3176495523 0.0120708155 0.0357653791 0.0689629158 0.3100453592 2 0.0688047657 0.3291660553 2
0 0.0585211016 0.4246807609 0.0175846447 0.0299369470 0.0613281250 0.4242597368 2 0.0526041667 0.4298152924 2
0 0.0383285646 0.4226937954 0.0132629948 0.0344407354 0.0395833333 0.4117597368 2 0.0355842042 0.4312284585 2
0 0.0488346447 0.3659990463 0.0135610396 0.0355004504 0.0496093750 0.3587504775 2 0.0516927083 0.3775004775 2
0 0.1030788031 0.4331584804 0.0189258464 0.0378848090 0.1027343750 0.4307412183 2 0.1061197917 0.4460189961 2
0 0.0592662136 0.4838923330 0.0095374344 0.0341758067 0.0605268208 0.4710620538 2 0.0580310832 0.4998785790 2
0 0.0482463077 0.6829192788 0.0286278085 0.0271536639 0.0579036633 0.6831791283 2 0.0369763729 0.6878497694 2
0 0.1790315645 0.8393991294 0.0173382840 0.0588739028 0.1824218750 0.8150004775 2 0.1800781250 0.8469449220 2
0 0.1920451836 0.8547925608 0.0177336671 0.0378848090 0.1869502279 0.8456179207 2 0.1942418946 0.8650623651 2
0 0.2399558894 0.8973136226 0.0171375775 0.0365601653 0.2416713840 0.8835372331 2 0.2373545672 0.9055678844 2
0 0.1950256319 0.7516028188 0.0245886981 0.0365601653 0.1905177039 0.7598916631 2 0.2001195905 0.7442803001 2
0 0.2670034573 0.9737455624 0.0138590844 0.0331160918 0.2672453668 0.9713895256 2 0.2642939779 0.9837352046 2
0 0.2095553171 0.5955597944 0.0180317120 0.0482170296 0.2088957355 0.5773778473 2 0.2069395540 0.6104155799 2
0 0.2414502052 0.6374238942 0.0177418505 0.0381390181 0.2371093750 0.6305097368 2 0.2392134647 0.6501240481 2
0 0.1161927754 0.5041593811 0.0166905103 0.0455677423 0.1141203668 0.4963895256 2 0.1203519355 0.5245386047 2
0 0.2614928583 0.3341712279 0.0169950156 0.0567674897 0.2623697917 0.3258801072 2 0.2587349761 0.3512557972 2
0 0.3255692656 0.3588459704 0.0253338102 0.0453028135 0.3170116509 0.3677017114 2 0.3340252614 0.3494590739 2
0 0.7592989986 0.0835850156 0.0159453982 0.0564298204 0.7610677083 0.0997226998 2 0.7601562500 0.0733338109 2
0 0.7468556271 0.0686165422 0.0134120172 0.0418587400 0.7466145833 0.0575930701 2 0.7492187500 0.0802782553 2
0 0.9427455889 0.9357282891 0.0104315689 0.0397393101 0.9423177083 0.9332875146 2 0.9425251487 0.9501164093 2
0 0.6718973534 0.9015524824 0.0326359084 0.0249033010 0.6625578668 0.9028710071 2 0.6769675891 0.9016364392 2
0 0.8287434430 0.7845864462 0.0256318550 0.0498066020 0.8253108632 0.7770330373 2 0.8353822179 0.7992338790 2
0 0.8069805716 0.7839149361 0.0202713552 0.0321130379 0.8125000000 0.7786578850 2 0.8036458333 0.7902319590 2
0 0.8747913686 0.6996767869 0.0175846447 0.0389445239 0.8751302083 0.6851393664 2 0.8744791667 0.7052782553 2
0 0.8882778970 0.6307953161 0.0198199809 0.0302018757 0.8827298508 0.6229748506 2 0.8902056998 0.6392938567 2
0 0.8345553171 0.5780744980 0.0290593705 0.0333810205 0.8279947917 0.5761115887 2 0.8410156250 0.5791208479 2
0 0.9223295184 0.5967519737 0.0125178827 0.0365601653 0.9227048202 0.6088701214 2 0.9223531570 0.5946892609 2
0 0.9004977349 0.5498595878 0.0180317120 0.0450378848 0.9044817694 0.5416445629 2 0.9037129881 0.5701075521 2
0 0.8451359084 0.8796958618 0.0245886981 0.0336459492 0.8480468750 0.8865282553 2 0.8397135417 0.8733338109 2
0 0.8766037568 0.8945219170 0.0203152866 0.0235587494 0.8811197917 0.8913893664 2 0.8712239583 0.8927782553 2
0 0.8556518947 0.6431030168 0.0168593449 0.0407760544 0.8550781250 0.6332875146 2 0.8566406250 0.6580560331 2
0 0.1158477842 0.3712623992 0.0178628773 0.0467423107 0.1164661581 0.3548078595 2 0.1184223396 0.3808902800 2
0 0.0206125562 0.3883893527 0.0160565189 0.0242631842 0.0239583333 0.3893060331 2 0.0160156250 0.3976393664 2
0 0.2440992293 0.5999785913 0.0224791265 0.0296153572 0.2464843750 0.6094449220 2 0.2360312899 0.6023014615 2
0 0.2665783558 0.1491472204 0.0180635838 0.0378220224 0.2640625000 0.1379171442 2 0.2610677083 0.1515745516 2
0 0.9067316956 0.2078427175 0.0230812460 0.0356811532 0.9028511346 0.1957050948 2 0.9096977700 0.2139627891 2
0 0.9320207129 0.2033825733 0.0114402697 0.0367515878 0.9302478797 0.1930622585 2 0.9326846571 0.2118650194 2
