0 0.3376463015 0.6343112776 0.0259012172 0.0657511444
0 0.2602411049 0.5989388265 0.0271535581 0.0549313358
0 0.2974602060 0.5294423637 0.0163857678 0.0574282147
0 0.3580875468 0.5494173949 0.0205992509 0.0607573866
0 0.3761118914 0.5361007074 0.0276217228 0.0574282147
0 0.3028441011 0.3729712859 0.0308988764 0.0790678319
0 0.3578534644 0.6663545568 0.0173220974 0.0582605077
0 0.3887523408 0.6688514357 0.0201310861 0.0682480233
0 0.3662219101 0.7213899293 0.0174391386 0.0701206825
0 0.3836025281 0.7408447774 0.0323033708 0.0441115273
0 0.4079470974 0.7050561798 0.0266853933 0.0590928007
0 0.4294826779 0.7321057012 0.0201310861 0.0832292967
0 0.4505500936 0.7063046192 0.0313670412 0.0332917187
0 0.4610838015 0.7370994590 0.0365168539 0.0382854765
0 0.5114540773 0.7523187556 0.0244864374 0.0628896119
0 0.1488178839 0.5082188931 0.0159176030 0.0765709530
0 0.1698852996 0.4807532251 0.0177902622 0.0815647108
0 0.1616924157 0.5764669164 0.0294943820 0.0382854765
0 0.2045294944 0.5856221390 0.0299625468 0.0382854765
0 0.3894545880 0.7882854765 0.0177902622 0.0607573866
0 0.4451121445 0.8281903173 0.0364087460 0.0573377715
0 0.4568703184 0.8299001248 0.0177902622 0.0557636288
0 0.5702593606 0.8219084382 0.0353942001 0.0447740133
0 0.5764864232 0.8781731169 0.0220037453 0.0657511444
0 0.4968984082 0.9009571369 0.0454119850 0.0397419892
0 0.3604283708 0.8648564295 0.0187265918 0.0707449022
0 0.3765800562 0.8927382439 0.0201310861 0.0549313358
0 0.3741715783 0.9365045860 0.0379213483 0.0449438202
0 0.4697448502 0.5510819809 0.0266853933 0.0774032459
0 0.4910463483 0.6118393675 0.0290262172 0.0441115273
0 0.4290145131 0.5698085726 0.0191947566 0.0549313358
0 0.4458684457 0.6006034124 0.0220037453 0.0599250936
0 0.0404437905 0.1272085238 0.0229521878 0.0412550289
0 0.0586961610 0.1187057844 0.0220037453 0.0449438202
0 0.0951188369 0.0812229915 0.0308988764 0.0424469413
0 0.0996605805 0.1170411985 0.0280898876 0.0466084062
0 0.1012991573 0.1628173117 0.0163857678 0.0615896796
0 0.0982560861 0.2385559717 0.0177902622 0.0799001248
0 0.1094920412 0.2489596338 0.0215355805 0.0807324178
0 0.0640800562 0.4283187682 0.0290262172 0.0565959218
0 0.1055126404 0.4595297545 0.0182584270 0.0540990429
0 0.0991924157 0.3892009988 0.0159176030 0.0649188514
0 0.1167485955 0.6784228048 0.0266853933 0.0391177695
0 0.1233029026 0.6126716604 0.0220037453 0.0574282147
0 0.1066830524 0.5619017894 0.0187265918 0.0624219725
0 0.1637991573 0.6313982522 0.0252808989 0.0632542655
0 0.2356624532 0.6189138577 0.0191947566 0.0699126092
0 0.2302785581 0.5319392426 0.0327715356 0.0457761132
0 0.2007841760 0.5053058677 0.0346441948 0.0474406991
0 0.4182467228 0.2884935497 0.0285580524 0.0882230545
0 0.4685744382 0.2780898876 0.0252808989 0.0590928007
0 0.4498478464 0.3504993758 0.0252808989 0.0657511444
0 0.3821980337 0.2685185185 0.0210674157 0.0665834374
0 0.3447448502 0.3093008739 0.0191947566 0.0682480233
0 0.3314021536 0.3575738660 0.0215355805 0.0599250936
0 0.3714302434 0.3047232626 0.0210674157 0.0640865585
0 0.4133309925 0.3746358718 0.0271535581 0.0607573866
0 0.2639864232 0.3971077819 0.0234082397 0.0640865585
0 0.2930126404 0.7803786933 0.0280898876 0.0615896796
0 0.2665613296 0.8365584686 0.0182584270 0.0690803163
0 0.2792017790 0.8523720350 0.0294943820 0.0341240117
0 0.3016736891 0.8648564295 0.0163857678 0.0607573866
0 0.3326860600 0.8431180301 0.0159176030 0.0649188514
0 0.3278785041 0.8625860141 0.0322690860 0.0649514286
0 0.1853347378 0.0392218061 0.0374531835 0.0357885976
0 0.5704558459 0.7163951206 0.0215355805 0.0898876404
0 0.6022354869 0.8823345818 0.0248127341 0.0757386600
0 0.5921699438 0.7296088223 0.0280898876 0.0632542655
0 0.6202598315 0.7500000000 0.0205992509 0.0840615897
0 0.6193235019 0.8049313358 0.0224719101 0.0540990429
0 0.6345388577 0.6634415314 0.0182584270 0.0823970037
0 0.6570107678 0.6767582189 0.0266853933 0.0624219725
0 0.6525632022 0.7470869746 0.0271535581 0.0699126092
0 0.6746196161 0.7364960466 0.0159176030 0.0674157303
0 0.6380500936 0.8465459842 0.0346441948 0.0474406991
0 0.6677785581 0.5743861839 0.0285580524 0.0724094881
0 0.6307935393 0.5419267582 0.0210674157 0.0690803163
0 0.1886482940 0.1230679498 0.0147637795 0.0685331000
0 0.1755249344 0.1310877807 0.0164041995 0.0670749490
0 0.1630167323 0.1186934966 0.0192749344 0.0656167979
0 0.1486630577 0.1493146690 0.0168143045 0.0641586468
0 0.1369750656 0.1321813940 0.0164041995 0.0648877224
0 0.1248769685 0.0789588801 0.0258366142 0.0342665500
0 0.1240567585 0.1055701371 0.0250164042 0.0277048702
0 0.1199557087 0.1496792068 0.0184547244 0.0634295713
0 0.1338992782 0.2265966754 0.0200951444 0.0481189851
0 0.1234416010 0.2623213765 0.0155839895 0.0481189851
0 0.0530407475 0.3308142702 0.0164675245 0.0544662309
0 0.0335094975 0.3876633987 0.0126378676 0.0510620915
0 0.0294883578 0.4308959695 0.0153186275 0.0449346405
0 0.0802313113 0.5425517429 0.0172334559 0.0476579521
0 0.0658700980 0.6916530501 0.0168504902 0.0462962963
0 0.0474877451 0.6913126362 0.0137867647 0.0456154684
0 0.0746783088 0.7532679739 0.0160845588 0.0428921569
0 0.0716145833 0.8298611111 0.0153186275 0.0476579521
0 0.0589767157 0.8206699346 0.0130208333 0.0415305011
0 0.0400199142 0.8553921569 0.0134037990 0.0428921569
0 0.0285309436 0.8489242919 0.0126378676 0.0381263617
0 0.0578278186 0.8666258170 0.0222120098 0.0435729847
0 0.0597426471 0.7604166667 0.0222120098 0.0490196078
0 0.0591994105 0.5121945699 0.0134037990 0.0483387800
0 0.0315946691 0.5343818083 0.0157015931 0.0422113290
0 0.0314031863 0.5735294118 0.0137867647 0.0415305011
0 0.0604487521 0.2164441539 0.0191887027 0.0562918837
0 0.0853089080 0.2046615581 0.0179597701 0.0550766284
0 0.0805944684 0.6161398467 0.0202047414 0.0542784163
0 0.0992277299 0.6333014049 0.0197557471 0.0534802043
0 0.0987787356 0.6939655172 0.0179597701 0.0518837803
0 0.1196569684 0.8915229885 0.0157147989 0.0542784163
0 0.1302083333 0.9078863346 0.0143678161 0.0502873563
0 0.1409841954 0.9302362708 0.0107758621 0.0646551724
0 0.1398617098 0.8579980843 0.0166127874 0.0558748404
0 0.1578214799 0.8839399745 0.0246946839 0.0518837803
0 0.1618624282 0.8504150702 0.0237966954 0.0375159642
0 0.1364942529 0.7857598978 0.0143678161 0.0598659004
0 0.1486170977 0.7921455939 0.0134698276 0.0566730524
0 0.1611889368 0.8081098340 0.0161637931 0.0470945083
0 0.1719647989 0.7829661558 0.0197557471 0.0606641124
0 0.1560255029 0.7666028097 0.0193067529 0.0534802043
0 0.1748832615 0.7342752235 0.0273886494 0.0494891443
0 0.1939655172 0.7223020434 0.0251436782 0.0367177522
0 0.1822916667 0.6811941252 0.0215517241 0.0614623244
0 0.1858836207 0.6081577267 0.0269396552 0.0399106003
0 0.1355962644 0.5566730524 0.0188577586 0.0646551724
0 0.2139457615 0.6939655172 0.0345725575 0.0343231162
0 0.2617636494 0.7494412516 0.0170617816 0.0542784163
0 0.2451508621 0.7741858238 0.0294856378 0.0428882004
0 0.2310075431 0.7418582375 0.0327765805 0.0518837803
0 0.2141702586 0.7602171137 0.0314295977 0.0550766284
0 0.2260686063 0.8148946360 0.0148168103 0.0590676884
0 0.2139457615 0.8364463602 0.0273886494 0.0638569604
0 0.2150682471 0.9122765006 0.0134698276 0.0494891443
0 0.1893353271 0.8586774614 0.0273452635 0.0618793677
0 0.2857848420 0.4556992337 0.0336745690 0.0590676884
0 0.2662535920 0.4780491699 0.0287356322 0.0670498084
0 0.2063128592 0.1859035760 0.0166127874 0.0590676884
0 0.1910470546 0.4453224777 0.0175107759 0.0638569604
0 0.2081088362 0.4233716475 0.0175107759 0.0566730524
0 0.2229256466 0.3978288633 0.0184087644 0.0582694764
0 0.2051903736 0.3407567050 0.0152658046 0.0638569604
0 0.2195581897 0.2681194125 0.0215517241 0.0462962963
0 0.2227011494 0.2238186462 0.0206537356 0.0454980843
0 0.2354974856 0.2541507024 0.0148168103 0.0486909323
0 0.2363954741 0.3140166028 0.0184087644 0.0678480204
0 0.2489673132 0.3467432950 0.0184087644 0.0758301405
0 0.2783764368 0.3076309068 0.0224497126 0.0822158365
0 0.2642331178 0.2685185185 0.0300826149 0.0566730524
0 0.2975221867 0.2582546409 0.0291846264 0.0822158365
0 0.3114546144 0.3184067688 0.0291846264 0.0431034483
0 0.3344403990 0.4588553962 0.0265106162 0.0774257582
0 0.3600057832 0.4275789296 0.0265942389 0.0709761400
0 0.4081357759 0.4700670498 0.0278376437 0.0526819923
0 0.4063397989 0.5139687101 0.0341235632 0.0574712644
0 0.4308099856 0.4804438059 0.0291846264 0.0574712644
0 0.4501167385 0.4952107280 0.0255926724 0.0566730524
0 0.4705459770 0.4800446999 0.0251436782 0.0614623244
0 0.3957884339 0.3040389527 0.0184087644 0.0638569604
0 0.0929418103 0.9505906769 0.0170617816 0.0542784163
0 0.1066361351 0.9314335888 0.0166127874 0.0606641124
0 0.1584949713 0.9378192848 0.0143678161 0.0526819923
0 0.1708423132 0.9438058748 0.0112248563 0.0518837803
0 0.1798221983 0.9194604087 0.0166127874 0.0606641124
0 0.1995779454 0.9362228608 0.0237966954 0.0638569604
0 0.2285380747 0.9366219668 0.0188577586 0.0662515964
0 0.2494163075 0.9003033206 0.0291846264 0.0510855683
0 0.2052156690 0.8804773083 0.0165052817 0.0619457486
0 0.3216696009 0.9499676618 0.0308098592 0.0416400546
0 0.2741529304 0.9568579569 0.0263278388 0.0396825397
0 0.2423878205 0.7024827025 0.0257554945 0.0722425722
0 0.2050673675 0.6589159384 0.0275735294 0.0755718954
0 0.2600337010 0.6899509804 0.0337009804 0.0497004357
0 0.3167691257 0.5406041287 0.0307377049 0.0356709168
0 0.2930295950 0.0647282797 0.0408878505 0.0432675666
0 0.2179930634 0.0618210488 0.0300281829 0.0634136449
0 0.2362433722 0.0719663528 0.0189836449 0.0778816199
0 0.2514116044 0.1966943579 0.0219042056 0.0562478366
0 0.3762655763 0.1356870890 0.0214174455 0.0692281066
0 0.4370769120 0.2150581621 0.0304038241 0.0560048390
0 0.4726440810 0.1400138456 0.0223909657 0.0726895119
0 0.4590147975 0.1806853583 0.0243380062 0.0692281066
0 0.4685066199 0.2161647629 0.0277453271 0.0398061613
0 0.3271028037 0.2321737625 0.0330996885 0.0406715126
0 0.2813473520 0.1971270336 0.0282320872 0.0363447560
0 0.2891355140 0.1551574939 0.0233644860 0.0510557286
0 0.3143330074 0.1210806391 0.0219660077 0.0639144605
0 0.3470244190 0.1650361114 0.0160630841 0.0475943233
0 0.3497371495 0.1127552786 0.0189836449 0.0614399446
0 0.3107963396 0.1971270336 0.0219042056 0.0692281066
0 0.4336007564 0.1142491023 0.0228447835 0.0595676390
0 0.4142328660 0.1127552786 0.0311526480 0.0406715126
0 0.3908683801 0.1854447906 0.0301791277 0.0354794046
0 0.3679906542 0.2252509519 0.0292056075 0.0354794046
0 0.5195727305 0.6631126076 0.0270452927 0.0486344931
0 0.5302767256 0.6958401681 0.0400357744 0.0392673170
0 0.6612802707 0.5091009813 0.0369480057 0.0704336815
0 0.6465900997 0.6012978791 0.0262642450 0.0538144983
0 0.6868767806 0.6250395695 0.0240384615 0.0728078506
0 0.7075765670 0.5455049066 0.0289351852 0.0530231086
0 0.7273860399 0.5957581513 0.0302706553 0.0775561887
0 0.5482104701 0.1707818930 0.0280448718 0.0743906299
0 0.4893738027 0.4430076628 0.0299329502 0.0367177522
0 0.6473214286 0.2416225750 0.0238095238 0.0740740741
0 0.6220238095 0.0665784832 0.0178571429 0.0749559083
0 0.6711309524 0.1922398589 0.0347222222 0.0388007055
0 0.7031250000 0.2010582011 0.0233134921 0.0529100529
0 0.7239583333 0.2323633157 0.0282738095 0.0714285714
0 0.6986607143 0.2451499118 0.0312500000 0.0705467372
0 0.6785714286 0.2513227513 0.0317460317 0.0670194004
0 0.6785714286 0.3130511464 0.0218253968 0.0828924162
0 0.6592261905 0.3187830688 0.0248015873 0.0802469136
0 0.6855158730 0.3637566138 0.0148809524 0.0679012346
0 0.7011408730 0.3236331570 0.0262896825 0.0864197531
0 0.7234623016 0.3196649030 0.0233134921 0.0855379189
0 0.7576884921 0.2323633157 0.0332341270 0.0749559083
0 0.7530068441 0.0431751977 0.0243055556 0.0679012346
0 0.7757936508 0.0361552028 0.0208333333 0.0546737213
0 0.8010912698 0.0696649030 0.0218253968 0.0758377425
0 0.8167162698 0.0917107584 0.0243055556 0.0758377425
0 0.8427579365 0.1009700176 0.0357142857 0.0714285714
0 0.7817460317 0.1000881834 0.0238095238 0.0661375661
0 0.7676091270 0.1472663139 0.0352182540 0.0723104056
0 0.8060515873 0.1499118166 0.0277777778 0.0493827160
0 0.8261408730 0.1843033510 0.0322420635 0.0687830688
0 0.7996031746 0.1913580247 0.0228174603 0.0687830688
0 0.7864583333 0.2477954145 0.0282738095 0.0864197531
0 0.8008432540 0.2442680776 0.0282738095 0.0670194004
0 0.8201884921 0.2539682540 0.0203373016 0.0811287478
0 0.8392857143 0.2557319224 0.0218253968 0.0881834215
0 0.8487103175 0.3073192240 0.0218253968 0.0784832451
0 0.7971230159 0.3223104056 0.0406746032 0.0661375661
0 0.7492559524 0.2954144621 0.0362103175 0.0652557319
0 0.7673611111 0.3289241623 0.0218253968 0.0670194004
0 0.8278769841 0.3699294533 0.0198412698 0.0820105820
0 0.8129960317 0.3906525573 0.0198412698 0.0652557319
0 0.8554067460 0.4065255732 0.0223214286 0.0934744268
0 0.7403273810 0.3840388007 0.0193452381 0.0731922399
0 0.6708829365 0.4462081129 0.0233134921 0.0705467372
0 0.6845238095 0.4920634921 0.0188492063 0.0687830688
0 0.7219742063 0.5061728395 0.0352182540 0.0458553792
0 0.7539682540 0.4576719577 0.0287698413 0.0599647266
0 0.7699541310 0.4235256525 0.0290234305 0.0540841805
0 0.7971230159 0.4122574956 0.0168650794 0.0679012346
0 0.7938988095 0.4611992945 0.0372023810 0.0582010582
0 0.8535791931 0.4633496923 0.0203373016 0.0634920635
0 0.8360615079 0.4514991182 0.0272817460 0.0440917108
0 0.7509614098 0.5097695341 0.0223214286 0.0458553792
0 0.7847417291 0.5445128114 0.0213293651 0.0396825397
0 0.7579365079 0.5559964727 0.0228174603 0.0396825397
0 0.8100198413 0.5498236332 0.0218253968 0.0608465608
0 0.8375496032 0.5762786596 0.0183531746 0.0520282187
0 0.8539186508 0.5559964727 0.0193452381 0.0626102293
0 0.8521825397 0.6335978836 0.0208333333 0.0520282187
0 0.7899305556 0.6278659612 0.0322420635 0.0476190476
0 0.7879464286 0.6741622575 0.0233134921 0.0679012346
0 0.7331349206 0.6679894180 0.0317460317 0.0449735450
0 0.7197420635 0.7054673721 0.0218253968 0.0599647266
0 0.7609126984 0.6829805996 0.0238095238 0.0767195767
0 0.8110119048 0.6728395062 0.0208333333 0.0617283951
0 0.6517857143 0.4122574956 0.0188492063 0.0696649030
0 0.6195627289 0.9161579162 0.0257554945 0.0742775743
0 0.6083460084 0.9750712251 0.0228937729 0.0498575499
0 0.6424565018 0.9059829060 0.0188873626 0.0681725682
0 0.6592149365 0.8150023094 0.0332789285 0.0442784432
0 0.6624790140 0.9049738841 0.0257364164 0.0661206078
0 0.6879578755 0.9146316646 0.0240384615 0.0671550672
0 0.7117101648 0.8545991046 0.0234661172 0.0590150590
0 0.7054143773 0.8902116402 0.0211767399 0.0651200651
0 0.6935527020 0.9752873011 0.0343406593 0.0437525438
0 0.7151442308 0.9680453805 0.0188873626 0.0620573871
0 0.7288804945 0.7655677656 0.0200320513 0.0722425722
0 0.7466231685 0.7482702483 0.0188873626 0.0824175824
0 0.7644211980 0.7391904649 0.0183150183 0.0834350834
0 0.7403273810 0.7971102971 0.0211767399 0.0498575499
0 0.7842678155 0.7433793059 0.0171703297 0.0752950753
0 0.7901213370 0.7854090354 0.0154532967 0.0752950753
0 0.8060542973 0.7180472884 0.0200157915 0.0378412097
0 0.8361950549 0.7442002442 0.0148809524 0.0722425722
0 0.8276098901 0.7263939764 0.0240384615 0.0671550672
0 0.8083815336 0.8050951544 0.0232346984 0.0552914383
0 0.7348901099 0.8398453398 0.0160256410 0.0641025641
0 0.7514880952 0.8418803419 0.0160256410 0.0579975580
0 0.7615041209 0.8149165649 0.0188873626 0.0671550672
0 0.7792467949 0.8449328449 0.0200320513 0.0600325600
0 0.7926258257 0.8536616318 0.0216069628 0.0446099884
0 0.8567994505 0.7157102157 0.0228937729 0.0559625560
0 0.7457646520 0.8861416361 0.0274725275 0.0468050468
0 0.7646520147 0.9125966626 0.0171703297 0.0712250712
0 0.7217261905 0.9248066748 0.0183150183 0.0610500611
0 0.7370850504 0.9403286528 0.0195798993 0.0545278795
0 0.7798191392 0.9253154253 0.0165979853 0.0539275539
0 0.8067193223 0.9125966626 0.0200320513 0.0610500611
0 0.8428419615 0.8591381694 0.0168009443 0.0480751190
0 0.8161630037 0.9446479446 0.0206043956 0.0620675621
0 0.8410599817 0.9777116402 0.0177426740 0.0427248677
0 0.8347641941 0.9370166870 0.0154532967 0.0427350427
0 0.8456387363 0.9395604396 0.0154532967 0.0457875458
0 0.8583074358 0.9220464327 0.0167035240 0.0527873755
0 0.8519345238 0.7696377696 0.0165979853 0.0539275539
0 0.8695836292 0.7657621197 0.0233561499 0.0539961495
0 0.8891369048 0.8373015873 0.0188873626 0.0691900692
0 0.8791208791 0.6510989011 0.0217490842 0.0549450549
0 0.8719279901 0.2995522996 0.0154532967 0.0742775743
0 0.8805517399 0.1825396825 0.0234661172 0.0742775743
0 0.8948278723 0.3311405615 0.0243657910 0.0765869586
0 0.8671016484 0.3565323565 0.0228937729 0.0579975580
0 0.8877060440 0.3758648759 0.0320512821 0.0437525438
0 0.9211881868 0.3865486365 0.0211767399 0.0814000814
0 0.8985805861 0.4267399267 0.0240384615 0.0539275539
0 0.8754006410 0.4409849410 0.0303342491 0.0457875458
0 0.8917124542 0.5035612536 0.0171703297 0.0590150590
0 0.8625228938 0.5081400081 0.0263278388 0.0579975580
0 0.8879922161 0.5635938136 0.0314789377 0.0386650387
0 0.9043040293 0.5081400081 0.0228937729 0.0335775336
0 0.9111072097 0.7654534396 0.0128745318 0.0450558597
0 0.9186126374 0.5961538462 0.0320512821 0.0386650387
0 0.8759729853 0.9380341880 0.0143086081 0.0508750509
0 0.9134615385 0.9522792023 0.0194597070 0.0549450549
0 0.9143200549 0.6332926333 0.0188873626 0.0437525438
0 0.9163232601 0.6724664225 0.0228937729 0.0386650387
0 0.9309180403 0.6424501425 0.0131639194 0.0641025641
0 0.9412202381 0.6475376475 0.0154532967 0.0702075702
0 0.9389308608 0.4079161579 0.0154532967 0.0569800570
0 0.9203296703 0.4531949532 0.0183150183 0.0600325600
0 0.9240499084 0.5203500204 0.0177426740 0.0579975580
0 0.9452266484 0.2298534799 0.0154532967 0.0651200651
0 0.9229052198 0.7731990232 0.0154532967 0.0508750509
0 0.9623969780 0.7731990232 0.0200320513 0.0549450549
0 0.9629693223 0.8871591372 0.0131639194 0.0468050468
0 0.8945995329 0.1371514093 0.0177426740 0.0641025641
0 0.8974358974 0.8993691494 0.0137362637 0.0386650387
0 0.9039664105 0.3374970847 0.0188873626 0.0620675621
0 0.4507211538 0.0528083028 0.0291895604 0.0447700448
0 0.4885855893 0.0785087779 0.0327773233 0.0512637591
0 0.3399725275 0.9812728938 0.0343406593 0.0356023606
0 0.2226419414 0.4816849817 0.0469322344 0.0579975580
0 0.1990511551 0.2497249725 0.0206270627 0.0834250092
0 0.2000825083 0.1562156216 0.0319719472 0.0907590759
0 0.7187219158 0.4334581518 0.0334916258 0.0405274147
0 0.7038909314 0.4571078431 0.0191482843 0.0605936819
0 0.6441765879 0.0231573454 0.0388008713 0.0404021771
0 0.9395900623 0.7061851552 0.0180786971 0.0678509125
0 0.2044471113 0.8152913883 0.0216524094 0.0459918422
0 0.9550946700 0.8224441305 0.0181977816 0.0445510737
0 0.9455905897 0.8944708212 0.0132903055 0.0364262691
0 0.3580775647 0.2686989412 0.0347763010 0.0332901343
0 0.1313499968 0.0336049192 0.0196297966 0.0469607205
0 0.1749717670 0.0797039751 0.0273847779 0.0323124223
0 0.0748355702 0.3685475443 0.0120977709 0.0501833461
0 0.0880917414 0.4909017693 0.0135712174 0.0504073789
0 0.0420707739 0.4964885711 0.0133773429 0.0358452472
0 0.1076391413 0.7994178871 0.0255914385 0.0231615443
0 0.0939672318 0.8304572497 0.0145173251 0.0461025025
0 0.0436702388 0.9393560457 0.0133288742 0.0435140621
0 0.0479257848 0.1679656046 0.0144242653 0.0587310589
0 0.1225044712 0.3783233504 0.0174487081 0.0577315279
0 0.0282447511 0.3114613189 0.0150252764 0.0443757267
0 0.0777290860 0.2695999061 0.0106498462 0.0391809158
0 0.0164793354 0.7807644768 0.0118263466 0.0499765466
0 0.2120520854 0.9859677921 0.0181757376 0.0280644159
0 0.1966245686 0.9824716741 0.0147344646 0.0350566518
0 0.1742802348 0.9848154018 0.0127181694 0.0303691964
0 0.0415031093 0.6421013639 0.0153440061 0.0641436912
0 0.0703764559 0.5682706772 0.0226833205 0.0251606062
0 0.0413340507 0.7645004032 0.0133385679 0.0341908512
0 0.0413185407 0.8033815849 0.0122838905 0.0397055046
0 0.0756110683 0.5102469806 0.0179915568 0.0369481779
0 0.0824936143 0.3298341346 0.0182242062 0.0206799503
0 0.0429625968 0.2372774571 0.0134936676 0.0521134748
0 0.0610317033 0.9632889522 0.0269873351 0.0259188710
0 0.3639125802 0.9807978045 0.0138135606 0.0384043910
0 0.1626122655 0.1787954037 0.0128441879 0.0495457143
0 0.3715154278 0.0381889749 0.0314852243 0.0540436035
0 0.4140055003 0.0542848695 0.0344127298 0.0392057391
0 0.4691176256 0.0224446394 0.0179915568 0.0448892788
0 0.2742070299 0.0428764303 0.0161303612 0.0435657620
0 0.1111870453 0.0572145292 0.0166732099 0.0485978832
0 0.1549307171 0.0544572025 0.0183017560 0.0441172273
0 0.3380772460 0.4134801610 0.0477416040 0.0663481739
0 0.4336126570 0.4336007007 0.0404713090 0.0383440745
0 0.4316982299 0.1744870807 0.0348974161 0.0357590807
0 0.2977989730 0.1033997515 0.0336857003 0.0521307081
0 0.0497559604 0.3667415952 0.0207213102 0.0222791998
0 0.0592286702 0.3983423628 0.0127957193 0.0437725615
0 0.0754022084 0.4434664080 0.0156650624 0.0515620094
0 0.3167753655 0.0241266087 0.0208415124 0.0435140621
0 0.2324384746 0.1766412422 0.0271424348 0.0392057391
0 0.3778778693 0.9802658128 0.0138038668 0.0394683745
0 0.5043074738 0.9732582393 0.0242343168 0.0534835215
0 0.4779633448 0.9814440529 0.0210838556 0.0371118941
0 0.5692679241 0.9826913124 0.0381690489 0.0290811801
0 0.5069281439 0.0398433709 0.0342770176 0.0435657620
0 0.8247975223 0.0398089043 0.0261730621 0.0558358658
0 0.8718813419 0.0643835786 0.0215588482 0.0523892074
0 0.9430259146 0.1047877145 0.0184197154 0.0542005420
0 0.9569994919 0.1556007227 0.0146087398 0.0542005420
0 0.9662093496 0.1584236676 0.0152439024 0.0575880759
0 0.6246610489 0.6413979060 0.0208415124 0.0689331677
0 0.7691234751 0.9864697978 0.0252812392 0.0270604043
0 0.9399826482 0.1778185720 0.0142691657 0.0443929600
0 0.9248604346 0.1509517953 0.0172160586 0.0430142966
0 0.9214482428 0.2107887685 0.0122528706 0.0438414946
0 0.9329258268 0.2137843968 0.0081396284 0.0307055902
0 0.9583247302 0.2102362821 0.0139589665 0.0475638857
0 0.9914065113 0.2946501982 0.0079973245 0.0336049192
0 0.9399066494 0.2873536970 0.0124079702 0.0499765466
0 0.9040398606 0.2704668612 0.0329586708 0.0327432546
0 0.9649911060 0.4300683234 0.0123595015 0.0581623602
0 0.9642557399 0.3421593670 0.0119426713 0.0441172273
0 0.9783698060 0.2954759996 0.0122528706 0.0534921381
0 0.9457821335 0.3748960313 0.0173711583 0.0295585423
0 0.9814717985 0.4322802859 0.0138038668 0.0537678708
0 0.9878937917 0.4055862496 0.0107204862 0.0458819164
0 0.9392461835 0.4558766055 0.0213201477 0.0253249787
0 0.9404412590 0.5137328199 0.0137672703 0.0404519794
0 0.9484243637 0.4971916996 0.0115683313 0.0346731252
0 0.9371428505 0.5440980382 0.0092737862 0.0316137318
0 0.9461982726 0.5488645731 0.0089487257 0.0392962085
0 0.9556800976 0.5236660494 0.0098665437 0.0516697551
0 0.9681471256 0.5237585111 0.0133848461 0.0509898899
0 0.9734741032 0.4712252830 0.0086045439 0.0235828241
0 0.9502326769 0.4344225699 0.0134602223 0.0444400991
0 0.9549859103 0.2756018275 0.0157159189 0.0532492312
0 0.9776154432 0.2587185868 0.0180810723 0.0286099573
0 0.9667535467 0.2424529846 0.0189330600 0.0239818760
0 0.9476826304 0.5910313529 0.0251454703 0.0276107125
0 0.9840141371 0.7434900610 0.0205231412 0.0246524218
0 0.9640456754 0.7213620471 0.0142367736 0.0466752520
0 0.9499013483 0.7340761228 0.0114633762 0.0414160687
0 0.9621042972 0.6621502169 0.0125727351 0.0378003801
0 0.9876625538 0.6386551054 0.0107207985 0.0502469747
0 0.9952943900 0.7049297204 0.0094112199 0.0456784431
0 0.9857397611 0.7048447373 0.0126976777 0.0297441025
0 0.9937894314 0.6748762793 0.0101342406 0.0309338666
0 0.9951040290 0.5712309239 0.0097919420 0.0381290791
0 0.9231842862 0.8689233116 0.0134972010 0.0460178541
0 0.9336307499 0.8829371532 0.0088748719 0.0368142833
0 0.9450978239 0.9551260183 0.0166477805 0.0528416445
0 0.9258652371 0.9232027755 0.0151612394 0.0279394114
0 0.9544719074 0.9603128878 0.0180159899 0.0523288741
0 0.9706093827 0.8375766970 0.0122029488 0.0440456603
0 0.9708867224 0.8884198518 0.0197835685 0.0539066291
0 0.9797615943 0.9317489484 0.0153461326 0.0253098198
0 0.9488274888 0.9196291604 0.0133123078 0.0291884675
0 0.9876550532 0.8357451864 0.0105019317 0.0318180591
0 0.8738178115 0.8969068589 0.0112784830 0.0338559927
0 0.9046025232 0.8415210845 0.0236663250 0.0262959166
0 0.8854235553 0.9564013702 0.0146065599 0.0318837989
0 0.9185619571 0.9866646833 0.0109086967 0.0266706334
0 0.9211504614 0.8188408564 0.0179346369 0.0223515291
0 0.8928867679 0.7369833114 0.0224182961 0.0558788228
0 0.6624237206 0.1445505026 0.0276184163 0.0650464422
0 0.7842010230 0.9798096665 0.0145603366 0.0328698958
0 0.9971925822 0.4826349584 0.0056148356 0.0305032633
0 0.9629669347 0.5603618458 0.0182230702 0.0172501213
