0 0.3391669828 0.6451250110 0.0259012172 0.0657511444
0 0.2540453405 0.5822391319 0.0271535581 0.0549313358
0 0.2974602060 0.5294423637 0.0163857678 0.0574282147
0 0.3517873084 0.5303570246 0.0205992509 0.0607573866
0 0.3761118914 0.5361007074 0.0276217228 0.0574282147
0 0.3028441011 0.3729712859 0.0308988764 0.0790678319
0 0.3530942131 0.6695078842 0.0268406001 0.0645671624
0 0.3887523408 0.6688514357 0.0201310861 0.0682480233
0 0.3667485955 0.7187890137 0.0163857678 0.0649188514
0 0.3977321346 0.7359948483 0.0381649990 0.0407920756
0 0.4229418732 0.6818821544 0.0323268645 0.0602311284
0 0.4286776993 0.7456733675 0.0202203621 0.0723145642
0 0.4505500936 0.7063046192 0.0313670412 0.0332917187
0 0.4583699859 0.7660084858 0.0349109768 0.0630498654
0 0.5088366105 0.7579067832 0.0234082397 0.0665834374
0 0.1488178839 0.5082188931 0.0159176030 0.0765709530
0 0.1698852996 0.4807532251 0.0177902622 0.0815647108
0 0.1616924157 0.5764669164 0.0294943820 0.0382854765
0 0.2045294944 0.5856221390 0.0299625468 0.0382854765
0 0.3894545880 0.7882854765 0.0177902622 0.0607573866
0 0.4395704785 0.8304069837 0.0275420803 0.0443661680
0 0.4568703184 0.8299001248 0.0177902622 0.0557636288
0 0.5701214754 0.8139698345 0.0365168539 0.0424469413
0 0.5612433379 0.8906275766 0.0318701446 0.0705966987
0 0.4973665730 0.9077195173 0.0463483146 0.0532667499
0 0.3613936200 0.8610812325 0.0167960933 0.0631945084
0 0.3724978875 0.9354313206 0.0415895908 0.0505465729
0 0.4697448502 0.5510819809 0.0266853933 0.0774032459
0 0.4852853997 0.5999580470 0.0383214770 0.0406740896
0 0.4290145131 0.5698085726 0.0191947566 0.0549313358
0 0.4458684457 0.6006034124 0.0220037453 0.0599250936
0 0.0488833993 0.1406630519 0.0182584270 0.0516021640
0 0.0550553574 0.1327867946 0.0220037453 0.0449438202
0 0.0952910058 0.0847361311 0.0150581466 0.0345321553
0 0.1036815344 0.1019309566 0.0188152383 0.0372075586
0 0.1012991573 0.1628173117 0.0163857678 0.0615896796
0 0.0982560861 0.2385559717 0.0177902622 0.0799001248
0 0.1098502457 0.2483668814 0.0200053694 0.0708663576
0 0.0510693807 0.4495861154 0.0279524323 0.0305347482
0 0.1080670759 0.4541579124 0.0147942930 0.0618738772
0 0.1013853982 0.3862770221 0.0159176030 0.0649188514
0 0.1139409918 0.6792566368 0.0229192984 0.0517431367
0 0.1250751657 0.6176607459 0.0255482714 0.0674063857
0 0.1125385751 0.5619017894 0.0187265918 0.0624219725
0 0.1637991573 0.6313982522 0.0252808989 0.0632542655
0 0.2356624532 0.6189138577 0.0191947566 0.0699126092
0 0.2302785581 0.5319392426 0.0327715356 0.0457761132
0 0.2061161298 0.5032297523 0.0239802872 0.0432884683
0 0.4182467228 0.2884935497 0.0285580524 0.0882230545
0 0.4685744382 0.2780898876 0.0252808989 0.0590928007
0 0.4498478464 0.3504993758 0.0252808989 0.0657511444
0 0.3821980337 0.2685185185 0.0210674157 0.0665834374
0 0.3447448502 0.3093008739 0.0191947566 0.0682480233
0 0.3314021536 0.3575738660 0.0215355805 0.0599250936
0 0.3714302434 0.3047232626 0.0210674157 0.0640865585
0 0.4194064609 0.3656024482 0.0271535581 0.0607573866
0 0.2447941770 0.4727043274 0.0316256206 0.0816409237
0 0.2930126404 0.7803786933 0.0280898876 0.0615896796
0 0.2662348834 0.8451506818 0.0176055345 0.0518958898
0 0.2792017790 0.8523720350 0.0294943820 0.0341240117
0 0.3016736891 0.8648564295 0.0163857678 0.0607573866
0 0.3269435652 0.8301300507 0.0307502741 0.0733886772
0 0.3286790780 0.8670633340 0.0243445693 0.0524344569
0 0.5756333147 0.7133155346 0.0259507440 0.0756428333
0 0.5998931488 0.8864987384 0.0201280579 0.0674103468
0 0.5841158289 0.7150947899 0.0203646419 0.0599939098
0 0.6202598315 0.7500000000 0.0205992509 0.0840615897
0 0.6345388577 0.6634415314 0.0182584270 0.0823970037
0 0.6587962989 0.6857309026 0.0310593629 0.0392177966
0 0.6464254357 0.7657925489 0.0271535581 0.0699126092
0 0.6745280348 0.7423815046 0.0167761070 0.0593485181
0 0.6364563060 0.8493537215 0.0346441948 0.0394623151
0 0.6677785581 0.5743861839 0.0285580524 0.0724094881
0 0.6307935393 0.5419267582 0.0210674157 0.0690803163
0 0.1886482940 0.1230679498 0.0147637795 0.0685331000
0 0.1755249344 0.1310877807 0.0164041995 0.0670749490
0 0.1630167323 0.1186934966 0.0192749344 0.0656167979
0 0.1486630577 0.1493146690 0.0168143045 0.0641586468
0 0.1374274440 0.1644840438 0.0164041995 0.0648877224
0 0.1248769685 0.0789588801 0.0258366142 0.0342665500
0 0.1160876085 0.1164946267 0.0250164042 0.0277048702
0 0.1199557087 0.1496792068 0.0184547244 0.0634295713
0 0.1338992782 0.2265966754 0.0200951444 0.0481189851
0 0.1234416010 0.2623213765 0.0155839895 0.0481189851
0 0.0530407475 0.3308142702 0.0164675245 0.0544662309
0 0.0278613110 0.3813646948 0.0126378676 0.0510620915
0 0.0294883578 0.4308959695 0.0153186275 0.0449346405
0 0.0815283828 0.5055559476 0.0146324600 0.0436504917
0 0.0678592301 0.6665195856 0.0195549772 0.0544029583
0 0.0489511326 0.6994957781 0.0130622368 0.0327713294
0 0.0685381665 0.7795894136 0.0202245312 0.0289966565
0 0.0716145833 0.8298611111 0.0153186275 0.0476579521
0 0.0589767157 0.8206699346 0.0130208333 0.0415305011
0 0.0400199142 0.8553921569 0.0134037990 0.0428921569
0 0.0220111138 0.8301817079 0.0126378676 0.0381263617
0 0.0578278186 0.8666258170 0.0222120098 0.0435729847
0 0.0738121650 0.7567211746 0.0165513946 0.0431196477
0 0.0720492595 0.5733383434 0.0264254858 0.0541339818
0 0.0299499323 0.5314578317 0.0157015931 0.0422113290
0 0.0610632184 0.2138409962 0.0179597701 0.0510855683
0 0.0853089080 0.2046615581 0.0179597701 0.0550766284
0 0.0829666091 0.6171577496 0.0169102460 0.0421505827
0 0.0987383631 0.6342480211 0.0197557471 0.0534802043
0 0.0973421219 0.6897666012 0.0179597701 0.0518837803
0 0.1196569684 0.8915229885 0.0157147989 0.0542784163
0 0.1302083333 0.9078863346 0.0143678161 0.0502873563
0 0.1409841954 0.9302362708 0.0107758621 0.0646551724
0 0.1398617098 0.8579980843 0.0166127874 0.0558748404
0 0.1578214799 0.8839399745 0.0246946839 0.0518837803
0 0.1618624282 0.8504150702 0.0237966954 0.0375159642
0 0.1364942529 0.7857598978 0.0143678161 0.0598659004
0 0.1486170977 0.7921455939 0.0134698276 0.0566730524
0 0.1611889368 0.8081098340 0.0161637931 0.0470945083
0 0.1674509100 0.7829661558 0.0197557471 0.0606641124
0 0.1560255029 0.7666028097 0.0193067529 0.0534802043
0 0.1748832615 0.7342752235 0.0273886494 0.0494891443
0 0.1939655172 0.7223020434 0.0251436782 0.0367177522
0 0.1822916667 0.6811941252 0.0215517241 0.0614623244
0 0.1858836207 0.6081577267 0.0269396552 0.0399106003
0 0.1355962644 0.5566730524 0.0188577586 0.0646551724
0 0.2139457615 0.6939655172 0.0345725575 0.0343231162
0 0.2617636494 0.7494412516 0.0170617816 0.0542784163
0 0.2447375023 0.7785949948 0.0294856378 0.0428882004
0 0.2229947226 0.7309005343 0.0327765805 0.0518837803
0 0.2132409202 0.7645220269 0.0295709209 0.0464668019
0 0.2260686063 0.8148946360 0.0148168103 0.0590676884
0 0.2126596188 0.8323721168 0.0221043324 0.0545194088
0 0.2184582866 0.9232342039 0.0134698276 0.0494891443
0 0.1922246856 0.8616405067 0.0226481055 0.0532296029
0 0.2848012662 0.4302129234 0.0300413621 0.0722067766
0 0.2701266613 0.4761088237 0.0262134675 0.0548274411
0 0.2063128592 0.1859035760 0.0166127874 0.0590676884
0 0.1821020203 0.4475942324 0.0175107759 0.0638569604
0 0.2012475588 0.3995304410 0.0175107759 0.0566730524
0 0.2229256466 0.3978288633 0.0184087644 0.0582694764
0 0.2053316410 0.3477151751 0.0152658046 0.0638569604
0 0.2195581897 0.2681194125 0.0215517241 0.0462962963
0 0.2227011494 0.2238186462 0.0206537356 0.0454980843
0 0.2354974856 0.2541507024 0.0148168103 0.0486909323
0 0.2363954741 0.3140166028 0.0184087644 0.0678480204
0 0.2489673132 0.3467432950 0.0184087644 0.0758301405
0 0.2783764368 0.3076309068 0.0224497126 0.0822158365
0 0.2642331178 0.2685185185 0.0300826149 0.0566730524
0 0.3001526580 0.2629310345 0.0291846264 0.0822158365
0 0.3109285201 0.3184067688 0.0291846264 0.0431034483
0 0.3313625865 0.4678526552 0.0269396552 0.0606641124
0 0.3628849638 0.4345813205 0.0233477011 0.0646551724
0 0.4274547314 0.4839936243 0.0371854850 0.0574031243
0 0.4063397989 0.5139687101 0.0341235632 0.0574712644
0 0.4586687787 0.4164404222 0.0291846264 0.0574712644
0 0.4544830060 0.4913296013 0.0255926724 0.0566730524
0 0.4705459770 0.4800446999 0.0251436782 0.0614623244
0 0.3957884339 0.3040389527 0.0184087644 0.0638569604
0 0.0932499957 0.9631920356 0.0170617816 0.0542784163
0 0.1119600978 0.9374660843 0.0166127874 0.0606641124
0 0.1584949713 0.9378192848 0.0143678161 0.0526819923
0 0.1708423132 0.9438058748 0.0112248563 0.0518837803
0 0.1835204231 0.9337054229 0.0166127874 0.0606641124
0 0.1995779454 0.9362228608 0.0237966954 0.0638569604
0 0.2263401776 0.9283774433 0.0188577586 0.0662515964
0 0.2504861890 0.9006832978 0.0270448633 0.0503256138
0 0.2070647814 0.8963659780 0.0165052817 0.0619457486
0 0.3216696009 0.9349243610 0.0308098592 0.0717266562
0 0.2741529304 0.9568579569 0.0263278388 0.0396825397
0 0.2374330075 0.6688382035 0.0237292329 0.0553935270
0 0.2000864158 0.6606234097 0.0275735294 0.0755718954
0 0.3167691257 0.5406041287 0.0307377049 0.0356709168
0 0.2914739953 0.0679205339 0.0487338984 0.0538608292
0 0.2362848318 0.0578915441 0.0359052253 0.0332581232
0 0.2455704829 0.1837140879 0.0413746106 0.0562478366
0 0.3762655763 0.1356870890 0.0214174455 0.0692281066
0 0.4334598910 0.2101073036 0.0355334891 0.0640359986
0 0.4726440810 0.1400138456 0.0223909657 0.0726895119
0 0.4590147975 0.1806853583 0.0243380062 0.0692281066
0 0.4685066199 0.2161647629 0.0277453271 0.0398061613
0 0.3271028037 0.2321737625 0.0330996885 0.0406715126
0 0.2813473520 0.1971270336 0.0282320872 0.0363447560
0 0.2891355140 0.1551574939 0.0233644860 0.0510557286
0 0.3108260201 0.1318739148 0.0262850467 0.0493250260
0 0.3480048852 0.1608329272 0.0163228364 0.0392822487
0 0.3507371950 0.1360735155 0.0302994327 0.0252879580
0 0.3071626186 0.1777471886 0.0219042056 0.0692281066
0 0.4337826341 0.1123037910 0.0262850467 0.0623052960
0 0.4189849950 0.1073484119 0.0311526480 0.0406715126
0 0.3460592933 0.1969976944 0.0301791277 0.0354794046
0 0.3657153336 0.2264156544 0.0337562486 0.0331499996
0 0.5061966289 0.6333569375 0.0400641026 0.0474833808
0 0.5352678148 0.6953795396 0.0418447293 0.0364039253
0 0.6612802707 0.5091009813 0.0369480057 0.0704336815
0 0.6465900997 0.6012978791 0.0262642450 0.0538144983
0 0.6868767806 0.6250395695 0.0240384615 0.0728078506
0 0.6972489316 0.5431900918 0.0395299145 0.0586815448
0 0.7273860399 0.5957581513 0.0302706553 0.0775561887
0 0.5502938034 0.1738683128 0.0342948718 0.0743906299
0 0.4893738027 0.4430076628 0.0299329502 0.0367177522
0 0.6473214286 0.2416225750 0.0238095238 0.0740740741
0 0.5950094273 0.1831084290 0.0406957753 0.0993676603
0 0.6711309524 0.1922398589 0.0347222222 0.0388007055
0 0.7031250000 0.2010582011 0.0233134921 0.0529100529
0 0.7239583333 0.2323633157 0.0282738095 0.0714285714
0 0.6986607143 0.2451499118 0.0312500000 0.0705467372
0 0.6785714286 0.2513227513 0.0317460317 0.0670194004
0 0.6785714286 0.3130511464 0.0218253968 0.0828924162
0 0.6592261905 0.3187830688 0.0248015873 0.0802469136
0 0.6833712652 0.3588546530 0.0148809524 0.0679012346
0 0.7011408730 0.3236331570 0.0262896825 0.0864197531
0 0.7234623016 0.3196649030 0.0233134921 0.0855379189
0 0.7576884921 0.2323633157 0.0332341270 0.0749559083
0 0.7517361111 0.0350529101 0.0243055556 0.0679012346
0 0.7757936508 0.0361552028 0.0208333333 0.0546737213
0 0.8010912698 0.0696649030 0.0218253968 0.0758377425
0 0.8173400223 0.0745229118 0.0243055556 0.0758377425
0 0.8418548352 0.1082619239 0.0339080832 0.0860123840
0 0.7802992725 0.1103762493 0.0238095238 0.0661375661
0 0.7676091270 0.1472663139 0.0352182540 0.0723104056
0 0.8060515873 0.1499118166 0.0277777778 0.0493827160
0 0.8261408730 0.1843033510 0.0322420635 0.0687830688
0 0.7996031746 0.1913580247 0.0228174603 0.0687830688
0 0.7864583333 0.2477954145 0.0282738095 0.0864197531
0 0.8008432540 0.2442680776 0.0282738095 0.0670194004
0 0.8201884921 0.2539682540 0.0203373016 0.0811287478
0 0.8392857143 0.2557319224 0.0218253968 0.0881834215
0 0.8487103175 0.3073192240 0.0218253968 0.0784832451
0 0.7971230159 0.3223104056 0.0406746032 0.0661375661
0 0.7492559524 0.2954144621 0.0362103175 0.0652557319
0 0.7661382551 0.3302989663 0.0242711089 0.0697690084
0 0.8278769841 0.3699294533 0.0198412698 0.0820105820
0 0.8129960317 0.3906525573 0.0198412698 0.0652557319
0 0.8554067460 0.4065255732 0.0223214286 0.0934744268
0 0.7403273810 0.3840388007 0.0193452381 0.0731922399
0 0.6708829365 0.4462081129 0.0233134921 0.0705467372
0 0.6839697315 0.4841832714 0.0188492063 0.0687830688
0 0.7254933505 0.5111778445 0.0352182540 0.0458553792
0 0.7539682540 0.4576719577 0.0287698413 0.0599647266
0 0.7669890873 0.4000220459 0.0305059524 0.0582745444
0 0.7971230159 0.4122574956 0.0168650794 0.0679012346
0 0.7938988095 0.4611992945 0.0372023810 0.0582010582
0 0.8530174633 0.4641948382 0.0203373016 0.0634920635
0 0.8360615079 0.4514991182 0.0272817460 0.0440917108
0 0.7768020031 0.5231205089 0.0334129291 0.0533150814
0 0.8099895628 0.6355413142 0.0177834274 0.0356478855
0 0.7579365079 0.5559964727 0.0228174603 0.0396825397
0 0.8100198413 0.5498236332 0.0218253968 0.0608465608
0 0.8375496032 0.5762786596 0.0183531746 0.0520282187
0 0.8539186508 0.5559964727 0.0193452381 0.0626102293
0 0.8521825397 0.6335978836 0.0208333333 0.0520282187
0 0.7883552988 0.6317984275 0.0209208683 0.0378410624
0 0.7879464286 0.6741622575 0.0233134921 0.0679012346
0 0.7331349206 0.6679894180 0.0317460317 0.0449735450
0 0.7197420635 0.7054673721 0.0218253968 0.0599647266
0 0.7609126984 0.6829805996 0.0238095238 0.0767195767
0 0.8131162819 0.6828158124 0.0208333333 0.0617283951
0 0.6517857143 0.4122574956 0.0188492063 0.0696649030
0 0.6172982362 0.9141450337 0.0257554945 0.0742775743
0 0.6097756410 0.9747659748 0.0228937729 0.0498575499
0 0.6424565018 0.9059829060 0.0188873626 0.0681725682
0 0.6632851820 0.8035085586 0.0358957607 0.0306846872
0 0.6620449863 0.9042022792 0.0248683608 0.0676638177
0 0.6879578755 0.9146316646 0.0240384615 0.0671550672
0 0.7183258192 0.8559541181 0.0234661172 0.0590150590
0 0.7163678528 0.9372646841 0.0211767399 0.0651200651
0 0.7486833473 0.7507236671 0.0189602065 0.0623358123
0 0.7616968891 0.7509772222 0.0183150183 0.0834350834
0 0.7403273810 0.7971102971 0.0211767399 0.0498575499
0 0.7821812721 0.7300931962 0.0171703297 0.0752950753
0 0.7918749444 0.7775622055 0.0154532967 0.0752950753
0 0.8309591780 0.7922636752 0.0148809524 0.0722425722
0 0.8065170865 0.7090869521 0.0261182371 0.0448814199
0 0.8162042062 0.7696934797 0.0179853355 0.0639833507
0 0.7311522026 0.8107082903 0.0171918018 0.0641025641
0 0.7514880952 0.8418803419 0.0160256410 0.0579975580
0 0.7640735076 0.8234671129 0.0187651934 0.0636800313
0 0.7760865797 0.8006022665 0.0200320513 0.0600325600
0 0.8036910358 0.8658059581 0.0306776557 0.0352258852
0 0.8463955026 0.7352395849 0.0228937729 0.0559625560
0 0.7457646520 0.8861416361 0.0274725275 0.0468050468
0 0.7655347830 0.9055345157 0.0171703297 0.0712250712
0 0.7204020379 0.9452084325 0.0183150183 0.0610500611
0 0.7365339360 0.9408885150 0.0216026706 0.0667587150
0 0.7769256207 0.9274587724 0.0165979853 0.0539275539
0 0.8067193223 0.9125966626 0.0200320513 0.0610500611
0 0.8161630037 0.9446479446 0.0206043956 0.0620675621
0 0.8410599817 0.9777116402 0.0177426740 0.0427248677
0 0.8347641941 0.9370166870 0.0154532967 0.0427350427
0 0.8456387363 0.9395604396 0.0154532967 0.0457875458
0 0.8579441392 0.9232804233 0.0137362637 0.0437525438
0 0.8548645856 0.7999216129 0.0225012209 0.0613768179
0 0.8707670875 0.7573628106 0.0188873626 0.0539275539
0 0.8847000788 0.8352184880 0.0188873626 0.0691900692
0 0.8776701318 0.6511885792 0.0188475896 0.0551244111
0 0.8801896699 0.2972452266 0.0154532967 0.0742775743
0 0.8833823559 0.1825396825 0.0234661172 0.0742775743
0 0.8905804843 0.3280423280 0.0217490842 0.0620675621
0 0.8671016484 0.3565323565 0.0228937729 0.0579975580
0 0.9213975164 0.3717819175 0.0230421585 0.0903573878
0 0.9037889194 0.4150115317 0.0240384615 0.0539275539
0 0.8738817117 0.4389799289 0.0266205645 0.0469215546
0 0.8917124542 0.5035612536 0.0171703297 0.0590150590
0 0.8625228938 0.5081400081 0.0263278388 0.0579975580
0 0.8851304945 0.5595238095 0.0314789377 0.0386650387
0 0.9039921531 0.4998233082 0.0228937729 0.0335775336
0 0.9264507234 0.6881512190 0.0131705746 0.0465861658
0 0.8988815451 0.5934482080 0.0243232377 0.0296688406
0 0.8799998581 0.9429361488 0.0143086081 0.0508750509
0 0.9131551659 0.9577258254 0.0194597070 0.0549450549
0 0.9143200549 0.6332926333 0.0188873626 0.0437525438
0 0.9105998168 0.6755189255 0.0228937729 0.0386650387
0 0.9309180403 0.6424501425 0.0131639194 0.0641025641
0 0.9437724398 0.6267061629 0.0133421021 0.0620963593
0 0.9389308608 0.4079161579 0.0154532967 0.0569800570
0 0.9254857461 0.4409340659 0.0131937809 0.0413945957
0 0.9216569703 0.5158858284 0.0177426740 0.0579975580
0 0.9463689015 0.2159570138 0.0154532967 0.0651200651
0 0.9205609569 0.7705627421 0.0150539867 0.0477811379
0 0.9623969780 0.7731990232 0.0200320513 0.0549450549
0 0.9629693223 0.8871591372 0.0131639194 0.0468050468
0 0.8969938866 0.1364792396 0.0177426740 0.0641025641
0 0.8974358974 0.8993691494 0.0137362637 0.0386650387
0 0.9063072344 0.3239723240 0.0188873626 0.0620675621
0 0.4507211538 0.0528083028 0.0291895604 0.0447700448
0 0.4883365138 0.0752771015 0.0260742252 0.0510426034
0 0.3399725275 0.9812728938 0.0343406593 0.0356023606
0 0.2179591242 0.4712925963 0.0375666001 0.0506808007
0 0.1990511551 0.2497249725 0.0206270627 0.0834250092
0 0.2000825083 0.1562156216 0.0319719472 0.0907590759
0 0.7205556425 0.4343044546 0.0453431373 0.0544662309
0 0.3367248062 0.1743109388 0.0302810078 0.0495262705
0 0.6215476951 0.8047753080 0.0243793507 0.0468273362
0 0.7055629433 0.4734042553 0.0182845745 0.0620567376
0 0.3555689103 0.2660256410 0.0252403846 0.0320512821
0 0.1920066265 0.3465514340 0.0215840841 0.0625625626
0 0.9219370040 0.8654100529 0.0173611111 0.0617283951
0 0.9529389881 0.8169091711 0.0161210317 0.0529100529
0 0.9417894122 0.6961388070 0.0173611111 0.0507054674
0 0.9458085317 0.8962742504 0.0117807540 0.0573192240
0 0.2467170221 0.7292873442 0.0190067141 0.0544146042
0 0.2562500471 0.6870919092 0.0271203156 0.0619110234
0 0.2291050296 0.8549747973 0.0255793886 0.0553364015
0 0.4528588808 0.1285820492 0.0275623479 0.0489997297
0 0.5807079946 0.8143932550 0.0266768293 0.0456187895
0 0.3644319283 0.9739987080 0.0202882752 0.0500645995
0 0.8579282407 0.2788263691 0.0248397436 0.0747863248
0 0.8659620098 0.5708061002 0.0193014706 0.0620915033
0 0.8581495098 0.7540849673 0.0189950980 0.0419389978
0 0.8137801627 0.8169036039 0.0229727834 0.0364758698
0 0.7878614338 0.8470122148 0.0242003367 0.0473874548
0 0.8728780864 0.1482767490 0.0149498457 0.0420096022
0 0.8449074074 0.8686556927 0.0197723765 0.0424382716
0 0.8901186343 0.9593192730 0.0118152006 0.0377229081
0 0.7624627976 0.0760582011 0.0271577381 0.0396825397
0 0.2996651786 0.0995370370 0.0487351190 0.0615079365
0 0.1086888723 0.6064537591 0.0321232535 0.0266134398
0 0.8631056128 0.9448340634 0.0187125749 0.0304945664
0 0.7526618819 0.9413578334 0.0155938124 0.0438012863
0 0.7440396695 0.9170449579 0.0231183328 0.0376427068
0 0.8919660679 0.7542137946 0.0162175649 0.0482368596
0 0.9219899984 0.5950405835 0.0128774549 0.0330680323
0 0.2181368178 0.0893740774 0.0246794327 0.0379162753
0 0.1313499968 0.0336049192 0.0196297966 0.0469607205
0 0.1922993035 0.0814273043 0.0271424348 0.0348974161
0 0.0748355702 0.3685475443 0.0120977709 0.0501833461
0 0.0904182358 0.4757364724 0.0135712174 0.0504073789
0 0.0326832139 0.4863355427 0.0234588186 0.0337772522
0 0.1108962335 0.8087927980 0.0165956601 0.0380511086
0 0.0939672318 0.8304572497 0.0145173251 0.0461025025
0 0.0343521440 0.8849074599 0.0279906359 0.0551465341
0 0.0486334269 0.9368744517 0.0195328593 0.0424111314
0 0.0759988174 0.0929663182 0.0181466564 0.0449444253
0 0.1225044712 0.3783233504 0.0174487081 0.0577315279
0 0.0443552596 0.2518924739 0.0197700842 0.0553450341
0 0.0756691691 0.2642241793 0.0106498462 0.0391809158
0 0.0186119553 0.7752498233 0.0118263466 0.0499765466
0 0.2120520854 0.9859677921 0.0181757376 0.0280644159
0 0.1964694689 0.9824716741 0.0147344646 0.0350566518
0 0.1531091357 0.9653762485 0.0187670549 0.0416742359
0 0.0412952758 0.6412576220 0.0141528410 0.0479085515
0 0.0703764559 0.5682706772 0.0226833205 0.0251606062
0 0.0413340507 0.7603644131 0.0133385679 0.0341908512
0 0.0430556565 0.8073521354 0.0122838905 0.0397055046
0 0.0777824631 0.4983904758 0.0179915568 0.0369481779
0 0.0824936143 0.3298341346 0.0182242062 0.0206799503
0 0.0429625968 0.2372774571 0.0134936676 0.0521134748
0 0.1626122655 0.1787954037 0.0128441879 0.0495457143
0 0.3868702909 0.0420492323 0.0473053863 0.0540436035
0 0.4173983047 0.0564390310 0.0344127298 0.0392057391
0 0.4691176256 0.0224446394 0.0179915568 0.0448892788
0 0.2651337017 0.0312956581 0.0376892094 0.0358452472
0 0.1111870453 0.0572145292 0.0166732099 0.0485978832
0 0.1571796617 0.0721040934 0.0169058594 0.0435657620
0 0.3476498011 0.4141264095 0.0426523975 0.0426523975
0 0.4197990965 0.4353240299 0.0404713090 0.0383440745
0 0.4316982299 0.1744870807 0.0348974161 0.0357590807
0 0.3878433343 0.0904747826 0.0296628037 0.0358452472
0 0.0382165482 0.3619989932 0.0172470786 0.0414701937
0 0.0524430615 0.3893810510 0.0127957193 0.0437725615
0 0.0754022084 0.4434664080 0.0156650624 0.0515620094
0 0.0857700939 0.4004171972 0.0156650624 0.0545950688
0 0.3153794689 0.0235751433 0.0208415124 0.0435140621
0 0.2324384746 0.1766412422 0.0271424348 0.0392057391
0 0.3778778693 0.9802658128 0.0138038668 0.0394683745
0 0.5043074738 0.9732582393 0.0242343168 0.0534835215
0 0.4792962323 0.9762740653 0.0334433571 0.0474518693
0 0.5756270088 0.9832427778 0.0381690489 0.0290811801
0 0.5063077454 0.0499076134 0.0209384497 0.0477017520
0 0.1943096142 0.0333879176 0.0150086807 0.0446113403
0 0.6226426215 0.0604406014 0.0219621072 0.0765433894
0 0.5958987620 0.0676923707 0.0255914385 0.0303305938
0 0.8237758035 0.0396365714 0.0236526932 0.0561805317
0 0.8718813419 0.0643835786 0.0215588482 0.0523892074
0 0.8497400309 0.0612126529 0.0196976527 0.0377753759
0 0.9430259146 0.1047877145 0.0184197154 0.0542005420
0 0.9569994919 0.1556007227 0.0146087398 0.0542005420
0 0.9662093496 0.1584236676 0.0152439024 0.0575880759
0 0.6229646468 0.6474295582 0.0208415124 0.0689331677
0 0.9399826482 0.1778185720 0.0142691657 0.0443929600
0 0.9248604346 0.1509517953 0.0172160586 0.0430142966
0 0.9208278443 0.2127188972 0.0122528706 0.0438414946
0 0.9306427603 0.2127255833 0.0081396284 0.0307055902
0 0.9571614829 0.2102362821 0.0139589665 0.0475638857
0 0.9931126072 0.2703857232 0.0079973245 0.0336049192
0 0.9379679041 0.2677077442 0.0124079702 0.0499765466
0 0.9235242513 0.2940764711 0.0246220658 0.0420492323
0 0.9664451650 0.4274833296 0.0123595015 0.0581623602
0 0.9642557399 0.3421593670 0.0119426713 0.0441172273
0 0.9783698060 0.2954759996 0.0122528706 0.0534921381
0 0.9539093540 0.3815136154 0.0177433974 0.0295585423
0 0.9827125955 0.4383464046 0.0138038668 0.0537678708
0 0.9861070439 0.3791159132 0.0107204862 0.0458819164
0 0.9371906536 0.4587660326 0.0151057549 0.0419816761
0 0.9383379261 0.5130529547 0.0137672703 0.0404519794
0 0.9494760302 0.4798551370 0.0157749972 0.0496301596
0 0.9343224723 0.5504717745 0.0149145428 0.0375625523
0 0.9478809389 0.5541675217 0.0127729674 0.0431034536
0 0.9521617951 0.5071453250 0.0123140584 0.0390242624
0 0.9681471256 0.5237585111 0.0133848461 0.0509898899
0 0.9728985382 0.4807035936 0.0104827035 0.0235828241
0 0.9499960136 0.4230627340 0.0134602223 0.0444400991
0 0.9554592368 0.2725725379 0.0157159189 0.0532492312
0 0.9776154432 0.2587185868 0.0180810723 0.0286099573
0 0.9667535467 0.2424529846 0.0189330600 0.0239818760
0 0.9508258142 0.6063158544 0.0214476070 0.0397725739
0 0.9897384294 0.7379021787 0.0205231412 0.0266246156
0 0.9655248207 0.7207046492 0.0142367736 0.0466752520
0 0.9499013483 0.7340761228 0.0114633762 0.0414160687
0 0.9621967437 0.6608354210 0.0123878420 0.0378003801
0 0.9744921391 0.7325509596 0.0110935898 0.0292542072
0 0.9787514268 0.7664083197 0.0086145423 0.0334904794
0 0.9887589991 0.6341068878 0.0107207985 0.0502469747
0 0.9857397611 0.7048447373 0.0126976777 0.0297441025
0 0.9937894314 0.6748762793 0.0101342406 0.0309338666
0 0.9951040290 0.5497566265 0.0097919420 0.0221075030
0 0.9343703226 0.8789927657 0.0088748719 0.0368142833
0 0.9445949145 0.9581763446 0.0156419617 0.0467409918
0 0.9280839550 0.9093974193 0.0151612394 0.0279394114
0 0.9567054168 0.9595240103 0.0189330600 0.0491733641
0 0.9706093827 0.8375766970 0.0122029488 0.0440456603
0 0.9708867224 0.8884198518 0.0197835685 0.0539066291
0 0.9797615943 0.9317489484 0.0153461326 0.0253098198
0 0.9547440701 0.9070071204 0.0139039659 0.0244552025
0 0.9895039849 0.8387692168 0.0147914531 0.0305032633
0 0.8738178115 0.8969068589 0.0112784830 0.0338559927
0 0.9185619571 0.9866646833 0.0109086967 0.0266706334
0 0.9211504614 0.8188408564 0.0179346369 0.0223515291
0 0.9108459586 0.7161948116 0.0158564377 0.0431253033
0 0.9313706073 0.7114750438 0.0087243540 0.0313430497
0 0.6624237206 0.1445505026 0.0276184163 0.0650464422
0 0.7761544725 0.9804407685 0.0145603366 0.0328698958
0 0.9969653855 0.4841159444 0.0056148356 0.0305032633
0 0.9709543194 0.5471087039 0.0138448001 0.0315551000
