0 0.3383048611 0.6401438637 0.0259012172 0.0657511444
0 0.2602411049 0.5989388265 0.0271535581 0.0549313358
0 0.2974602060 0.5294423637 0.0163857678 0.0574282147
0 0.3552992926 0.5405657943 0.0205992509 0.0607573866
0 0.3761118914 0.5361007074 0.0276217228 0.0574282147
0 0.3028441011 0.3729712859 0.0308988764 0.0790678319
0 0.3569039014 0.6664977600 0.0268406001 0.0645671624
0 0.3887523408 0.6688514357 0.0201310861 0.0682480233
0 0.3667485955 0.7187890137 0.0163857678 0.0649188514
0 0.3836025281 0.7408447774 0.0306882022 0.0419059509
0 0.4197630748 0.6943809069 0.0414069389 0.0584040734
0 0.4294826779 0.7321057012 0.0201310861 0.0832292967
0 0.4505500936 0.7063046192 0.0313670412 0.0332917187
0 0.4587943436 0.7515993592 0.0365168539 0.0382854765
0 0.5088366105 0.7579067832 0.0234082397 0.0665834374
0 0.1488178839 0.5082188931 0.0159176030 0.0765709530
0 0.1698852996 0.4807532251 0.0177902622 0.0815647108
0 0.1616924157 0.5764669164 0.0294943820 0.0382854765
0 0.2045294944 0.5856221390 0.0299625468 0.0382854765
0 0.3894545880 0.7882854765 0.0177902622 0.0607573866
0 0.4411867978 0.8249063670 0.0285580524 0.0507698710
0 0.4568703184 0.8299001248 0.0177902622 0.0557636288
0 0.5696980337 0.8207449022 0.0365168539 0.0424469413
0 0.5742219305 0.8761602345 0.0220037453 0.0657511444
0 0.4973665730 0.9077195173 0.0463483146 0.0532667499
0 0.3604283708 0.8648564295 0.0187265918 0.0707449022
0 0.3765800562 0.8927382439 0.0201310861 0.0549313358
0 0.3676150750 0.9344668144 0.0415895908 0.0505465729
0 0.4697448502 0.5510819809 0.0266853933 0.0774032459
0 0.4844556442 0.6086903566 0.0399809879 0.0581387087
0 0.4290145131 0.5698085726 0.0191947566 0.0549313358
0 0.4458684457 0.6006034124 0.0220037453 0.0599250936
0 0.0360937050 0.1106389449 0.0182584270 0.0516021640
0 0.0586961610 0.1187057844 0.0220037453 0.0449438202
0 0.1025888613 0.1016677871 0.0184790046 0.0380934089
0 0.1018759058 0.1048187144 0.0245759235 0.0433490771
0 0.1012991573 0.1628173117 0.0163857678 0.0615896796
0 0.0982560861 0.2257354589 0.0177902622 0.0799001248
0 0.1094920412 0.2489596338 0.0215355805 0.0807324178
0 0.0494417765 0.4466925969 0.0279524323 0.0305347482
0 0.1080670759 0.4541579124 0.0147942930 0.0618738772
0 0.1013853982 0.3862770221 0.0159176030 0.0649188514
0 0.1136019879 0.6723806780 0.0187896139 0.0455520343
0 0.1233029026 0.6126716604 0.0220037453 0.0574282147
0 0.1093957260 0.5619017894 0.0187265918 0.0624219725
0 0.1637991573 0.6313982522 0.0252808989 0.0632542655
0 0.2356624532 0.6189138577 0.0191947566 0.0699126092
0 0.2302785581 0.5319392426 0.0327715356 0.0457761132
0 0.2007841760 0.5053058677 0.0346441948 0.0474406991
0 0.4182467228 0.2884935497 0.0285580524 0.0882230545
0 0.4685744382 0.2780898876 0.0252808989 0.0590928007
0 0.4498478464 0.3504993758 0.0252808989 0.0657511444
0 0.3821980337 0.2685185185 0.0210674157 0.0665834374
0 0.3447448502 0.3093008739 0.0191947566 0.0682480233
0 0.3314021536 0.3575738660 0.0215355805 0.0599250936
0 0.3714302434 0.3047232626 0.0210674157 0.0640865585
0 0.4194064609 0.3735688887 0.0271535581 0.0766902677
0 0.2530735223 0.4388604023 0.0277071221 0.0619414836
0 0.2930126404 0.7803786933 0.0280898876 0.0615896796
0 0.2662348834 0.8451506818 0.0176055345 0.0518958898
0 0.2792017790 0.8523720350 0.0294943820 0.0341240117
0 0.3016736891 0.8648564295 0.0163857678 0.0607573866
0 0.3319199226 0.8377377707 0.0171944161 0.0573525517
0 0.3292100694 0.8697721598 0.0243445693 0.0524344569
0 0.2001113189 0.0468456027 0.0303039386 0.0422006906
0 0.5697405941 0.7259362568 0.0253660197 0.0689348105
0 0.6022354869 0.8823345818 0.0248127341 0.0757386600
0 0.5899054511 0.7275959399 0.0280898876 0.0632542655
0 0.6202598315 0.7500000000 0.0205992509 0.0840615897
0 0.6345388577 0.6634415314 0.0182584270 0.0823970037
0 0.6584475494 0.6773967885 0.0266853933 0.0624219725
0 0.6525632022 0.7470869746 0.0271535581 0.0699126092
0 0.6740987828 0.7383478985 0.0159176030 0.0674157303
0 0.6380500936 0.8465459842 0.0346441948 0.0474406991
0 0.6677785581 0.5743861839 0.0285580524 0.0724094881
0 0.6307935393 0.5419267582 0.0210674157 0.0690803163
0 0.1886482940 0.1230679498 0.0147637795 0.0685331000
0 0.1755249344 0.1310877807 0.0164041995 0.0670749490
0 0.1630167323 0.1186934966 0.0192749344 0.0656167979
0 0.1486630577 0.1493146690 0.0168143045 0.0641586468
0 0.1369750656 0.1321813940 0.0164041995 0.0648877224
0 0.1248769685 0.0789588801 0.0258366142 0.0342665500
0 0.1240567585 0.1055701371 0.0250164042 0.0277048702
0 0.1199557087 0.1496792068 0.0184547244 0.0634295713
0 0.1338992782 0.2265966754 0.0200951444 0.0481189851
0 0.1234416010 0.2623213765 0.0155839895 0.0481189851
0 0.0530407475 0.3308142702 0.0164675245 0.0544662309
0 0.0335094975 0.3876633987 0.0126378676 0.0510620915
0 0.0294883578 0.4308959695 0.0153186275 0.0449346405
0 0.0794373580 0.5318010278 0.0172334559 0.0476579521
0 0.0669205271 0.6802185640 0.0168504902 0.0462962963
0 0.0474877451 0.6913126362 0.0137867647 0.0456154684
0 0.0593596814 0.7694524368 0.0247429135 0.0407164677
0 0.0716145833 0.8298611111 0.0153186275 0.0476579521
0 0.0589767157 0.8206699346 0.0130208333 0.0415305011
0 0.0400199142 0.8553921569 0.0134037990 0.0428921569
0 0.0260314007 0.8631439140 0.0126378676 0.0381263617
0 0.0578278186 0.8666258170 0.0222120098 0.0435729847
0 0.0738121650 0.7567211746 0.0165513946 0.0431196477
0 0.0671182930 0.5733383434 0.0264254858 0.0541339818
0 0.0299499323 0.5314578317 0.0157015931 0.0422113290
0 0.0610632184 0.2138409962 0.0179597701 0.0510855683
0 0.0853089080 0.2046615581 0.0179597701 0.0550766284
0 0.0805944684 0.6161398467 0.0202047414 0.0542784163
0 0.0992277299 0.6333014049 0.0197557471 0.0534802043
0 0.0973421219 0.6897666012 0.0179597701 0.0518837803
0 0.1196569684 0.8915229885 0.0157147989 0.0542784163
0 0.1302083333 0.9078863346 0.0143678161 0.0502873563
0 0.1421138765 0.9282279489 0.0130352242 0.0686718162
0 0.1398617098 0.8579980843 0.0166127874 0.0558748404
0 0.1578214799 0.8839399745 0.0246946839 0.0518837803
0 0.1618624282 0.8504150702 0.0237966954 0.0375159642
0 0.1364942529 0.7857598978 0.0143678161 0.0598659004
0 0.1486170977 0.7921455939 0.0134698276 0.0566730524
0 0.1611889368 0.8081098340 0.0161637931 0.0470945083
0 0.1674509100 0.7829661558 0.0197557471 0.0606641124
0 0.1560255029 0.7666028097 0.0193067529 0.0534802043
0 0.1688351024 0.7314194180 0.0273886494 0.0494891443
0 0.1939655172 0.7223020434 0.0251436782 0.0367177522
0 0.1794710617 0.6751052002 0.0215517241 0.0614623244
0 0.1858836207 0.6081577267 0.0269396552 0.0399106003
0 0.1355962644 0.5566730524 0.0188577586 0.0646551724
0 0.2139457615 0.6939655172 0.0345725575 0.0343231162
0 0.2617636494 0.7494412516 0.0170617816 0.0542784163
0 0.2443378334 0.7863614325 0.0294856378 0.0428882004
0 0.2259053357 0.7327876466 0.0327765805 0.0518837803
0 0.2118514291 0.7594470044 0.0360672567 0.0535364098
0 0.2260686063 0.8148946360 0.0148168103 0.0590676884
0 0.2171508897 0.8321099261 0.0273886494 0.0638569604
0 0.2150682471 0.9122765006 0.0134698276 0.0494891443
0 0.1893763783 0.8609171270 0.0226481055 0.0532296029
0 0.2809442862 0.4436516283 0.0336745690 0.0590676884
0 0.2701266613 0.4761088237 0.0262134675 0.0548274411
0 0.2065064814 0.1962300949 0.0166127874 0.0590676884
0 0.1910470546 0.4453224777 0.0175107759 0.0638569604
0 0.2120100625 0.4114821960 0.0175107759 0.0566730524
0 0.2229256466 0.3978288633 0.0184087644 0.0582694764
0 0.2051903736 0.3407567050 0.0152658046 0.0638569604
0 0.2195581897 0.2681194125 0.0215517241 0.0462962963
0 0.2227011494 0.2238186462 0.0206537356 0.0454980843
0 0.2354974856 0.2541507024 0.0148168103 0.0486909323
0 0.2363954741 0.3140166028 0.0184087644 0.0678480204
0 0.2489673132 0.3467432950 0.0184087644 0.0758301405
0 0.2783764368 0.3076309068 0.0224497126 0.0822158365
0 0.2642331178 0.2685185185 0.0300826149 0.0566730524
0 0.3001526580 0.2629310345 0.0291846264 0.0822158365
0 0.3109285201 0.3184067688 0.0291846264 0.0431034483
0 0.3336027299 0.4588920817 0.0269396552 0.0606641124
0 0.3628849638 0.4345813205 0.0233477011 0.0646551724
0 0.4185261599 0.4859777513 0.0371854850 0.0574031243
0 0.4063397989 0.5139687101 0.0341235632 0.0574712644
0 0.4437086723 0.4430361668 0.0291846264 0.0574712644
0 0.4501167385 0.4952107280 0.0255926724 0.0566730524
0 0.4705459770 0.4800446999 0.0251436782 0.0614623244
0 0.3957884339 0.3040389527 0.0184087644 0.0638569604
0 0.0929418103 0.9505906769 0.0170617816 0.0542784163
0 0.1066361351 0.9314335888 0.0166127874 0.0606641124
0 0.1584949713 0.9378192848 0.0143678161 0.0526819923
0 0.1748878745 0.9505576506 0.0127109809 0.0518837803
0 0.1836004483 0.9314801046 0.0166127874 0.0606641124
0 0.1995779454 0.9362228608 0.0237966954 0.0638569604
0 0.2267420977 0.9315416800 0.0152658046 0.0560910228
0 0.2494163075 0.9003033206 0.0291846264 0.0510855683
0 0.2076523462 0.8902240170 0.0165052817 0.0619457486
0 0.3173293232 0.9339598548 0.0308098592 0.0717266562
0 0.2741529304 0.9568579569 0.0263278388 0.0396825397
0 0.2394515043 0.6863328878 0.0237292329 0.0553935270
0 0.2052809897 0.6497059585 0.0278212520 0.0658831909
0 0.3167691257 0.5406041287 0.0307377049 0.0356709168
0 0.2953970193 0.0626239026 0.0408878505 0.0432675666
0 0.2237582868 0.0663546174 0.0313960280 0.0634473585
0 0.2455704829 0.1837140879 0.0413746106 0.0562478366
0 0.3762655763 0.1356870890 0.0214174455 0.0692281066
0 0.4334598910 0.2101073036 0.0355334891 0.0640359986
0 0.4726440810 0.1400138456 0.0223909657 0.0726895119
0 0.4590147975 0.1806853583 0.0243380062 0.0692281066
0 0.4685066199 0.2161647629 0.0277453271 0.0398061613
0 0.3271028037 0.2321737625 0.0330996885 0.0406715126
0 0.2813473520 0.1971270336 0.0282320872 0.0363447560
0 0.2891355140 0.1551574939 0.0233644860 0.0510557286
0 0.3120963453 0.1213349205 0.0262850467 0.0493250260
0 0.3473324743 0.1470318282 0.0160630841 0.0475943233
0 0.3440285464 0.1124020655 0.0274877789 0.0378383191
0 0.3071626186 0.1777471886 0.0219042056 0.0692281066
0 0.4337826341 0.1123037910 0.0262850467 0.0623052960
0 0.4142328660 0.1127552786 0.0311526480 0.0406715126
0 0.3636154731 0.1886747647 0.0301791277 0.0354794046
0 0.3657153336 0.2264156544 0.0337562486 0.0331499996
0 0.5343092330 0.6420971531 0.0220352564 0.0455049066
0 0.5353372083 0.6936399063 0.0418447293 0.0364039253
0 0.6612802707 0.5091009813 0.0369480057 0.0704336815
0 0.6465900997 0.6012978791 0.0262642450 0.0538144983
0 0.6868767806 0.6250395695 0.0240384615 0.0728078506
0 0.6972489316 0.5431900918 0.0395299145 0.0586815448
0 0.7273860399 0.5957581513 0.0302706553 0.0775561887
0 0.5482104701 0.1707818930 0.0280448718 0.0743906299
0 0.4893738027 0.4430076628 0.0299329502 0.0367177522
0 0.6473214286 0.2416225750 0.0238095238 0.0740740741
0 0.6109455151 0.0889104826 0.0394254501 0.0579681347
0 0.6711309524 0.1922398589 0.0347222222 0.0388007055
0 0.7031250000 0.2010582011 0.0233134921 0.0529100529
0 0.7239583333 0.2323633157 0.0282738095 0.0714285714
0 0.6986607143 0.2451499118 0.0312500000 0.0705467372
0 0.6785714286 0.2513227513 0.0317460317 0.0670194004
0 0.6785714286 0.3130511464 0.0218253968 0.0828924162
0 0.6618303571 0.3187830688 0.0248015873 0.0802469136
0 0.6855158730 0.3637566138 0.0148809524 0.0679012346
0 0.7011408730 0.3236331570 0.0262896825 0.0864197531
0 0.7234623016 0.3196649030 0.0233134921 0.0855379189
0 0.7576884921 0.2323633157 0.0332341270 0.0749559083
0 0.7586375840 0.0734669185 0.0243055556 0.0679012346
0 0.7757936508 0.0361552028 0.0208333333 0.0546737213
0 0.8010912698 0.0696649030 0.0218253968 0.0758377425
0 0.8167162698 0.0917107584 0.0243055556 0.0758377425
0 0.8418548352 0.1082619239 0.0339080832 0.0860123840
0 0.7817460317 0.1000881834 0.0238095238 0.0661375661
0 0.7676091270 0.1472663139 0.0352182540 0.0723104056
0 0.8042709605 0.1424295869 0.0277777778 0.0493827160
0 0.8261408730 0.1843033510 0.0322420635 0.0687830688
0 0.7996031746 0.1913580247 0.0228174603 0.0687830688
0 0.7864583333 0.2477954145 0.0282738095 0.0864197531
0 0.8008432540 0.2442680776 0.0282738095 0.0670194004
0 0.8201884921 0.2539682540 0.0203373016 0.0811287478
0 0.8392857143 0.2557319224 0.0218253968 0.0881834215
0 0.8487103175 0.3073192240 0.0218253968 0.0784832451
0 0.7971230159 0.3223104056 0.0406746032 0.0661375661
0 0.7492559524 0.2954144621 0.0362103175 0.0652557319
0 0.7673611111 0.3289241623 0.0218253968 0.0670194004
0 0.8278769841 0.3699294533 0.0198412698 0.0820105820
0 0.8129960317 0.3906525573 0.0198412698 0.0652557319
0 0.8554067460 0.4065255732 0.0223214286 0.0934744268
0 0.7403273810 0.3840388007 0.0193452381 0.0731922399
0 0.6708829365 0.4462081129 0.0233134921 0.0705467372
0 0.6839697315 0.4841832714 0.0188492063 0.0687830688
0 0.7219742063 0.5061728395 0.0352182540 0.0458553792
0 0.7539682540 0.4576719577 0.0287698413 0.0599647266
0 0.7669890873 0.4000220459 0.0305059524 0.0582745444
0 0.7971230159 0.4122574956 0.0168650794 0.0679012346
0 0.7938988095 0.4611992945 0.0372023810 0.0582010582
0 0.8573908730 0.4656084656 0.0203373016 0.0634920635
0 0.8360615079 0.4514991182 0.0272817460 0.0440917108
0 0.7915390714 0.5810579084 0.0177834274 0.0356478855
0 0.7579365079 0.5559964727 0.0228174603 0.0396825397
0 0.8100198413 0.5498236332 0.0218253968 0.0608465608
0 0.8375496032 0.5762786596 0.0183531746 0.0520282187
0 0.8539186508 0.5559964727 0.0193452381 0.0626102293
0 0.8521825397 0.6335978836 0.0208333333 0.0520282187
0 0.7899305556 0.6278659612 0.0322420635 0.0476190476
0 0.7879464286 0.6741622575 0.0233134921 0.0679012346
0 0.7331349206 0.6679894180 0.0317460317 0.0449735450
0 0.7197420635 0.7054673721 0.0218253968 0.0599647266
0 0.7609126984 0.6829805996 0.0238095238 0.0767195767
0 0.8110119048 0.6728395062 0.0208333333 0.0617283951
0 0.6517857143 0.4122574956 0.0188492063 0.0696649030
0 0.6172982362 0.9141450337 0.0257554945 0.0742775743
0 0.6065841529 0.9744354494 0.0228937729 0.0498575499
0 0.6424565018 0.9059829060 0.0188873626 0.0681725682
0 0.6629086870 0.8056110389 0.0351427709 0.0264797267
0 0.6620449863 0.9042022792 0.0248683608 0.0676638177
0 0.6879578755 0.9146316646 0.0240384615 0.0671550672
0 0.7137526485 0.8545991046 0.0234661172 0.0590150590
0 0.7064560440 0.9050264550 0.0211767399 0.0651200651
0 0.6850883932 0.9868957941 0.0338420407 0.0262084118
0 0.7288804945 0.7655677656 0.0200320513 0.0722425722
0 0.7463200407 0.7584679415 0.0189602065 0.0623358123
0 0.7603308150 0.7436914937 0.0183150183 0.0834350834
0 0.7344438414 0.8084415584 0.0283677327 0.0614793564
0 0.7821812721 0.7300931962 0.0171703297 0.0752950753
0 0.7938547830 0.7677219625 0.0215729783 0.0797215364
0 0.8013179441 0.7045556452 0.0208915378 0.0531790871
0 0.8316163004 0.7777777778 0.0148809524 0.0722425722
0 0.8221351965 0.7180309007 0.0334293111 0.0444334867
0 0.8113191781 0.7840385708 0.0234661172 0.0773300773
0 0.7336368572 0.8152294620 0.0191775372 0.0670910286
0 0.7514880952 0.8418803419 0.0160256410 0.0579975580
0 0.7619443857 0.8121771391 0.0188873626 0.0671550672
0 0.7753819919 0.8262918393 0.0200320513 0.0600325600
0 0.7977272953 0.8643923307 0.0306776557 0.0352258852
0 0.8479349621 0.7363911413 0.0192248990 0.0621588763
0 0.7457646520 0.8861416361 0.0274725275 0.0468050468
0 0.7655347830 0.9055345157 0.0171703297 0.0712250712
0 0.7204020379 0.9452084325 0.0183150183 0.0610500611
0 0.7365339360 0.9408885150 0.0216026706 0.0667587150
0 0.7798191392 0.9253154253 0.0165979853 0.0539275539
0 0.8067193223 0.9125966626 0.0200320513 0.0610500611
0 0.8161630037 0.9446479446 0.0206043956 0.0620675621
0 0.8410599817 0.9777116402 0.0177426740 0.0427248677
0 0.8347641941 0.9370166870 0.0154532967 0.0427350427
0 0.8456387363 0.9395604396 0.0154532967 0.0457875458
0 0.8579441392 0.9232804233 0.0137362637 0.0437525438
0 0.8518744146 0.7803022866 0.0140698986 0.0689791239
0 0.8707670875 0.7573628106 0.0188873626 0.0539275539
0 0.8847000788 0.8352184880 0.0188873626 0.0691900692
0 0.8776701318 0.6511885792 0.0188475896 0.0551244111
0 0.8753819776 0.2965329759 0.0154532967 0.0742775743
0 0.8833823559 0.1825396825 0.0234661172 0.0742775743
0 0.8905804843 0.3280423280 0.0217490842 0.0620675621
0 0.8613982172 0.3409852256 0.0228937729 0.0579975580
0 0.8864152674 0.3758648759 0.0294697290 0.0437525438
0 0.9202469984 0.3827895356 0.0192943630 0.0889182834
0 0.9065353717 0.4154264539 0.0240384615 0.0539275539
0 0.8754006410 0.4409849410 0.0303342491 0.0457875458
0 0.8917124542 0.5035612536 0.0171703297 0.0590150590
0 0.8625228938 0.5081400081 0.0263278388 0.0579975580
0 0.8851304945 0.5595238095 0.0314789377 0.0386650387
0 0.9043040293 0.5081400081 0.0228937729 0.0335775336
0 0.9159412163 0.7223929661 0.0131705746 0.0465861658
0 0.9097097106 0.5938768774 0.0180990054 0.0296688406
0 0.8748056164 0.9421848332 0.0143086081 0.0508750509
0 0.9120389435 0.9629574460 0.0194597070 0.0549450549
0 0.9143200549 0.6332926333 0.0188873626 0.0437525438
0 0.9121841033 0.6734910389 0.0197252000 0.0346092654
0 0.9286066498 0.6428237005 0.0131639194 0.0641025641
0 0.9414034647 0.6363511050 0.0135456522 0.0523259531
0 0.9389308608 0.4079161579 0.0154532967 0.0569800570
0 0.9259512262 0.4400894689 0.0131937809 0.0413945957
0 0.9216569703 0.5158858284 0.0177426740 0.0579975580
0 0.9461259553 0.2131080110 0.0205763787 0.0651200651
0 0.9227055648 0.7716520667 0.0150539867 0.0477811379
0 0.9654193963 0.7764589399 0.0139872147 0.0484252215
0 0.9629693223 0.8871591372 0.0131639194 0.0468050468
0 0.8954692249 0.1369145039 0.0177426740 0.0641025641
0 0.8974358974 0.8993691494 0.0137362637 0.0386650387
0 0.9063072344 0.3239723240 0.0188873626 0.0620675621
0 0.4507211538 0.0528083028 0.0291895604 0.0447700448
0 0.4864926740 0.0706145706 0.0297619048 0.0417175417
0 0.3399725275 0.9812728938 0.0343406593 0.0356023606
0 0.2179591242 0.4712925963 0.0375666001 0.0506808007
0 0.1990511551 0.2497249725 0.0206270627 0.0834250092
0 0.2000825083 0.1562156216 0.0319719472 0.0907590759
0 0.7143659053 0.4375989919 0.0408124384 0.0490796577
0 0.3363021338 0.1747202932 0.0305207324 0.0352044753
0 0.6219053701 0.8210718113 0.0317460317 0.0493827160
0 0.7055629433 0.4734042553 0.0182845745 0.0620567376
0 0.3555689103 0.2660256410 0.0252403846 0.0320512821
0 0.1928490991 0.3698698699 0.0215840841 0.0625625626
0 0.9226405105 0.8661735048 0.0159540980 0.0602014913
0 0.9547339846 0.8225774997 0.0129309459 0.0478101552
0 0.9411848335 0.7022710492 0.0148277537 0.0396831919
0 0.9458085317 0.8962742504 0.0117807540 0.0573192240
0 0.2467170221 0.7292873442 0.0190067141 0.0544146042
0 0.7768871561 0.5193003368 0.0319098365 0.0486245128
0 0.1313499968 0.0336049192 0.0196297966 0.0469607205
0 0.1838172926 0.0766881490 0.0276271211 0.0409290683
0 0.0748355702 0.3685475443 0.0120977709 0.0501833461
0 0.0894876381 0.4815268585 0.0135712174 0.0504073789
0 0.0345096671 0.4871825934 0.0234588186 0.0337772522
0 0.1108962335 0.8071384019 0.0165956601 0.0380511086
0 0.0939672318 0.8304572497 0.0145173251 0.0461025025
0 0.0452212351 0.9324627290 0.0133288742 0.0435140621
0 0.0659173416 0.1362563475 0.0181466564 0.0449444253
0 0.1225044712 0.3783233504 0.0174487081 0.0577315279
0 0.0282447511 0.2888732985 0.0150252764 0.0443757267
0 0.0777290860 0.2714406203 0.0106498462 0.0391809158
0 0.0186119553 0.7752498233 0.0118263466 0.0499765466
0 0.2120520854 0.9859677921 0.0181757376 0.0280644159
0 0.1975551663 0.9824716741 0.0147344646 0.0350566518
0 0.1672232018 0.9787492831 0.0162854609 0.0425014339
0 0.0414038455 0.6421895984 0.0151454786 0.0639672223
0 0.0703764559 0.5682706772 0.0226833205 0.0251606062
0 0.0413340507 0.7645004032 0.0133385679 0.0341908512
0 0.0420630189 0.8064697908 0.0122838905 0.0397055046
0 0.0754559687 0.5055595252 0.0179915568 0.0369481779
0 0.0824936143 0.3298341346 0.0182242062 0.0206799503
0 0.0429625968 0.2372774571 0.0134936676 0.0521134748
0 0.3639125802 0.9807978045 0.0138135606 0.0384043910
0 0.1626122655 0.1787954037 0.0128441879 0.0495457143
0 0.3794255088 0.0381889749 0.0473053863 0.0540436035
0 0.4140055003 0.0542848695 0.0344127298 0.0392057391
0 0.4691176256 0.0224446394 0.0179915568 0.0448892788
0 0.2673826463 0.0359831135 0.0161303612 0.0435657620
0 0.1111870453 0.0572145292 0.0166732099 0.0485978832
0 0.1556286655 0.0621777172 0.0169058594 0.0435657620
0 0.3407430209 0.4130493287 0.0477416040 0.0663481739
0 0.4275540778 0.4361856945 0.0404713090 0.0383440745
0 0.4316982299 0.1744870807 0.0348974161 0.0357590807
0 0.2977989730 0.1033997515 0.0336857003 0.0521307081
0 0.4163428908 0.0784114782 0.0296628037 0.0358452472
0 0.0450409318 0.3597931319 0.0187360350 0.0322055759
0 0.0570960503 0.4004103579 0.0127957193 0.0437725615
0 0.0754022084 0.4434664080 0.0156650624 0.0515620094
0 0.0758437177 0.4547365333 0.0156650624 0.0545950688
0 0.3167753655 0.0241266087 0.0208415124 0.0435140621
0 0.2324384746 0.1766412422 0.0271424348 0.0392057391
0 0.3778778693 0.9802658128 0.0138038668 0.0394683745
0 0.5043074738 0.9732582393 0.0242343168 0.0534835215
0 0.4791750607 0.9762740653 0.0235072873 0.0474518693
0 0.5701985219 0.9837942431 0.0381690489 0.0290811801
0 0.5049118487 0.0427385640 0.0209384497 0.0477017520
0 0.6226426215 0.0604406014 0.0219621072 0.0765433894
0 0.8247975223 0.0398089043 0.0261730621 0.0558358658
0 0.8718813419 0.0643835786 0.0215588482 0.0523892074
0 0.8481890347 0.0562494648 0.0196976527 0.0377753759
0 0.9430259146 0.1047877145 0.0184197154 0.0542005420
0 0.9569994919 0.1556007227 0.0146087398 0.0542005420
0 0.9662093496 0.1584236676 0.0152439024 0.0575880759
0 0.6246610489 0.6413979060 0.0208415124 0.0689331677
0 0.9399826482 0.1778185720 0.0142691657 0.0443929600
0 0.9248604346 0.1509517953 0.0172160586 0.0430142966
0 0.9214482428 0.2107887685 0.0122528706 0.0438414946
0 0.9306427603 0.2127255833 0.0081396284 0.0307055902
0 0.9571614829 0.2102362821 0.0139589665 0.0475638857
0 0.9914065113 0.2946501982 0.0079973245 0.0336049192
0 0.9389372767 0.2725330660 0.0124079702 0.0499765466
0 0.9194528861 0.2849428264 0.0323770472 0.0465298882
0 0.9649911060 0.4300683234 0.0123595015 0.0581623602
0 0.9642557399 0.3421593670 0.0119426713 0.0441172273
0 0.9783698060 0.2954759996 0.0122528706 0.0534921381
0 0.9470229305 0.3828371322 0.0173711583 0.0295585423
0 0.9827125955 0.4383464046 0.0138038668 0.0537678708
0 0.9861070439 0.3863511385 0.0107204862 0.0458819164
0 0.9398676228 0.4532421279 0.0204596933 0.0309338666
0 0.9389115623 0.5130529547 0.0137672703 0.0404519794
0 0.9495716362 0.4839343282 0.0171134818 0.0441912380
0 0.9372384566 0.5480072631 0.0108034829 0.0360328556
0 0.9497930598 0.5522638991 0.0089487257 0.0392962085
0 0.9543798554 0.5114964623 0.0123140584 0.0390242624
0 0.9681471256 0.5237585111 0.0133848461 0.0509898899
0 0.9724744376 0.4730563203 0.0104827035 0.0235828241
0 0.9499960136 0.4281115499 0.0134602223 0.0444400991
0 0.9561218939 0.2742554766 0.0157159189 0.0532492312
0 0.9776154432 0.2587185868 0.0180810723 0.0286099573
0 0.9667535467 0.2424529846 0.0189330600 0.0239818760
0 0.9508258142 0.6063158544 0.0214476070 0.0397725739
0 0.9884515730 0.7339577912 0.0205231412 0.0246524218
0 0.9640456754 0.7213620471 0.0142367736 0.0466752520
0 0.9499013483 0.7340761228 0.0114633762 0.0414160687
0 0.9623816369 0.6657659054 0.0123878420 0.0378003801
0 0.9737525665 0.7322222607 0.0096144445 0.0299116052
0 0.9809287287 0.7595082712 0.0067212363 0.0318075408
0 0.9881498629 0.6386551054 0.0107207985 0.0502469747
0 0.9857397611 0.7048447373 0.0126976777 0.0297441025
0 0.9937894314 0.6748762793 0.0101342406 0.0309338666
0 0.9948011001 0.5603254814 0.0097919420 0.0287046226
0 0.9336307499 0.8829371532 0.0088748719 0.0368142833
0 0.9453344872 0.9564934059 0.0171211070 0.0501068691
0 0.9277141687 0.9136705057 0.0151612394 0.0279394114
0 0.9553593945 0.9590506838 0.0197909643 0.0519081394
0 0.9706093827 0.8375766970 0.0122029488 0.0440456603
0 0.9708867224 0.8884198518 0.0197835685 0.0539066291
0 0.9797615943 0.9317489484 0.0153461326 0.0253098198
0 0.9544482410 0.9095052325 0.0133123078 0.0294514266
0 0.9863238225 0.8371914618 0.0137560514 0.0305032633
0 0.8738178115 0.8969068589 0.0112784830 0.0338559927
0 0.8796419461 0.8957564125 0.0203382480 0.0262959166
0 0.8861631280 0.9587022629 0.0146065599 0.0318837989
0 0.9185619571 0.9866646833 0.0109086967 0.0266706334
0 0.9211504614 0.8188408564 0.0179346369 0.0223515291
0 0.8928867679 0.7369833114 0.0224182961 0.0558788228
0 0.9052843722 0.7288168516 0.0158564377 0.0431253033
0 0.9317341221 0.7074898450 0.0087243540 0.0313430497
0 0.6624237206 0.1445505026 0.0276184163 0.0650464422
0 0.7814793957 0.9785474625 0.0145603366 0.0328698958
0 0.9971925822 0.4795383513 0.0056148356 0.0305032633
0 0.9662210544 0.5600462948 0.0169214223 0.0183019580
