0 0.2967579588 0.2964003329 0.0234082397 0.0557636288 0.3037883792 0.3120359243 2 0.2937580784 0.2897286261 2
0 0.4388459738 0.2689346650 0.0210674157 0.0807324178 0.4390013663 0.2405138385 2 0.4403506189 0.2898579308 2
0 0.4238679973 0.3199096786 0.0359695627 0.0516256088 0.4185303128 0.3234288097 2 0.4363641921 0.3021737840 2
0 0.4636587079 0.3068039950 0.0266853933 0.0665834374 0.4571338498 0.2935381777 2 0.4687386138 0.3282994799 2
0 0.4844920412 0.2635247607 0.0280898876 0.0732417811 0.4928450867 0.2448910071 2 0.4788557822 0.2821958192 2
0 0.4744264981 0.4008531003 0.0257490637 0.0649188514 0.4668243842 0.3832346310 2 0.4764340826 0.4253933079 2
0 0.5066188965 0.3613931659 0.0308988764 0.0757386600 0.5033629256 0.3353732715 2 0.5060753405 0.3803792664 2
0 0.3124414794 0.4349771119 0.0407303371 0.0349563046 0.2978332862 0.4375775436 2 0.3287494012 0.4368759012 2
0 0.3122073970 0.3950270495 0.0374531835 0.0399500624 0.2988955484 0.3994091688 2 0.3264773503 0.3989790432 2
0 0.3400632022 0.3721389929 0.0294943820 0.0590928007 0.3541136703 0.3977375126 2 0.3342206407 0.3611180351 2
0 0.3431062734 0.3234498543 0.0252808989 0.0649188514 0.3372050125 0.3176799021 2 0.3492946330 0.3422035769 2
0 0.3164208801 0.3043071161 0.0234082397 0.0532667499 0.3111848265 0.3212774143 2 0.3231393231 0.2905292055 2
0 0.2784460198 0.3426947547 0.0375602077 0.0334960429 0.2909369725 0.3395453881 2 0.2731161302 0.3440385894 2
0 0.3620669476 0.2597794424 0.0351123596 0.0607573866 0.3608538126 0.2564424280 2 0.3541810733 0.2711417957 2
0 0.3810276217 0.3022263837 0.0224719101 0.0491052851 0.3806259856 0.3159950387 2 0.3811989999 0.2963512986 2
0 0.3906777510 0.3484186434 0.0224719101 0.0582605077 0.3911941630 0.3682163354 2 0.3918896540 0.3311234825 2
0 0.4024478095 0.3983093316 0.0182584270 0.0482729921 0.4013893517 0.4149180275 2 0.4033486492 0.3817252231 2
0 0.3882841760 0.4324802330 0.0210674157 0.0349563046 0.3931838107 0.4397593345 2 0.3835860350 0.4240319649 2
0 0.4091175094 0.4795047857 0.0196629213 0.0640865585 0.4109099287 0.4642883083 2 0.4096858646 0.4925777908 2
0 0.4266736891 0.4682688306 0.0201310861 0.0549313358 0.4265397177 0.4673501996 2 0.4298184610 0.4815726592 2
0 0.4475070225 0.4703495630 0.0196629213 0.0607573866 0.4481767207 0.4505079955 2 0.4528186263 0.4855801711 2
0 0.4669358614 0.4732625884 0.0182584270 0.0632542655 0.4717632445 0.4544849852 2 0.4651183249 0.4909984831 2
0 0.4219920412 0.5186225551 0.0191947566 0.0407823554 0.4184668159 0.5120551419 2 0.4267431588 0.5295382399 2
0 0.4542954120 0.5402621723 0.0323033708 0.0391177695 0.4625340236 0.5386817834 2 0.4434399769 0.5455449745 2
0 0.5126426169 0.4289137035 0.0327715356 0.0499375780 0.5100080970 0.4278666253 2 0.5030929294 0.4391004608 2
0 0.5314865551 0.4862979374 0.0388576779 0.0765709530 0.5295788829 0.4603171141 2 0.5308585863 0.5175178260 2
0 0.5366924157 0.5748023304 0.0379213483 0.0499375780 0.5435466749 0.5711586292 2 0.5263987784 0.5879254614 2
0 0.5430126404 0.6243237620 0.0234082397 0.0757386600 0.5404144848 0.6468460477 2 0.5441212735 0.6147135026 2
0 0.5598665730 0.6297336663 0.0215355805 0.0649188514 0.5655571996 0.6531716862 2 0.5596673844 0.6112885563 2
0 0.5947646318 0.6138263204 0.0191947566 0.0707449022 0.5898345147 0.5919242271 2 0.5947327584 0.6279572843 2
0 0.4933871723 0.8036828964 0.0205992509 0.0715771952 0.4942210461 0.8249676939 2 0.4930313583 0.7946006733 2
0 0.4720856742 0.7945276737 0.0285580524 0.0599250936 0.4788034415 0.7777557694 2 0.4637808361 0.8105670473 2
0 0.4505500936 0.7408447774 0.0332397004 0.0674157303 0.4398479975 0.7325637450 2 0.4567484286 0.7628951007 2
0 0.4425912921 0.7758010820 0.0360486891 0.0574282147 0.4529113661 0.7916596544 2 0.4338645244 0.7560717114 2
0 0.4070107678 0.7400124844 0.0332397004 0.0640865585 0.4176711742 0.7544455608 2 0.4006872842 0.7267001068 2
0 0.3641736891 0.4795047857 0.0337078652 0.0607573866 0.3725539979 0.4823569788 2 0.3545666137 0.4624999382 2
0 0.7056999064 0.5519142738 0.0238764045 0.0574282147 0.6981231480 0.5607040082 2 0.7129311448 0.5368162109 2
0 0.4674040262 0.8432168123 0.0220037453 0.0590928007 0.4636857724 0.8570268701 2 0.4739850004 0.8296876711 2
0 0.5144545880 0.8565334998 0.0187265918 0.0507698710 0.5150405889 0.8660280690 2 0.5137072333 0.8380141334 2
0 0.5547167603 0.8224094881 0.0205992509 0.0690803163 0.5543653188 0.8133375655 2 0.5518913579 0.8458838944 2
0 0.2583684457 0.2506242197 0.0224719101 0.0757386600 0.2584745180 0.2258902108 2 0.2555812755 0.2705747343 2
0 0.2848197566 0.2631086142 0.0444756554 0.0391177695 0.2907038743 0.2597901891 2 0.2681500051 0.2740469256 2
0 0.2717111423 0.3059717020 0.0191947566 0.0499375780 0.2720518534 0.2892396460 2 0.2722903075 0.3180660917 2
0 0.3632373596 0.7391801914 0.0234082397 0.0674157303 0.3615880523 0.7308991590 2 0.3596565745 0.7586552110 2
0 0.6654901068 0.6939344513 0.0174268428 0.0651473047 0.6684843026 0.6734419765 2 0.6635071090 0.7086624539 2
0 0.6657549232 0.6133056855 0.0429049476 0.0553670931 0.6679629102 0.5985144935 2 0.6507800179 0.6253050224 2
0 0.7021467899 0.6977038154 0.0318352060 0.0624219725 0.6931820699 0.6863269075 2 0.7103209551 0.7112321088 2
0 0.0544826779 0.1807116105 0.0201310861 0.0590928007 0.0547520912 0.1749578378 2 0.0539055793 0.1987855800 2
0 0.0493328652 0.3742197253 0.0163857678 0.0565959218 0.0491363393 0.3610220176 2 0.0500822070 0.3886473614 2
0 0.0643141386 0.3463379109 0.0173220974 0.0674157303 0.0623403749 0.3334785607 2 0.0626622879 0.3640960613 2
0 0.0825725655 0.3613191844 0.0351123596 0.0474406991 0.0734950679 0.3761201276 2 0.0864459338 0.3550036219 2
0 0.0455875468 0.4973990845 0.0154494382 0.0482729921 0.0468374037 0.4810198698 2 0.0450542329 0.5043880954 2
0 0.0273291199 0.5440074906 0.0191947566 0.0499375780 0.0265967877 0.5302428628 2 0.0276698310 0.5592812677 2
0 0.0785931648 0.4703495630 0.0318352060 0.0424469413 0.0787947055 0.4724463176 2 0.0878434721 0.4808552724 2
0 0.0711025281 0.5115480649 0.0262172285 0.0382854765 0.0762816707 0.5229329566 2 0.0662268580 0.5047327301 2
0 0.0825725655 0.6034244984 0.0294943820 0.0382854765 0.0793297078 0.5959783797 2 0.0780912486 0.6181647940 2
0 0.0397354869 0.5519142738 0.0159176030 0.0441115273 0.0411772198 0.5616614984 2 0.0370698488 0.5348875239 2
0 0.0722729401 0.5608752006 0.0294943820 0.0457761132 0.0680816729 0.5449545948 2 0.0740613538 0.5676685230 2
0 0.1131900662 0.5754127728 0.0215355805 0.0457761132 0.1093534597 0.5596864629 2 0.1175503178 0.5917452859 2
0 0.1240051498 0.5294423637 0.0168539326 0.0707449022 0.1254828893 0.5072399950 2 0.1233745984 0.5389161144 2
0 0.0991966334 0.4178063832 0.0168539326 0.0466084062 0.0956161663 0.4110920822 2 0.1015139299 0.4300836229 2
0 0.1424976592 0.3908655847 0.0360486891 0.0416146484 0.1427258744 0.3809928588 2 0.1337602766 0.4021066475 2
0 0.1078534644 0.3717228464 0.0304307116 0.0599250936 0.1031179656 0.3541878891 2 0.1098741018 0.3792050127 2
0 0.1139396067 0.3255305868 0.0388576779 0.0357885976 0.1198335233 0.3230863445 2 0.1011326382 0.3266563867 2
0 0.0956811798 0.1461714524 0.0313670412 0.0282979609 0.1081388393 0.1455091665 2 0.0932455736 0.1527137697 2
0 0.1073852996 0.0837494798 0.0388576779 0.0299625468 0.0949548590 0.0917983657 2 0.1126893686 0.0803150202 2
0 0.1113647004 0.1103828548 0.0337078652 0.0382854765 0.1146266114 0.1030335143 2 0.1009082941 0.1200664867 2
0 0.1209620787 0.1270287141 0.0210674157 0.0665834374 0.1236003741 0.1024584083 2 0.1188312930 0.1420241181 2
0 0.1396886704 0.1095505618 0.0313670412 0.0366208906 0.1465740196 0.1043601291 2 0.1326939013 0.1216511768 2
0 0.1368796816 0.1511652102 0.0238764045 0.0532667499 0.1416608047 0.1376133893 2 0.1328856955 0.1656485208 2
0 0.1504564607 0.1632334582 0.0163857678 0.0607573866 0.1477869675 0.1436497742 2 0.1469166102 0.1828480882 2
0 0.1647354869 0.1224511028 0.0215355805 0.0607573866 0.1677484731 0.1371659435 2 0.1707947236 0.1031253025 2
0 0.1869733146 0.1191219309 0.0248127341 0.0657511444 0.1846009851 0.1403487223 2 0.1879855876 0.1100644590 2
0 0.1776100187 0.1661464836 0.0369850187 0.0366208906 0.1828615091 0.1708610361 2 0.1615975126 0.1727724066 2
0 0.1843984082 0.1961090304 0.0262172285 0.0432792343 0.1906724524 0.2111832832 2 0.1771362105 0.1876699471 2
0 0.1673103933 0.2081772784 0.0323033708 0.0474406991 0.1743917633 0.2172506142 2 0.1603468195 0.1997321896 2
0 0.1937617041 0.2264877237 0.0318352060 0.0391177695 0.1856342665 0.2362518966 2 0.2019837425 0.2196167904 2
0 0.2298504614 0.2255916966 0.0220037453 0.0582605077 0.2239503530 0.2127476780 2 0.2331308341 0.2416801033 2
0 0.2181062734 0.2597794424 0.0234082397 0.0674157303 0.2222513997 0.2864080836 2 0.2203199219 0.2343297180 2
0 0.1909527154 0.2656054931 0.0215355805 0.0657511444 0.1993885442 0.2499937825 2 0.1880858220 0.2904603188 2
0 0.1961025281 0.3359342489 0.0205992509 0.0749063670 0.1935165734 0.3556655270 2 0.1978087463 0.3089285323 2
0 0.1289208801 0.1952767374 0.0173220974 0.0516021640 0.1313614971 0.1810532887 2 0.1264334467 0.2117167138 2
0 0.1403909176 0.2273200166 0.0280898876 0.0457761132 0.1354650530 0.2176168796 2 0.1424927840 0.2314603452 2
0 0.1333684457 0.2693508115 0.0196629213 0.0499375780 0.1376417808 0.2564340203 2 0.1297727970 0.2822930378 2
0 0.1490519663 0.3051394091 0.0238764045 0.0349563046 0.1444201155 0.3094510823 2 0.1510283770 0.3032996181 2
0 0.0701661985 0.2148356221 0.0243445693 0.0274656679 0.0748809930 0.2067349599 2 0.0681543957 0.2182921747 2
0 0.0989583333 0.2360590928 0.0266853933 0.0516021640 0.1007952641 0.2463663841 2 0.0951280061 0.2257780844 2
0 0.1034058989 0.2805867665 0.0252808989 0.0557636288 0.1054868874 0.2642695145 2 0.1025179411 0.2875493380 2
0 0.1834620787 0.5269454848 0.0215355805 0.0774032459 0.1799483787 0.5414208117 2 0.1817963976 0.5036390915 2
0 0.2052317416 0.5573241781 0.0257490637 0.0665834374 0.2020092337 0.5505584417 2 0.2113884266 0.5833414584 2
0 0.1943223947 0.4729598512 0.0260321768 0.0588659821 0.1952761081 0.4604820620 2 0.1939154452 0.4782841239 2
0 0.2134246255 0.4666042447 0.0215355805 0.0732417811 0.2142766218 0.4448617567 2 0.2130610786 0.4758817643 2
0 0.2298005025 0.5203985042 0.0304307116 0.0391177695 0.2384461271 0.5240777445 2 0.2261114144 0.5188285724 2
0 0.2576661985 0.4907407407 0.0238764045 0.0749063670 0.2546200672 0.4665964729 2 0.2589659827 0.5010430998 2
0 0.2646886704 0.4378901373 0.0229400749 0.0690803163 0.2665932029 0.4598984928 2 0.2614803506 0.4179694383 2
0 0.2454939139 0.3991885144 0.0191947566 0.0615896796 0.2432712439 0.3801208097 2 0.2469474105 0.4203789194 2
0 0.2288740637 0.4166666667 0.0280898876 0.0699126092 0.2195218956 0.3920548169 2 0.2328646338 0.4271685430 2
0 0.2415145131 0.3463379109 0.0215355805 0.0557636288 0.2363197120 0.3349911012 2 0.2437311347 0.3511795946 2
0 0.2253628277 0.3484186434 0.0266853933 0.0632542655 0.2232175758 0.3599794612 2 0.2201971578 0.3261507793 2
0 0.2377691948 0.2843320849 0.0252808989 0.0765709530 0.2419684501 0.2814265487 2 0.2324620818 0.3132769451 2
0 0.6556062734 0.1890345402 0.0360486891 0.0524344569 0.6410657823 0.1966148356 2 0.6651019510 0.1779200377 2
0 0.6249414794 0.2231585518 0.0346441948 0.0507698710 0.6182527239 0.2343770556 2 0.6344954193 0.2100264808 2
0 0.4978347378 0.1599042863 0.0266853933 0.0690803163 0.5031991158 0.1807398011 2 0.4955457577 0.1510137722 2
0 0.2635182584 0.1753017062 0.0308988764 0.0632542655 0.2532446232 0.1900843032 2 0.2707277283 0.1605513270 2
0 0.3204002809 0.1748855597 0.0210674157 0.0590928007 0.3188169460 0.1934611659 2 0.3227673348 0.1613564185 2
0 0.2223197566 0.0949854349 0.0318352060 0.0491052851 0.2275639176 0.0849934681 2 0.2115020499 0.1047939863 2
0 0.2443235019 0.0583645443 0.0271535581 0.0407823554 0.2522878276 0.0493737313 2 0.2387535728 0.0659913295 2
0 0.1495201311 0.0750104037 0.0313670412 0.0357885976 0.1449569155 0.0832050484 2 0.1582291455 0.0669946912 2
0 0.1808871723 0.0575322514 0.0313670412 0.0474406991 0.1756233388 0.0724450620 2 0.1889886885 0.0506980522 2
0 0.2155313670 0.0462962963 0.0351123596 0.0432792343 0.2071343415 0.0626034318 2 0.2191143778 0.0393380416 2
0 0.2646886704 0.0791718685 0.0201310861 0.0507698710 0.2592957935 0.0703496337 2 0.2699626382 0.0977170939 2
0 0.2429190075 0.0920724095 0.0271535581 0.0449438202 0.2445275391 0.0831179828 2 0.2341190196 0.1048649926 2
0 0.2567298689 0.1178734915 0.0276217228 0.0582605077 0.2527845274 0.1077496155 2 0.2566792769 0.1366820408 2
0 0.2813085206 0.1203703704 0.0271535581 0.0482729921 0.2763019393 0.1087037143 2 0.2834448289 0.1253485325 2
0 0.2866924157 0.0450478568 0.0435393258 0.0407823554 0.2890775158 0.0360015097 2 0.2719205463 0.0557523380 2
0 0.3098899813 0.0522412461 0.0210674157 0.0674157303 0.3114448952 0.0352623624 2 0.3092264995 0.0594861357 2
0 0.3447448502 0.0475447357 0.0191947566 0.0674157303 0.3456511769 0.0390073587 2 0.3475986597 0.0655508276 2
0 0.3667485955 0.0263212651 0.0323033708 0.0399500624 0.3546410918 0.0278237474 2 0.3746741900 0.0309771055 2
0 0.3587262574 0.0955977647 0.0430711610 0.0557636288 0.3691545979 0.0902734894 2 0.3420264441 0.1099244122 2
0 0.3927317416 0.0408863920 0.0187265918 0.0474406991 0.3965620186 0.0300635636 2 0.3910973624 0.0455044929 2
0 0.4226942884 0.0621098627 0.0252808989 0.0782355389 0.4296274809 0.0843214444 2 0.4220345021 0.0364157107 2
0 0.4461025281 0.0442155639 0.0224719101 0.0557636288 0.4471955604 0.0571829718 2 0.4420221010 0.0295911882 2
0 0.4770014045 0.0413025385 0.0271535581 0.0599250936 0.4848309706 0.0296414361 2 0.4680436747 0.0576583291 2
0 0.4898759363 0.0737619642 0.0482209738 0.0565959218 0.5054449562 0.0708392072 2 0.4752289713 0.0891141672 2
0 0.4468047753 0.0938380596 0.0313670412 0.0582605077 0.4470373077 0.1022606100 2 0.4353530590 0.0745646132 2
0 0.5081343633 0.1332709114 0.0285580524 0.0657511444 0.5173638467 0.1397064860 2 0.5060611245 0.1098449731 2
0 0.5359901685 0.1012276321 0.0571161049 0.0549313358 0.5586742650 0.0944675637 2 0.5156895995 0.1092262471 2
0 0.2365987828 0.6459633791 0.0313670412 0.0441115273 0.2301734793 0.6461618435 2 0.2459710604 0.6525276836 2
0 0.3306999064 0.7462546816 0.0313670412 0.0516021640 0.3370706436 0.7337834286 2 0.3177280455 0.7620375846 2
0 0.3126783966 0.8007623115 0.0365168539 0.0657461047 0.3226352046 0.8167153233 2 0.3007371739 0.7925519791 2
0 0.3505969101 0.8111735331 0.0308988764 0.0599250936 0.3426761818 0.7964364366 2 0.3585572218 0.8310281715 2
0 0.3807935393 0.8003537245 0.0294943820 0.0632542655 0.3862159448 0.8205059536 2 0.3774567325 0.7877511981 2
0 0.1904845506 0.7162921348 0.0514981273 0.0366208906 0.1914759228 0.7145427066 2 0.1726797717 0.7225269124 2
0 0.6097261236 0.3309404911 0.0229400749 0.0632542655 0.6050165368 0.3097465534 2 0.6139267700 0.3470654961 2
0 0.6904845506 0.3380149813 0.0187265918 0.0790678319 0.6897143440 0.3249466393 2 0.6891480156 0.3615272576 2
0 0.6726942884 0.3829588015 0.0290262172 0.0757386600 0.6688794607 0.3784774903 2 0.6835265010 0.4061240300 2
0 0.7153995801 0.3463836016 0.0301671378 0.0625133538 0.7127579079 0.3444663822 2 0.7257635895 0.3640514086 2
0 0.7124882959 0.4924053267 0.0196629213 0.0582605077 0.7127575900 0.4837651648 2 0.7120620990 0.5149231613 2
0 0.6417954120 0.2918227216 0.0215355805 0.0732417811 0.6389752159 0.2812716772 2 0.6433468735 0.3160895019 2
0 0.6553721910 0.3117977528 0.0262172285 0.0599250936 0.6612050951 0.3008759212 2 0.6496162281 0.3265653714 2
0 0.2347261236 0.7828755722 0.0191947566 0.0682480233 0.2322053860 0.7701471420 2 0.2309018372 0.8028807016 2
0 0.2527504682 0.8007698710 0.0187265918 0.0657511444 0.2536633498 0.8066472865 2 0.2494248289 0.7776230123 2
0 0.2650668035 0.7782963603 0.0171420340 0.0674189315 0.2654739806 0.7954830370 2 0.2648301241 0.7579962797 2
0 0.2828380046 0.8160647060 0.0255308782 0.0770195999 0.2874044486 0.8000658129 2 0.2829911863 0.8474675191 2
0 0.2827130150 0.8178318768 0.0215355805 0.0799001248 0.2830324639 0.8086955892 2 0.2834139904 0.8524439598 2
0 0.3688553371 0.8677694548 0.0337078652 0.0532667499 0.3639835618 0.8720787259 2 0.3797533233 0.8851919326 2
0 0.6975070225 0.7874531835 0.0187265918 0.0640865585 0.6963980124 0.8037903597 2 0.6999171968 0.7657083640 2
0 0.7164676966 0.7737203496 0.0163857678 0.0682480233 0.7177475988 0.7563570791 2 0.7167699371 0.7948841890 2
0 0.7557830463 0.6755852183 0.0191737705 0.0514512862 0.7507804005 0.6694190623 2 0.7593051330 0.6906361742 2
0 0.7767223269 0.6696850435 0.0217264890 0.0565985514 0.7798296683 0.6605174135 2 0.7735979463 0.6851120473 2
0 0.2616488962 0.5853701066 0.0182584270 0.0740740741 0.2623162496 0.5636949510 2 0.2596634482 0.6095982397 2
0 0.3281250000 0.5852059925 0.0411985019 0.0507698710 0.3387652849 0.5925868397 2 0.3130827563 0.5750807292 2
0 0.2866924157 0.5560757387 0.0191947566 0.0674157303 0.2831284417 0.5357766219 2 0.2828065287 0.5781260620 2
0 0.3105688202 0.5090511860 0.0163857678 0.0532667499 0.3116917401 0.4871340437 2 0.3081308262 0.5260214842 2
0 0.3255500936 0.5048897212 0.0238764045 0.0499375780 0.3259913529 0.4943044807 2 0.3178839150 0.5197395799 2
0 0.0558871723 0.6064294632 0.0145131086 0.0649188514 0.0539991328 0.6017616986 2 0.0522941863 0.6279386548 2
0 0.0692298689 0.6330628381 0.0224719101 0.0782355389 0.0678472599 0.6168113641 2 0.0648679084 0.6490220911 2
0 0.0584620787 0.6879941739 0.0177902622 0.0532667499 0.0577790668 0.6764771610 2 0.0572703648 0.7020253051 2
0 0.1244733146 0.6347274241 0.0280898876 0.0599250936 0.1191390974 0.6240599435 2 0.1287249504 0.6515298506 2
0 0.0828066479 0.6909071993 0.0168539326 0.0391177695 0.0802823336 0.7066904555 2 0.0792549940 0.6816192196 2
0 0.1593515918 0.7137952559 0.0294943820 0.0632542655 0.1593372448 0.6974339871 2 0.1498229280 0.7315311506 2
0 0.1766736891 0.7920307948 0.0238764045 0.0749063670 0.1714814713 0.7736094243 2 0.1723756740 0.8079468081 2
0 0.2108497191 0.8652725759 0.0426029963 0.0432792343 0.2079544767 0.8716449399 2 0.1965331308 0.8606364138 2
0 0.3871137640 0.9156263005 0.0449438202 0.0624219725 0.3800639891 0.9185566358 2 0.3957125365 0.9021298010 2
0 0.3222729401 0.9501664586 0.0472846442 0.0366208906 0.3375396488 0.9519023916 2 0.3157586354 0.9494257360 2
0 0.3178253745 0.9722222222 0.0440074906 0.0291302538 0.3254954139 0.9706888246 2 0.3051689567 0.9787751852 2
0 0.4957279963 0.8856637536 0.0393258427 0.0540990429 0.5013933467 0.8960105400 2 0.4803398407 0.8774111238 2
0 0.5114115169 0.9272784020 0.0435393258 0.0457761132 0.5174530202 0.9241379477 2 0.4988897417 0.9356384300 2
0 0.4950257491 0.9509987516 0.0463483146 0.0482729921 0.4761570747 0.9491120595 2 0.5096907390 0.9629513496 2
0 0.4582748127 0.9742041199 0.0224719101 0.0497399084 0.4609063524 0.9654032046 2 0.4572016863 0.9964955964 2
0 0.4212897940 0.9651477320 0.0252808989 0.0582605077 0.4264092831 0.9548073629 2 0.4165947627 0.9842626500 2
0 0.4358029026 0.8968181042 0.0318352060 0.0457761132 0.4370619003 0.8851720081 2 0.4261327561 0.9121791377 2
0 0.3943703184 0.9697253433 0.0191947566 0.0557636288 0.3938552731 0.9646555582 2 0.3921893562 0.9939234319 2
0 0.3669826779 0.9687942156 0.0252808989 0.0605597170 0.3705196614 0.9587058427 2 0.3596322079 0.9501447681 2
0 0.2625819288 0.9401789430 0.0187265918 0.0565959218 0.2673672049 0.9211947502 2 0.2605400515 0.9482794981 2
0 0.1340706929 0.8598626717 0.0276217228 0.0407823554 0.1347295017 0.8628157573 2 0.1231426218 0.8648929571 2
0 0.6105233550 0.0762588431 0.0341760300 0.0582605077 0.6226177049 0.0713279665 2 0.6053626959 0.0783628482 2
0 0.6363311319 0.0540505582 0.0171613275 0.0521294143 0.6391521854 0.0719238196 2 0.6348131545 0.0482577649 2
0 0.6562262867 0.0710461646 0.0194984535 0.0544146042 0.6500015616 0.0880377279 2 0.6607095840 0.0555409280 2
0 0.6717579588 0.1382646692 0.0168539326 0.0624219725 0.6753271391 0.1515280136 2 0.6747310040 0.1192042417 2
0 0.6975070225 0.1145443196 0.0131086142 0.0732417811 0.7004632765 0.0990193003 2 0.6969659504 0.1403654670 2
0 0.7261728249 0.1124422211 0.0301780468 0.0394944708 0.7151813960 0.1092083891 2 0.7389016131 0.1306586560 2
0 0.7229133755 0.1342373179 0.0261650869 0.0356912995 0.7340235187 0.1493094371 2 0.7176597266 0.1305832858 2
0 0.7203166048 0.1731466854 0.0325105503 0.0362764028 0.7133152056 0.1725644409 2 0.7316350711 0.1772424083 2
0 0.7518986837 0.2064975718 0.0282589780 0.0336434381 0.7426956555 0.2086415396 2 0.7642638248 0.2036710973 2
0 0.7806775058 0.2269178403 0.0240188693 0.0499096377 0.7750398020 0.2199621370 2 0.7909963524 0.2398191776 2
0 0.7990335596 0.2215749928 0.0129781678 0.0625840264 0.7964841341 0.2015575819 2 0.8025522109 0.2383128476 2
0 0.8179942337 0.2555129548 0.0249431805 0.0626320180 0.8086117086 0.2337760807 2 0.8266507578 0.2774785268 2
0 0.8208977060 0.1895576816 0.0248712547 0.0534807399 0.8118385086 0.1773524111 2 0.8297225627 0.2115308256 2
0 0.8387543470 0.2256240389 0.0184497052 0.0508326545 0.8328215911 0.2286265329 2 0.8460557911 0.2304564470 2
0 0.8573852996 0.2406367041 0.0191947566 0.0657511444 0.8583092296 0.2286530278 2 0.8575243183 0.2719103596 2
0 0.8517673221 0.1241156887 0.0220037453 0.0724094881 0.8522220142 0.1087670901 2 0.8475542761 0.1524094811 2
0 0.7976942884 0.0492093217 0.0149812734 0.0457761132 0.7985981057 0.0360883508 2 0.7937346366 0.0637184945 2
0 0.8253067201 0.0357943500 0.0402435899 0.0359851660 0.8200862296 0.0382803815 2 0.8357738355 0.0317213282 2
0 0.8168162409 0.0830289481 0.0251352908 0.0468319288 0.8215565446 0.0742762478 2 0.8145634575 0.0966974507 2
0 0.8656240847 0.1845093580 0.0270617556 0.0265285166 0.8572884004 0.1854063235 2 0.8739463570 0.1836643150 2
0 0.8841001843 0.2187847405 0.0238612428 0.0471008133 0.8808912586 0.2089842607 2 0.8853343865 0.2341437014 2
0 0.8086961610 0.3180399501 0.0191947566 0.0724094881 0.8083185293 0.2956225135 2 0.8109117172 0.3395722452 2
0 0.8255500936 0.3234498543 0.0154494382 0.0699126092 0.8193005705 0.3380080573 2 0.8301502300 0.3029924041 2
0 0.8374882959 0.3367665418 0.0140449438 0.0682480233 0.8317636300 0.3570613488 2 0.8418661335 0.3295419845 2
0 0.8608965356 0.2918227216 0.0224719101 0.0482729921 0.8642127956 0.3084314174 2 0.8594814874 0.2847357911 2
0 0.5420763109 0.9622347066 0.0355805243 0.0607573866 0.5522999654 0.9553932369 2 0.5335673250 0.9772543687 2
0 0.5792954120 0.9584893883 0.0313670412 0.0799001248 0.5831724360 0.9495642534 2 0.5763873166 0.9842745242 2
0 0.6066830524 0.9688930504 0.0327715356 0.0540990429 0.5953527386 0.9644503909 2 0.6166288324 0.9817629449 2
0 0.6094920412 0.8939866833 0.0177902622 0.0607573866 0.6109372317 0.8751766503 2 0.6084712194 0.9120540114 2
0 0.6371137640 0.9052226384 0.0205992509 0.0848938826 0.6320990878 0.8921013312 2 0.6342960834 0.9379053600 2
0 0.6608170567 0.9130097712 0.0183803680 0.0488561231 0.6644121906 0.9043794980 2 0.6563552973 0.9280796783 2
0 0.7290398720 0.8644461998 0.0349758115 0.0365689544 0.7185118043 0.8518628384 2 0.7375583219 0.8714266688 2
0 0.6916906700 0.9014773200 0.0271535581 0.0690803163 0.7002123821 0.8918189770 2 0.6853686172 0.9173282619 2
0 0.6755143697 0.8583744190 0.0346441948 0.0407823554 0.6808810867 0.8446965336 2 0.6740551957 0.8707567662 2
0 0.7340238764 0.7670620058 0.0159176030 0.0549313358 0.7298172289 0.7838631606 2 0.7358188529 0.7598929531 2
0 0.7423870658 0.8141095988 0.0188132829 0.0511610968 0.7388716305 0.8313284290 2 0.7454950877 0.7975419459 2
0 0.7568644293 0.8113673075 0.0170529766 0.0562083730 0.7528297541 0.8273821913 2 0.7557223250 0.7947578396 2
0 0.7584600170 0.8963137837 0.0217187232 0.0570886576 0.7570627110 0.9151209898 2 0.7615059049 0.8744107005 2
0 0.7463361760 0.7151940801 0.0255609287 0.0604566172 0.7427680263 0.6952707319 2 0.7495639669 0.7315157482 2
0 0.7965238764 0.8598626717 0.0313670412 0.0474406991 0.7871824786 0.8492026096 2 0.8005098509 0.8644113201 2
0 0.7902036517 0.8931543903 0.0168539326 0.0674157303 0.7968965801 0.9043312088 2 0.7865953649 0.8808673298 2
0 0.8016736891 0.8103412401 0.0257490637 0.0482729921 0.7924043839 0.8216226957 2 0.8056289017 0.8055274430 2
0 0.7949210071 0.7720416570 0.0145131086 0.0516021640 0.7973271277 0.7549708902 2 0.7941238949 0.7827869972 2
0 0.8079370111 0.7623402553 0.0139311384 0.0371649051 0.8061808847 0.7560558189 2 0.8078264876 0.7762418817 2
0 0.8373701915 0.7444673226 0.0255171076 0.0435247804 0.8288902054 0.7469867182 2 0.8456163988 0.7457901460 2
0 0.8062052451 0.6838044401 0.0260492475 0.0383420146 0.8023959979 0.6804312211 2 0.8153962612 0.6933034931 2
0 0.8199628094 0.6945468375 0.0153863876 0.0425662629 0.8175355450 0.7070534199 2 0.8229660348 0.6827716342 2
0 0.8028441011 0.6318143987 0.0234082397 0.0590928007 0.8088680467 0.6541522799 2 0.8002736836 0.6222828247 2
0 0.7802111900 0.6226550672 0.0171759346 0.0591010184 0.7813322801 0.6094874495 2 0.7799327202 0.6399252279 2
0 0.7511118914 0.6209945901 0.0248127341 0.0457761132 0.7442169527 0.6291666755 2 0.7540539617 0.6175075613 2
0 0.7505381954 0.5861078076 0.0283469900 0.0339849674 0.7574594588 0.5799323780 2 0.7435575874 0.5872343710 2
0 0.7331583170 0.5385875607 0.0254224392 0.0524545082 0.7288849928 0.5220178583 2 0.7389874963 0.5495372225 2
0 0.7597748815 0.5475396407 0.0307727751 0.0563161898 0.7663572933 0.5641419461 2 0.7483638212 0.5263982382 2
0 0.7686729248 0.5234567244 0.0187362990 0.0521152798 0.7719523433 0.5360569891 2 0.7656098582 0.5095249854 2
0 0.7871438009 0.5366646089 0.0163522086 0.0602206037 0.7901072377 0.5611972372 2 0.7860505247 0.5210945642 2
0 0.7890332397 0.4499583854 0.0220037453 0.0665834374 0.7836001038 0.4745626046 2 0.7921844498 0.4335838337 2
0 0.7431530899 0.3292759051 0.0191947566 0.0532667499 0.7408549095 0.3469244726 2 0.7435255949 0.3139153661 2
0 0.6743328652 0.2285684561 0.0248127341 0.0549313358 0.6756347846 0.2484006268 2 0.6737773362 0.2201060688 2
0 0.6986774345 0.2031835206 0.0191947566 0.0607573866 0.6993778138 0.2212508487 2 0.6958963846 0.1897890441 2
0 0.7693703184 0.3733874324 0.0163857678 0.0665834374 0.7722260044 0.3985568761 2 0.7681517971 0.3626476308 2
0 0.8271374996 0.3782676210 0.0300648885 0.0347291662 0.8292013816 0.3831903316 2 0.8153869434 0.4097028898 2
0 0.8098665730 0.4449646275 0.0177902622 0.0632542655 0.8116078440 0.4377317332 2 0.8094935514 0.4680701542 2
0 0.8274227528 0.4362255514 0.0135767790 0.0740740741 0.8305363865 0.4195808932 2 0.8266456112 0.4544799688 2
0 0.8442766854 0.4387224303 0.0126404494 0.0574282147 0.8424296799 0.4245993795 2 0.8427039021 0.4555560148 2
0 0.8566830524 0.3463379109 0.0140449438 0.0624219725 0.8538476549 0.3248929430 2 0.8528044184 0.3598662043 2
0 0.8711961610 0.3363503953 0.0196629213 0.0657511444 0.8691484766 0.3212968439 2 0.8705613169 0.3592516641 2
0 0.8880262886 0.3216865218 0.0224719101 0.0599250936 0.8821421964 0.3066950743 2 0.8923003391 0.3356910874 2
0 0.8660463483 0.4428838951 0.0177902622 0.0807324178 0.8648625829 0.4196030782 2 0.8638988311 0.4566111475 2
0 0.8494264981 0.5381814399 0.0210674157 0.0615896796 0.8502704268 0.5238192285 2 0.8480647268 0.5549277679 2
0 0.8660463483 0.5348522680 0.0159176030 0.0649188514 0.8661855260 0.5238469245 2 0.8668055065 0.5502994276 2
0 0.9058403558 0.5448397836 0.0177902622 0.0599250936 0.9053401587 0.5301026871 2 0.9056263035 0.5634226671 2
0 0.8590609025 0.5853764285 0.0216096327 0.0354477256 0.8564013985 0.5904668895 2 0.8601428877 0.5746491411 2
0 0.8835312032 0.5896286172 0.0246700843 0.0369308638 0.8916822258 0.5764455791 2 0.8755508090 0.5974295359 2
0 0.9032420135 0.6100725528 0.0191478846 0.0503188813 0.9047525013 0.6007109005 2 0.9008378083 0.6288106548 2
0 0.9050816219 0.6552717805 0.0161269089 0.0394944708 0.9099300018 0.6422297185 2 0.9015841099 0.6650153282 2
0 0.8627073460 0.6292346849 0.0281398104 0.0400795740 0.8560638667 0.6197622595 2 0.8720720823 0.6415092693 2
0 0.8461493446 0.6759259259 0.0163857678 0.0740740741 0.8489702560 0.6592812677 2 0.8475554286 0.6979532164 2
0 0.8655781835 0.6667707033 0.0149812734 0.0524344569 0.8619326582 0.6794698124 2 0.8671337292 0.6613519934 2
0 0.8799363928 0.6798425020 0.0193531227 0.0579179922 0.8843502803 0.6595214881 2 0.8783372639 0.6934773455 2
0 0.9221682964 0.6501442378 0.0148656190 0.0541378306 0.9205279730 0.6687356354 2 0.9255772377 0.6350058677 2
0 0.9262055243 0.6089263421 0.0163857678 0.0649188514 0.9269687760 0.6285067053 2 0.9258798448 0.6005714011 2
0 0.8606114672 0.7508321286 0.0237744326 0.0391174407 0.8567008952 0.7408431338 2 0.8678678591 0.7627004515 2
0 0.8835184452 0.7604440934 0.0237082387 0.0479784682 0.8782257071 0.7788869247 2 0.8850693385 0.7467327202 2
0 0.8410384069 0.7836261808 0.0155271883 0.0531033812 0.8386004853 0.8031007152 2 0.8417798727 0.7689046375 2
0 0.8468101548 0.8265607630 0.0181358780 0.0497337780 0.8512701515 0.8036553333 2 0.8428109939 0.8438745839 2
0 0.8633141891 0.8174916623 0.0193563506 0.0427125388 0.8684457592 0.8104553388 2 0.8596825727 0.8323931118 2
0 0.8267205056 0.8448813983 0.0177902622 0.0640865585 0.8260762425 0.8625786457 2 0.8269954127 0.8373299828 2
0 0.8716643258 0.4811693716 0.0290262172 0.0540990429 0.8673457639 0.4736056090 2 0.8783245860 0.4880718217 2
0 0.8852411049 0.4220201443 0.0205992509 0.0707449022 0.8897590938 0.4025202549 2 0.8833132790 0.4303407471 2
0 0.8992860487 0.4349771119 0.0159176030 0.0699126092 0.9012613226 0.4157066330 2 0.8962537874 0.4501288005 2
0 0.9102879213 0.4162505202 0.0173220974 0.0740740741 0.9076107182 0.3952041767 2 0.9122089072 0.4341905315 2
0 0.0849133895 0.9460049938 0.0191947566 0.0615896796 0.0862921317 0.9327648604 2 0.0808500659 0.9599463955 2
0 0.0280313670 0.4474615065 0.0215355805 0.0615896796 0.0253224495 0.4566267618 2 0.0326747828 0.4341449603 2
0 0.8993220116 0.2727605172 0.0207345972 0.0368615061 0.9062335440 0.2731993447 2 0.8928908699 0.2821144975 2
0 0.9177785581 0.2789221806 0.0163857678 0.0590928007 0.9203093504 0.2626340377 2 0.9150891937 0.2952404217 2
0 0.9236454624 0.2540372126 0.0171772163 0.0386168159 0.9205502896 0.2458457668 2 0.9282846235 0.2672020362 2
0 0.9311212547 0.3238660008 0.0196629213 0.0774032459 0.9338267544 0.3229001029 2 0.9251410654 0.3435979149 2
0 0.9311212547 0.3742197253 0.0299625468 0.0416146484 0.9243349318 0.3648687937 2 0.9340169787 0.3782097679 2
0 0.9522045404 0.3658897423 0.0102996255 0.0657511444 0.9523575683 0.3809767834 2 0.9539273908 0.3480453953 2
0 0.9260630595 0.4316160552 0.0169497104 0.0301328184 0.9201600782 0.4304102399 2 0.9324587351 0.4369257962 2
0 0.9316581095 0.4686238371 0.0208991575 0.0310104733 0.9291260301 0.4686157371 2 0.9373160627 0.4562464819 2
0 0.9452343339 0.4907114856 0.0111901001 0.0471008133 0.9412223870 0.5037502287 2 0.9465150575 0.4804398627 2
0 0.9560414614 0.5059241706 0.0142598891 0.0450529518 0.9512505723 0.5199734415 2 0.9573311507 0.4881795676 2
0 0.9403798052 0.5587297408 0.0185953133 0.0561699140 0.9405496088 0.5827537663 2 0.9422307099 0.5392526815 2
0 0.8983632630 0.7762920099 0.0196900091 0.0584100706 0.8990519265 0.7951177680 2 0.9005541871 0.7639597716 2
0 0.9085770263 0.8304877269 0.0216426826 0.0464707436 0.9075179824 0.8447111112 2 0.9152166889 0.8125215802 2
0 0.8914380345 0.8766059840 0.0253124512 0.0397492396 0.8962529798 0.8685280220 2 0.8799904133 0.8858309547 2
0 0.8615987828 0.9730545152 0.0182584270 0.0491052851 0.8632017876 0.9581470159 2 0.8614699718 0.9895506085 2
0 0.9104401741 0.9825398337 0.0131591998 0.0349203326 0.9136336667 0.9718780093 2 0.9090429568 0.9923885493 2
0 0.9659874499 0.5839307827 0.0161639467 0.0356080970 0.9616903633 0.5751126324 2 0.9694414275 0.5998085284 2
0 0.9657719483 0.5479780364 0.0209988730 0.0320352676 0.9574990894 0.5451326046 2 0.9675832555 0.5530570525 2
0 0.9408938947 0.6571733661 0.0205292196 0.0348136446 0.9344791654 0.6442465411 2 0.9446829126 0.6626452916 2
0 0.9642940552 0.7248693131 0.0180430868 0.0427720519 0.9648420146 0.7160410195 2 0.9607030016 0.7371862384 2
0 0.9279908986 0.7121447767 0.0177902622 0.0565959218 0.9264494521 0.7001481708 2 0.9295573032 0.7296952777 2
0 0.9417247158 0.7298614357 0.0143736022 0.0254740158 0.9371960860 0.7274200746 2 0.9442321674 0.7356327846 2
0 0.9889396067 0.5028089888 0.0173220974 0.0574282147 0.9884204128 0.4869796668 2 0.9900657458 0.5174487960 2
0 0.9287804307 0.1615688722 0.0234082397 0.0307948398 0.9369430714 0.1627826866 2 0.9249213979 0.1684280846 2
0 0.9620201311 0.2360590928 0.0140449438 0.0532667499 0.9581494455 0.2218290027 2 0.9619647104 0.2566468273 2
0 0.9643609551 0.1857053683 0.0159176030 0.0624219725 0.9622258772 0.1735336135 2 0.9656536542 0.2016182022 2
0 0.9608497191 0.3288597586 0.0173220974 0.0590928007 0.9546145827 0.3113175240 2 0.9603990807 0.3451779998 2
0 0.2958216292 0.2198293799 0.0196629213 0.0640865585 0.2989911208 0.1980845604 2 0.2934828321 0.2418788554 2
0 0.4418890449 0.3534124012 0.0215355805 0.0749063670 0.4446992438 0.3664669658 2 0.4436098170 0.3289501945 2
0 0.2054658240 0.1245318352 0.0262172285 0.0432792343 0.2028534803 0.1113166055 2 0.2082266450 0.1396060880 2
0 0.9043961864 0.6900502197 0.0293079096 0.0326428123 0.9131961324 0.6874314061 2 0.8972926156 0.6896191915 2
0 0.7977577684 0.5701506591 0.0303672316 0.0276208412 0.7919668079 0.5772357726 2 0.8022657721 0.5641794094 2
0 0.7989936441 0.5224419335 0.0180084746 0.0514752040 0.7986028850 0.5405893462 2 0.7991603810 0.5146984324 2
0 0.8150600282 0.5083176397 0.0190677966 0.0583804143 0.8135398711 0.4932170351 2 0.8159520670 0.5274126937 2
0 0.8353637006 0.5054927809 0.0314265537 0.0364092906 0.8432771829 0.5003450578 2 0.8263255212 0.5052173917 2
0 0.4050595238 0.0780423280 0.0229166667 0.0767195767 0.4074427341 0.0653566771 2 0.4053715718 0.1003363071 2
0 0.2373826291 0.1644496609 0.0217136150 0.0714658320 0.2379051360 0.1429310441 2 0.2339133238 0.1832746590 2
0 0.2121478873 0.1675795514 0.0340375587 0.0443401148 0.2012593866 0.1626358472 2 0.2167940106 0.1696890299 2
0 0.1691607981 0.3060772040 0.0173122066 0.0636411059 0.1739608746 0.2950183463 2 0.1659441398 0.3268929239 2
0 0.1879097519 0.6048243178 0.0214201878 0.0678142932 0.1922580795 0.5901619236 2 0.1933914359 0.6264293299 2
0 0.5289759390 0.5520344288 0.0404929577 0.0422535211 0.5389108391 0.5397156410 2 0.5165455426 0.5666876944 2
0 0.7789025822 0.3005998957 0.0334507042 0.0526864893 0.7795665129 0.2892751863 2 0.7786016223 0.3057333864 2
0 0.7574823944 0.3261606677 0.0164319249 0.0693792384 0.7558126988 0.3032089791 2 0.7626041193 0.3447305097 2
0 0.7799295775 0.4077986437 0.0149647887 0.0511215441 0.7806643624 0.4222110790 2 0.7795964994 0.4012654868 2
0 0.7915746813 0.3983779127 0.0164319249 0.0474700052 0.7915343408 0.3933746187 2 0.7915929676 0.4006459058 2
0 0.7266465054 0.9452658303 0.0204973118 0.0510752688 0.7296948197 0.9353199256 2 0.7240409670 0.9587729440 2
0 0.7610763368 0.9635053439 0.0372983871 0.0328554361 0.7701069799 0.9609532013 2 0.7436029580 0.9605248534 2
0 0.6149587087 0.5518018018 0.0281531532 0.0620620621 0.6124482711 0.5428612823 2 0.6237488019 0.5726278910 2
0 0.6329473727 0.5555409280 0.0303466974 0.0679304897 0.6213193059 0.5292589987 2 0.6371085372 0.5683586529 2
0 0.6026651652 0.4448615282 0.0274024024 0.0807474141 0.5987208240 0.4208909249 2 0.6085529184 0.4623613710 2
0 0.5682758440 0.1477342271 0.0282381018 0.0420483675 0.5627139284 0.1459393833 2 0.5751220212 0.1590284514 2
0 0.5821520619 0.0570828561 0.0412371134 0.0656739213 0.5888962122 0.0775756503 2 0.5710011982 0.0401337749 2
0 0.6414599237 0.4477664688 0.0225826972 0.0599378004 0.6461324620 0.4365879163 2 0.6373420481 0.4658444827 2
0 0.2114668022 0.9336043360 0.0376016260 0.0415537489 0.2041748073 0.9258526982 2 0.2225141016 0.9412685408 2
0 0.1891090786 0.9465522433 0.0260840108 0.0578139115 0.1838291699 0.9313527795 2 0.1961499585 0.9652166156 2
0 0.1720020325 0.8941583860 0.0196476965 0.0542005420 0.1709918710 0.8826695275 2 0.1736123764 0.9121163415 2
0 0.7762594041 0.7420501051 0.0158030501 0.0618074850 0.0000000000 0.0000000000 0 0.0000000000 0.0000000000 0
0 0.9761679454 0.6750409001 0.0210711656 0.0424637556 0.9807599803 0.6647505831 2 0.9740863759 0.6797055008 2
0 0.4268019877 0.9247363176 0.0332502042 0.0420945346 0.4171429587 0.9230993079 2 0.4311804256 0.9254783741 2
0 0.8876382306 0.8325580715 0.0167851501 0.0383242642 0.8843348109 0.8238706385 2 0.8891356708 0.8364960849 2
0 0.8089250150 0.1279474577 0.0224869895 0.0488561231 0.8115641131 0.1174460673 2 0.8077287118 0.1327077380 2
0 0.7506580227 0.1400307507 0.0248161294 0.0519589912 0.0000000000 0.0000000000 0 0.0000000000 0.0000000000 0
0 0.7968792570 0.3691543634 0.0221164966 0.0498030739 0.7895104721 0.3563061056 2 0.8002195272 0.3749784786 2
0 0.7344935197 0.2470061270 0.0347649354 0.0482513272 0.7260672898 0.2442569235 2 0.7449319835 0.2487454190 2
0 0.7607853274 0.2627160465 0.0234137302 0.0474904862 0.0000000000 0.0000000000 0 0.0000000000 0.0000000000 0
0 0.8894649608 0.3907001441 0.0178585466 0.0544260469 0.0000000000 0.0000000000 0 0.0000000000 0.0000000000 0
0 0.8262486086 0.4072927565 0.0243721877 0.0404551517 0.8284951217 0.3962229861 2 0.8252302643 0.4123106834 2
0 0.1229562805 0.4510963114 0.0231874007 0.0595429548 0.1173197910 0.4320080888 2 0.1255113012 0.4597490028 2
0 0.6601939096 0.9470611713 0.0258799533 0.0455763242 0.0000000000 0.0000000000 0 0.0000000000 0.0000000000 0
0 0.7724713213 0.9316894967 0.0222166685 0.0564232852 0.7690923428 0.9149258650 2 0.7740030123 0.9392884510 2
0 0.9086112177 0.4386509412 0.0134307593 0.0549892368 0.9052879254 0.4210225450 2 0.9101176661 0.4466418931 2
0 0.3837558578 0.0627428756 0.0286434867 0.0478906974 0.3782654559 0.0485143171 2 0.3862446569 0.0691926812 2
0 0.6964335717 0.9818094289 0.0392709161 0.0363811422 0.7096561727 0.9844969347 2 0.6904397667 0.9805911825 2
0 0.6233254545 0.1686342383 0.0232608866 0.0559215689 0.0000000000 0.0000000000 0 0.0000000000 0.0000000000 0
0 0.8197490374 0.5544114973 0.0297399440 0.0370097081 0.0000000000 0.0000000000 0 0.0000000000 0.0000000000 0
0 0.4862187287 0.4792270531 0.0303400641 0.0629275404 0.0000000000 0.0000000000 0 0.0000000000 0.0000000000 0
0 0.5438502910 0.0622975293 0.0426831756 0.0459034426 0.0000000000 0.0000000000 0 0.0000000000 0.0000000000 0
0 0.6355318589 0.9707887192 0.0202409163 0.0432976420 0.0000000000 0.0000000000 0 0.0000000000 0.0000000000 0
0 0.7919464192 0.9628898251 0.0195826751 0.0269147505 0.7871340809 0.9580335976 2 0.7941278521 0.9650911530 2
0 0.8115290943 0.9614270669 0.0159623486 0.0286700603 0.8139083935 0.9534698913 2 0.8104505579 0.9650340546 2
0 0.8868977093 0.9754695454 0.0149749868 0.0315955766 0.8895639442 0.9653859294 2 0.8856891051 0.9800404485 2
0 0.8338270142 0.9049646013 0.0161269089 0.0450529518 0.0000000000 0.0000000000 0 0.0000000000 0.0000000000 0
0 0.8840179042 0.9292463870 0.0108609795 0.0298402668 0.0000000000 0.0000000000 0 0.0000000000 0.0000000000 0
0 0.8159722222 0.7360160318 0.0179370721 0.0248668890 0.0000000000 0.0000000000 0 0.0000000000 0.0000000000 0
0 0.8375296209 0.7149523141 0.0159623486 0.0371540577 0.0000000000 0.0000000000 0 0.0000000000 0.0000000000 0
0 0.8675618747 0.9097917032 0.0166205898 0.0216488210 0.0000000000 0.0000000000 0 0.0000000000 0.0000000000 0
0 0.9571649552 0.9175443216 0.0136585045 0.0289626119 0.9577535832 0.9071263930 2 0.9568981302 0.9222667686 2
0 0.9572472354 0.8780498508 0.0115192206 0.0365689544 0.0000000000 0.0000000000 0 0.0000000000 0.0000000000 0
0 0.9126513955 0.9116932889 0.0207345972 0.0254519923 0.0000000000 0.0000000000 0 0.0000000000 0.0000000000 0
0 0.9071386256 0.7298724475 0.0232030016 0.0289626119 0.0000000000 0.0000000000 0 0.0000000000 0.0000000000 0
0 0.8887901527 0.5458574688 0.0138230648 0.0313030250 0.8898883203 0.5374949375 2 0.8866010258 0.5582218980 2
0 0.8286433649 0.6609765374 0.0130002633 0.0403721257 0.0000000000 0.0000000000 0 0.0000000000 0.0000000000 0
0 0.9545319905 0.6042215201 0.0146458662 0.0295477152 0.9597941109 0.5991419950 2 0.9521466714 0.6065240688 2
0 0.9881022907 0.5818413200 0.0166205898 0.0310104733 0.9853580264 0.5737198760 2 0.9893462657 0.5855227706 2
0 0.9545319905 0.4604323913 0.0136585045 0.0324732315 0.0000000000 0.0000000000 0 0.0000000000 0.0000000000 0
0 0.9362657978 0.6274793751 0.0103672986 0.0324732315 0.9365143302 0.6178314205 2 0.9361531381 0.6318527929 2
0 0.9695892575 0.3968024106 0.0184307530 0.0351061962 0.9669829022 0.3866468858 2 0.9707707184 0.4014059100 2
0 0.9736209847 0.3573079399 0.0153041074 0.0272073021 0.9763592064 0.3493309633 2 0.9723797489 0.3609239033 2
0 0.9858807267 0.3134251945 0.0151395471 0.0304253701 0.9819032823 0.3064092661 2 0.9876837022 0.3166055149 2
0 0.9906529753 0.2951407173 0.0125065824 0.0330583348 0.0000000000 0.0000000000 0 0.0000000000 0.0000000000 0
0 0.9154489205 0.2275612896 0.0164560295 0.0201860628 0.0000000000 0.0000000000 0 0.0000000000 0.0000000000 0
0 0.8747202475 0.0717775437 0.0144813060 0.0359838511 0.8717424783 0.0585524930 2 0.8760700703 0.0777724593 2
0 0.8365422591 0.0820168510 0.0123420221 0.0453455035 0.8343347074 0.0673026254 2 0.8375429423 0.0886868094 2
0 0.7723637441 0.1374553859 0.0153041074 0.0444678486 0.7751700254 0.1256355673 2 0.7710916567 0.1428133096 2
0 0.7628192470 0.1855801299 0.0251777251 0.0277924054 0.0000000000 0.0000000000 0 0.0000000000 0.0000000000 0
0 0.7838829647 0.1756333743 0.0149749868 0.0283775086 0.0000000000 0.0000000000 0 0.0000000000 0.0000000000 0
0 0.7123815166 0.0773360248 0.0172788310 0.0336434381 0.7069436873 0.0672087708 2 0.7148464846 0.0819267091 2
0 0.7426606108 0.0903545726 0.0156332280 0.0392019191 0.7367771396 0.0784007479 2 0.7453275884 0.0957732413 2
0 0.7526165087 0.0501287227 0.0315955766 0.0353987479 0.7585490824 0.0397459407 2 0.7499272730 0.0548352378 2
0 0.7223374144 0.0505675502 0.0167851501 0.0351061962 0.7191160817 0.0379397580 2 0.7237976446 0.0562917284 2
0 0.6774124539 0.0520303083 0.0141521854 0.0485635715 0.6773130348 0.0359501320 2 0.6774575206 0.0593194523 2
0 0.7586229595 0.0921098824 0.0153041074 0.0415423322 0.7610503322 0.0766794089 2 0.7575226314 0.0991045160 2
0 0.7173183254 0.2158592242 0.0154686677 0.0374466093 0.0000000000 0.0000000000 0 0.0000000000 0.0000000000 0
0 0.5979298315 0.2392633550 0.0166205898 0.0473933649 0.6012610073 0.2229575157 2 0.5964198095 0.2466547919 2
0 0.6989698526 0.0375490024 0.0210637177 0.0283775086 0.6929209620 0.0268691108 2 0.7017118147 0.0423901973 2
0 0.6205568720 0.0271634193 0.0307727751 0.0310104733 0.6297723361 0.0182155528 2 0.6163795022 0.0312194872 2
0 0.6534689310 0.0295038324 0.0167851501 0.0315955766 0.0000000000 0.0000000000 0 0.0000000000 0.0000000000 0
0 0.6296076883 0.1248756656 0.0327474987 0.0351061962 0.6380826198 0.1201163620 2 0.6228559440 0.1302488805 2
0 0.6854759084 0.5171874086 0.0190889942 0.0400795740 0.0000000000 0.0000000000 0 0.0000000000 0.0000000000 0
0 0.6969951290 0.5158709262 0.0092153765 0.0321806799 0.0000000000 0.0000000000 0 0.0000000000 0.0000000000 0
0 0.7475151395 0.9283687321 0.0151395471 0.0274998537 0.0000000000 0.0000000000 0 0.0000000000 0.0000000000 0
