0 0.2967579588 0.2964003329 0.0234082397 0.0557636288 0.2965989894 0.2800830809 2 0.2961995789 0.3136927383 2
0 0.4388459738 0.2689346650 0.0210674157 0.0807324178 0.4390013663 0.2405138385 2 0.4403506189 0.2898579308 2
0 0.4177785581 0.3263628797 0.0323033708 0.0540990429 0.4129849162 0.3300506158 2 0.4290010802 0.3077772408 2
0 0.4534787836 0.3025952408 0.0266853933 0.0665834374 0.4553793022 0.2788727716 2 0.4588766283 0.3144819105 2
0 0.4844920412 0.2635247607 0.0280898876 0.0732417811 0.4928450867 0.2448910071 2 0.4788557822 0.2821958192 2
0 0.4762783500 0.4074374624 0.0257490637 0.0649188514 0.4744110560 0.3942277437 2 0.4782859344 0.4319776700 2
0 0.5036867978 0.3679775281 0.0308988764 0.0757386600 0.5004308269 0.3419576336 2 0.5031432417 0.3869636285 2
0 0.3114451248 0.4500724855 0.0418488785 0.0419391717 0.3049515197 0.4436552710 2 0.3183334286 0.4527868093 2
0 0.3277737173 0.4125167615 0.0374531835 0.0399500624 0.3318819541 0.4087264950 2 0.3163974337 0.4216302619 2
0 0.3351687294 0.3685381699 0.0392833277 0.0662944468 0.3408403972 0.3713689090 2 0.3203825470 0.3564554723 2
0 0.3431062734 0.3234498543 0.0252808989 0.0649188514 0.3447997741 0.3025248222 2 0.3430948276 0.3460612336 2
0 0.3164208801 0.3043071161 0.0234082397 0.0532667499 0.3111848265 0.3212774143 2 0.3261915350 0.2939205521 2
0 0.2808491244 0.3399452323 0.0316065946 0.0516701558 0.2848065966 0.3425901478 2 0.2679061284 0.3434674000 2
0 0.3449948927 0.2690481595 0.0351123596 0.0607573866 0.3529205094 0.2590061704 2 0.3333374701 0.2765422582 2
0 0.3909143519 0.2940479493 0.0393963675 0.0641959303 0.4059199381 0.2790779815 2 0.3845114682 0.3004356346 2
0 0.3927317416 0.3484186434 0.0224719101 0.0582605077 0.3932481536 0.3682163354 2 0.4002030635 0.3355746248 2
0 0.4046782028 0.4005728726 0.0238929224 0.0771314083 0.4055608846 0.3740745017 2 0.4011412157 0.4251462322 2
0 0.3882841760 0.4324802330 0.0210674157 0.0349563046 0.3931838107 0.4397593345 2 0.3835860350 0.4240319649 2
0 0.4091175094 0.4795047857 0.0196629213 0.0640865585 0.4170302495 0.4659203938 2 0.4115219608 0.4980180759 2
0 0.4325711478 0.4710697753 0.0198985120 0.0513694222 0.4297404122 0.4715189307 2 0.4356274004 0.4880897121 2
0 0.4507286720 0.4726405138 0.0196629213 0.0607573866 0.4513983702 0.4527989462 2 0.4505280129 0.4948339802 2
0 0.4669358614 0.4732625884 0.0182584270 0.0632542655 0.4717632445 0.4544849852 2 0.4617958650 0.4958311519 2
0 0.4246654371 0.5240297781 0.0245415484 0.0515968012 0.4201582434 0.5157208535 2 0.4307400014 0.5378400255 2
0 0.4648104997 0.5510450360 0.0433903643 0.0522659885 0.4632632464 0.5491812876 2 0.4775585214 0.5690083985 2
0 0.5331097807 0.4689707595 0.0327715356 0.0499375780 0.5363173852 0.4541463359 2 0.5382250176 0.4908152705 2
0 0.5593016916 0.5132033706 0.0388576779 0.0765709530 0.5705566832 0.5229729922 2 0.5475220215 0.5356481499 2
0 0.5366924157 0.5748023304 0.0379213483 0.0499375780 0.5435466749 0.5711586292 2 0.5256638686 0.5914094785 2
0 0.5434861253 0.6672530549 0.0234082397 0.0757386600 0.5399838314 0.6470196455 2 0.5472169377 0.6894538692 2
0 0.5624175934 0.6078137872 0.0215355805 0.0649188514 0.5639233513 0.5888175834 2 0.5626833902 0.6284963381 2
0 0.6036352041 0.6294268644 0.0365646259 0.0684327414 0.6095356198 0.6437577326 2 0.5902848639 0.6250157229 2
0 0.4933871723 0.8036828964 0.0205992509 0.0715771952 0.4942210461 0.8249676939 2 0.4935374778 0.7818269396 2
0 0.4688151108 0.8121867186 0.0381580668 0.0539697000 0.4777911086 0.7970816166 2 0.4577185359 0.8266320890 2
0 0.4505500936 0.7408447774 0.0332397004 0.0674157303 0.4562655591 0.7637535353 2 0.4459643440 0.7256962682 2
0 0.4425912921 0.7758010820 0.0360486891 0.0574282147 0.4529113661 0.7916596544 2 0.4338645244 0.7560717114 2
0 0.4188108267 0.7296305051 0.0490149831 0.0560244402 0.4345305726 0.7422478938 2 0.4094862709 0.7179928306 2
0 0.3724637098 0.4862770451 0.0457834020 0.0716325695 0.3795857833 0.4960246690 2 0.3556423841 0.4744376043 2
0 0.7083096536 0.5499735082 0.0290958990 0.0535466835 0.7017604988 0.5577145950 2 0.7162068531 0.5447597522 2
0 0.4674040262 0.8432168123 0.0220037453 0.0590928007 0.4636857724 0.8570268701 2 0.4739850004 0.8296876711 2
0 0.5125184207 0.8663055532 0.0271648632 0.0568459643 0.5149376227 0.8754887340 2 0.5059800403 0.8588402979 2
0 0.5476043704 0.8285283693 0.0205992509 0.0690803163 0.5427997994 0.8276663314 2 0.5431296608 0.8578669790 2
0 0.2597929471 0.2322639791 0.0224719101 0.0757386600 0.2598990194 0.2075299702 2 0.2570057769 0.2522144937 2
0 0.2965161526 0.2368362190 0.0361606655 0.0710440032 0.2968787233 0.2115245313 2 0.2903817720 0.2585655521 2
0 0.2729998021 0.2662618891 0.0191947566 0.0499375780 0.2739366484 0.2508015880 2 0.2705982916 0.2859868085 2
0 0.3586660795 0.7385858716 0.0234082397 0.0674157303 0.3623283364 0.7159975959 2 0.3558858788 0.7646422230 2
0 0.6625397078 0.7047549204 0.0191947566 0.0840615897 0.6646499467 0.6748053030 2 0.6616392689 0.7175344221 2
0 0.6726942884 0.6180815647 0.0290262172 0.0649188514 0.6741880441 0.6007386423 2 0.6625634089 0.6321509898 2
0 0.6997219957 0.6977445308 0.0318352060 0.0624219725 0.6937379514 0.6914016530 2 0.7089393974 0.7189563437 2
0 0.0544826779 0.1807116105 0.0201310861 0.0590928007 0.0547520912 0.1749578378 2 0.0539055793 0.1987855800 2
0 0.0493328652 0.3742197253 0.0163857678 0.0565959218 0.0434611328 0.3939322098 2 0.0496768351 0.3648655437 2
0 0.0625335118 0.3919219565 0.0173220974 0.0674157303 0.0658713122 0.3810656203 2 0.0579844443 0.4111108312 2
0 0.0789164815 0.3710340304 0.0351123596 0.0474406991 0.0698389839 0.3858349737 2 0.0785717090 0.3610355466 2
0 0.0544706118 0.4965367603 0.0154494382 0.0482729921 0.0514561154 0.4908120260 2 0.0609068444 0.5045399143 2
0 0.0399213049 0.5528023390 0.0159176030 0.0341240117 0.0405582554 0.5591839347 2 0.0338775676 0.5423826387 2
0 0.1231322153 0.4560032135 0.0323814028 0.0432143394 0.1210362097 0.4707932374 2 0.1178984769 0.4389687239 2
0 0.0422563742 0.5235771881 0.0262172285 0.0382854765 0.0457901838 0.5193618856 2 0.0376549264 0.5351245818 2
0 0.0451193820 0.5656471078 0.0294943820 0.0382854765 0.0390185415 0.5521039592 2 0.0477226107 0.5714259693 2
0 0.0590509045 0.5556638823 0.0159176030 0.0441115273 0.0612298579 0.5693429493 2 0.0608085891 0.5399477465 2
0 0.0688823651 0.5580298419 0.0149812734 0.0474406991 0.0651325162 0.5554242279 2 0.0643396564 0.5387112482 2
0 0.1023719847 0.5952884281 0.0235261859 0.0286830036 0.1108364709 0.6028438916 2 0.0960316628 0.5916433979 2
0 0.1207835003 0.5210422110 0.0168539326 0.0707449022 0.1229368597 0.5003412196 2 0.1225990498 0.5453825411 2
0 0.0865809249 0.4413694651 0.0168539326 0.0466084062 0.0877854359 0.4269398508 2 0.0876741573 0.4534488764 2
0 0.1424976592 0.3908655847 0.0360486891 0.0416146484 0.1427258744 0.3809928588 2 0.1337602766 0.4021066475 2
0 0.1078534644 0.3717228464 0.0304307116 0.0599250936 0.1031179656 0.3541878891 2 0.1098741018 0.3792050127 2
0 0.1123628447 0.3299697744 0.0354749872 0.0454817874 0.1159103434 0.3497768040 2 0.1223270078 0.3206471849 2
0 0.1104273239 0.1548063054 0.0313670412 0.0282979609 0.1040404432 0.1491007974 2 0.1131526059 0.1572408457 2
0 0.1073852996 0.0837494798 0.0388576779 0.0299625468 0.0949548590 0.0917983657 2 0.1126893686 0.0803150202 2
0 0.1113647004 0.1103828548 0.0337078652 0.0382854765 0.1146266114 0.1030335143 2 0.1009082941 0.1200664867 2
0 0.1209620787 0.1270287141 0.0210674157 0.0665834374 0.1236003741 0.1024584083 2 0.1188312930 0.1420241181 2
0 0.1396886704 0.1095505618 0.0313670412 0.0366208906 0.1465740196 0.1043601291 2 0.1326939013 0.1216511768 2
0 0.1368796816 0.1511652102 0.0238764045 0.0532667499 0.1416608047 0.1376133893 2 0.1328856955 0.1656485208 2
0 0.1504564607 0.1632334582 0.0163857678 0.0607573866 0.1477869675 0.1436497742 2 0.1469166102 0.1828480882 2
0 0.1691802163 0.1495501215 0.0215355805 0.0607573866 0.1739339171 0.1557548020 2 0.1656655227 0.1302243212 2
0 0.1890800562 0.1245318352 0.0290262172 0.0765709530 0.1863048782 0.1492516429 2 0.1902642246 0.1139838933 2
0 0.1776100187 0.1661464836 0.0369850187 0.0366208906 0.1828615091 0.1708610361 2 0.1615975126 0.1727724066 2
0 0.1843984082 0.1961090304 0.0262172285 0.0432792343 0.1906724524 0.2111832832 2 0.1771362105 0.1876699471 2
0 0.1684941054 0.2123860326 0.0323033708 0.0474406991 0.1755754754 0.2214593684 2 0.1615305316 0.2039409438 2
0 0.1952804939 0.2178381636 0.0308405274 0.0385450532 0.1874069949 0.2274593810 2 0.2032456378 0.2110678264 2
0 0.2227413709 0.2402190798 0.0288160751 0.0644902915 0.2278441156 0.2656921975 2 0.2254664225 0.2158737211 2
0 0.1909527154 0.2656054931 0.0215355805 0.0657511444 0.1993885442 0.2499937825 2 0.1880858220 0.2904603188 2
0 0.1961025281 0.3359342489 0.0205992509 0.0749063670 0.1935165734 0.3556655270 2 0.1978087463 0.3089285323 2
0 0.1289208801 0.1952767374 0.0173220974 0.0516021640 0.1313614971 0.1810532887 2 0.1264334467 0.2117167138 2
0 0.1503340994 0.2029092422 0.0280898876 0.0457761132 0.1421294915 0.1970920231 2 0.1534958015 0.2104984399 2
0 0.1420611966 0.2862750416 0.0240834111 0.0596634279 0.1407180984 0.2716022954 2 0.1502620943 0.3103480699 2
0 0.1490519663 0.3051394091 0.0238764045 0.0349563046 0.1444201155 0.3094510823 2 0.1510283770 0.3032996181 2
0 0.0694689286 0.2152769734 0.0229500294 0.0319285172 0.0739136436 0.2058600484 2 0.0675723687 0.2192951753 2
0 0.0943601609 0.2329784583 0.0266853933 0.0516021640 0.0961970917 0.2432857496 2 0.0905298337 0.2226974499 2
0 0.1050630958 0.2961591571 0.0252808989 0.0557636288 0.1071440844 0.2798419051 2 0.1041751380 0.3031217285 2
0 0.1834620787 0.5269454848 0.0215355805 0.0774032459 0.1799483787 0.5414208117 2 0.1817963976 0.5036390915 2
0 0.2052317416 0.5573241781 0.0257490637 0.0665834374 0.2020092337 0.5505584417 2 0.2113884266 0.5833414584 2
0 0.1975070225 0.4707657095 0.0196629213 0.0632542655 0.1982273922 0.4573577383 2 0.1971996407 0.4764868908 2
0 0.2134246255 0.4666042447 0.0215355805 0.0732417811 0.2142766218 0.4448617567 2 0.2130610786 0.4758817643 2
0 0.2268783302 0.5212266883 0.0304307116 0.0391177695 0.2355239549 0.5249059286 2 0.2231892422 0.5196567564 2
0 0.2589628247 0.4819849914 0.0361394866 0.0631309231 0.2543521798 0.4616362550 2 0.2609301868 0.4906677973 2
0 0.2646886704 0.4378901373 0.0229400749 0.0690803163 0.2730255011 0.4642966453 2 0.2682425102 0.4229540112 2
0 0.2454939139 0.3991885144 0.0191947566 0.0615896796 0.2456239905 0.4080923534 2 0.2531233706 0.3775066467 2
0 0.2153797455 0.4276094276 0.0280898876 0.0699126092 0.2096450774 0.4118998625 2 0.2215986589 0.4534438578 2
0 0.2415145131 0.3463379109 0.0215355805 0.0557636288 0.2363197120 0.3349911012 2 0.2437311347 0.3511795946 2
0 0.2253628277 0.3484186434 0.0266853933 0.0632542655 0.2232175758 0.3599794612 2 0.2201971578 0.3261507793 2
0 0.2358362051 0.2614225774 0.0252808989 0.0765709530 0.2394870161 0.2338167339 2 0.2327228694 0.2760672597 2
0 0.6562197393 0.1811459856 0.0372756210 0.0682115660 0.6411843567 0.1910071314 2 0.6660386062 0.1666872182 2
0 0.6249414794 0.2231585518 0.0346441948 0.0507698710 0.6182527239 0.2343770556 2 0.6344954193 0.2100264808 2
0 0.4994373019 0.1882993480 0.0266853933 0.0690803163 0.4943133615 0.1660329677 2 0.5060234427 0.1941811441 2
0 0.2428834575 0.1595826175 0.0219832631 0.0600291303 0.2459802277 0.1392144992 2 0.2405340365 0.1779429704 2
0 0.3168664882 0.2395899818 0.0269521934 0.0644543855 0.3081849668 0.2560209258 2 0.3248046778 0.2267483483 2
0 0.2223197566 0.0949854349 0.0318352060 0.0491052851 0.2275639176 0.0849934681 2 0.2115020499 0.1047939863 2
0 0.2432730571 0.0631996463 0.0292544476 0.0504525593 0.2518535882 0.0520769556 2 0.2372721788 0.0726348745 2
0 0.1548964752 0.0773998899 0.0313670412 0.0357885976 0.1503332596 0.0855945346 2 0.1636054896 0.0693841774 2
0 0.1808871723 0.0575322514 0.0313670412 0.0474406991 0.1756233388 0.0724450620 2 0.1889886885 0.0506980522 2
0 0.2155313670 0.0564814815 0.0351123596 0.0432792343 0.2071343415 0.0727886169 2 0.2191143778 0.0495232268 2
0 0.2646886704 0.0791718685 0.0201310861 0.0507698710 0.2592957935 0.0703496337 2 0.2699626382 0.0977170939 2
0 0.2371898408 0.1105909280 0.0271535581 0.0449438202 0.2433051540 0.1037348970 2 0.2250634188 0.1222389317 2
0 0.2567298689 0.1178734915 0.0276217228 0.0582605077 0.2527845274 0.1077496155 2 0.2566792769 0.1366820408 2
0 0.2846955704 0.1296737847 0.0276292080 0.0556825770 0.2796012886 0.1162163741 2 0.2868693005 0.1354160618 2
0 0.2824613764 0.0454301914 0.0350772472 0.0415470246 0.2843829207 0.0362142253 2 0.2705604912 0.0563353816 2
0 0.3111516105 0.0572102822 0.0314031743 0.0689855946 0.3196293886 0.0458357354 2 0.3034253996 0.0793935002 2
0 0.3473490169 0.0456928839 0.0191947566 0.0674157303 0.3482553436 0.0371555068 2 0.3502028263 0.0636989758 2
0 0.3667485955 0.0263212651 0.0323033708 0.0399500624 0.3546410918 0.0278237474 2 0.3746741900 0.0309771055 2
0 0.3615987828 0.0949854349 0.0379213483 0.0407823554 0.3707802565 0.0910915619 2 0.3468956864 0.1054631323 2
0 0.3927317416 0.0408863920 0.0187265918 0.0474406991 0.3965620186 0.0300635636 2 0.3910973624 0.0455044929 2
0 0.4226942884 0.0621098627 0.0252808989 0.0782355389 0.4296274809 0.0843214444 2 0.4220345021 0.0364157107 2
0 0.4461025281 0.0442155639 0.0224719101 0.0557636288 0.4471955604 0.0571829718 2 0.4420221010 0.0295911882 2
0 0.4770014045 0.0413025385 0.0271535581 0.0599250936 0.4848309706 0.0296414361 2 0.4680436747 0.0576583291 2
0 0.5044592697 0.0719101124 0.0482209738 0.0565959218 0.5200282895 0.0689873554 2 0.4898123046 0.0872623153 2
0 0.4465443586 0.0802798585 0.0313670412 0.0582605077 0.4467768911 0.0887024090 2 0.4350926424 0.0610064121 2
0 0.5103600022 0.1496938403 0.0285580524 0.0657511444 0.5056180652 0.1363147662 2 0.5178626809 0.1653390404 2
0 0.5312851124 0.1066115273 0.0571161049 0.0549313358 0.5539692088 0.0998514588 2 0.5109845433 0.1146101423 2
0 0.2319272402 0.6465280727 0.0366287670 0.0513501165 0.2244241116 0.6467591047 2 0.2428716889 0.6541695629 2
0 0.3306999064 0.7462546816 0.0313670412 0.0516021640 0.3370706436 0.7337834286 2 0.3177280455 0.7620375846 2
0 0.3140800562 0.7945327134 0.0365168539 0.0632542655 0.3240368642 0.8098810911 2 0.3021388335 0.7866335604 2
0 0.3505969101 0.8111735331 0.0308988764 0.0599250936 0.3426761818 0.7964364366 2 0.3585572218 0.8310281715 2
0 0.3814378692 0.8167722048 0.0294943820 0.0632542655 0.3868602747 0.8369244339 2 0.3781010624 0.8041696784 2
0 0.2861004637 0.7266286381 0.0338596787 0.0752570336 0.2878065720 0.7186621253 2 0.2792029411 0.7553962461 2
0 0.6203336524 0.3204186055 0.0229400749 0.0632542655 0.6155105982 0.3078160791 2 0.6262666311 0.3411077978 2
0 0.6815575814 0.3037349970 0.0298772614 0.0718008020 0.6803287586 0.2918677507 2 0.6794252124 0.3250862881 2
0 0.6726942884 0.3829588015 0.0290262172 0.0757386600 0.6688794607 0.3784774903 2 0.6835265010 0.4061240300 2
0 0.7092425142 0.3422064773 0.0341760300 0.0640865585 0.7045963959 0.3395026556 2 0.7176020775 0.3590876820 2
0 0.7124882959 0.4924053267 0.0196629213 0.0582605077 0.7127575900 0.4837651648 2 0.7120620990 0.5149231613 2
0 0.6417954120 0.2918227216 0.0215355805 0.0732417811 0.6389752159 0.2812716772 2 0.6433468735 0.3160895019 2
0 0.6550742833 0.3420457762 0.0211312256 0.0530810730 0.6532135785 0.3292045841 2 0.6560750271 0.3617615110 2
0 0.2347261236 0.7828755722 0.0191947566 0.0682480233 0.2322053860 0.7701471420 2 0.2309018372 0.8028807016 2
0 0.2527504682 0.8007698710 0.0187265918 0.0657511444 0.2536633498 0.8066472865 2 0.2494248289 0.7776230123 2
0 0.2681999064 0.7599875156 0.0234082397 0.1040366209 0.2656226155 0.7268953918 2 0.2663677844 0.7895999765 2
0 0.2921289387 0.8287738351 0.0454119850 0.0724094881 0.2865825372 0.8269482308 2 0.2807046447 0.8622924207 2
0 0.2827130150 0.8178318768 0.0215355805 0.0799001248 0.2830324639 0.8086955892 2 0.2834139904 0.8524439598 2
0 0.3688553371 0.8677694548 0.0337078652 0.0532667499 0.3639835618 0.8720787259 2 0.3797533233 0.8851919326 2
0 0.7015392805 0.7882496789 0.0187265918 0.0640865585 0.7004302705 0.8045868551 2 0.7039494549 0.7665048594 2
0 0.7164676966 0.7737203496 0.0163857678 0.0682480233 0.7177475988 0.7563570791 2 0.7167699371 0.7948841890 2
0 0.7668083199 0.6931443782 0.0305405571 0.0555858945 0.7615495488 0.6922308642 2 0.7753692999 0.7025619068 2
0 0.7955210219 0.6365517734 0.0227183929 0.0371083993 0.7899236305 0.6338724023 2 0.8004576108 0.6451152501 2
0 0.2570223211 0.5588144759 0.0336894644 0.0858838394 0.2514524723 0.5384225320 2 0.2619532892 0.5945605255 2
0 0.3219547063 0.5948017879 0.0411985019 0.0507698710 0.3325949913 0.6021826351 2 0.3069124626 0.5846765246 2
0 0.2781935053 0.5509892059 0.0441821475 0.0686974186 0.2863479836 0.5472160964 2 0.2902843806 0.5824978776 2
0 0.3073114499 0.5099523453 0.0183055751 0.0592675990 0.3085659346 0.4855660930 2 0.3045878130 0.5288344590 2
0 0.3264092002 0.5056533714 0.0238764045 0.0499375780 0.3316195405 0.5024867016 2 0.3220813783 0.5226228218 2
0 0.0513768630 0.6079567637 0.0145131086 0.0649188514 0.0536736922 0.6076977496 2 0.0564636046 0.6272615800 2
0 0.0668673260 0.6330628381 0.0224719101 0.0782355389 0.0654847169 0.6168113641 2 0.0625053654 0.6490220911 2
0 0.0584620787 0.6879941739 0.0177902622 0.0532667499 0.0577790668 0.6764771610 2 0.0572703648 0.7020253051 2
0 0.1318095052 0.5848241674 0.0280898876 0.0599250936 0.1367765032 0.5650000511 2 0.1310536058 0.6054418588 2
0 0.0778981573 0.6717859119 0.0168539326 0.0391177695 0.0775219165 0.6566867186 2 0.0797633846 0.6810938158 2
0 0.1593515918 0.7137952559 0.0294943820 0.0632542655 0.1593372448 0.6974339871 2 0.1498229280 0.7315311506 2
0 0.1766736891 0.7920307948 0.0238764045 0.0749063670 0.1714814713 0.7736094243 2 0.1723756740 0.8079468081 2
0 0.1900456735 0.8747878316 0.0426029963 0.0432792343 0.1871504311 0.8811601956 2 0.1757290852 0.8701516694 2
0 0.3871137640 0.9156263005 0.0449438202 0.0624219725 0.3800639891 0.9185566358 2 0.3957125365 0.9021298010 2
0 0.2996921060 0.9614129441 0.0472846442 0.0366208906 0.2888422961 0.9593375076 2 0.3146533584 0.9602650424 2
0 0.3178253745 0.9722222222 0.0440074906 0.0291302538 0.3254954139 0.9706888246 2 0.3051689567 0.9787751852 2
0 0.4957279963 0.8856637536 0.0393258427 0.0540990429 0.5013933467 0.8960105400 2 0.4803398407 0.8774111238 2
0 0.5114115169 0.9272784020 0.0435393258 0.0457761132 0.5174530202 0.9241379477 2 0.4988897417 0.9356384300 2
0 0.4841355975 0.9417394923 0.0463483146 0.0482729921 0.4720035969 0.9338646459 2 0.4913153946 0.9612770858 2
0 0.4696384491 0.9753825710 0.0224719101 0.0492348579 0.4691966318 0.9672038899 2 0.4675032398 0.9961044459 2
0 0.4179628145 0.9489423946 0.0318352060 0.0457761132 0.4099382038 0.9444005972 2 0.4274187755 0.9587097396 2
0 0.3943703184 0.9697253433 0.0191947566 0.0557636288 0.3938552731 0.9646555582 2 0.3921893562 0.9939234319 2
0 0.2625819288 0.9401789430 0.0187265918 0.0565959218 0.2673672049 0.9211947502 2 0.2605400515 0.9482794981 2
0 0.1340706929 0.8598626717 0.0276217228 0.0407823554 0.1347295017 0.8628157573 2 0.1231426218 0.8648929571 2
0 0.6212815511 0.0746981160 0.0341760300 0.0582605077 0.6333759010 0.0697672394 2 0.6161208920 0.0768021210 2
0 0.6357092697 0.0604452767 0.0159176030 0.0649188514 0.6378093756 0.0890075261 2 0.6348131545 0.0482577649 2
0 0.6616999140 0.0692850820 0.0224174487 0.0657806114 0.6664860308 0.0553057875 2 0.6596620103 0.0867052023 2
0 0.6783820925 0.0873297022 0.0151449351 0.0529863532 0.6799741297 0.0759015228 2 0.6771424878 0.1058407542 2
0 0.7237078449 0.1014029308 0.0252480867 0.0369714880 0.7148562942 0.0977663598 2 0.7319163455 0.1116820096 2
0 0.7225538390 0.1361839367 0.0313670412 0.0482729921 0.7340235187 0.1493094371 2 0.7176597266 0.1305832858 2
0 0.7473707450 0.2148005424 0.0270953757 0.0363947763 0.7426541426 0.2133732962 2 0.7581085421 0.2083779348 2
0 0.7876123956 0.1907157639 0.0266939627 0.0588739028 0.7828957932 0.1759080853 2 0.7939346500 0.2130164847 2
0 0.7820107678 0.2214939659 0.0266853933 0.0607573866 0.7750398020 0.2199621370 2 0.7909963524 0.2398191776 2
0 0.8161140135 0.2571481578 0.0287036210 0.0593616121 0.8086117086 0.2337760807 2 0.8266507578 0.2774785268 2
0 0.8215706929 0.1940282980 0.0262172285 0.0624219725 0.8118385086 0.1773524111 2 0.8297225627 0.2115308256 2
0 0.8356728657 0.2224759494 0.0243445693 0.0615896796 0.8345861511 0.2201388877 2 0.8412032511 0.2465419337 2
0 0.8573852996 0.2406367041 0.0191947566 0.0657511444 0.8583092296 0.2286530278 2 0.8575243183 0.2719103596 2
0 0.8517673221 0.1241156887 0.0220037453 0.0724094881 0.8522220142 0.1087670901 2 0.8475542761 0.1524094811 2
0 0.7957563039 0.0411702749 0.0149812734 0.0457761132 0.7966198824 0.0244591855 2 0.7946687797 0.0550461688 2
0 0.8276568352 0.0338119018 0.0449438202 0.0399500624 0.8086341020 0.0387113008 2 0.8357738355 0.0317213282 2
0 0.8109784644 0.0830944737 0.0355685814 0.0454512642 0.8180047889 0.0713381069 2 0.8079803318 0.0881109155 2
0 0.8717617285 0.1862315090 0.0337078652 0.0341240117 0.8790520342 0.1822161793 2 0.8614141978 0.1855066399 2
0 0.8810412653 0.2073075002 0.0274967887 0.0438878185 0.8835315483 0.1970189946 2 0.8777296082 0.2167630058 2
0 0.8086961610 0.3180399501 0.0191947566 0.0724094881 0.8083185293 0.2956225135 2 0.8109117172 0.3395722452 2
0 0.8239819527 0.3062360838 0.0264884141 0.0568672750 0.8296355822 0.2970784250 2 0.8194526952 0.3200087778 2
0 0.8308435125 0.3485819684 0.0286587655 0.0367973848 0.8227360308 0.3494968957 2 0.8405989082 0.3416470420 2
0 0.8552147174 0.2926644724 0.0224719101 0.0482729921 0.8585309774 0.3092731683 2 0.8490802484 0.2855054812 2
0 0.5631144337 0.9201858954 0.0355805243 0.0607573866 0.5696830753 0.8976285228 2 0.5587402992 0.9324532700 2
0 0.5769709377 0.9719950054 0.0240847784 0.0528888905 0.5806799432 0.9589187945 2 0.5726485774 0.9943675816 2
0 0.6058403671 0.9744930871 0.0344569063 0.0428989694 0.5953527386 0.9644503909 2 0.6166288324 0.9817629449 2
0 0.6094920412 0.8939866833 0.0177902622 0.0607573866 0.6109372317 0.8751766503 2 0.6106471126 0.9087015241 2
0 0.6295565745 0.9113954779 0.0205992509 0.0848938826 0.6245418983 0.8982741707 2 0.6227443564 0.9398173596 2
0 0.6590564810 0.9497366192 0.0457678987 0.0422951195 0.6709167709 0.9519257370 2 0.6475145799 0.9618992735 2
0 0.6605617504 0.9230605088 0.0178697555 0.0492181417 0.6612676622 0.9087989724 2 0.6582570649 0.9337757796 2
0 0.7349282096 0.8742461474 0.0353218082 0.0548331887 0.7449666849 0.8859220993 2 0.7266255939 0.8643517222 2
0 0.6979164323 0.9328829010 0.0238443994 0.0595858262 0.7039596179 0.9221281804 2 0.6878595969 0.9417879143 2
0 0.6719451682 0.8697281096 0.0296244357 0.0424605723 0.6660580827 0.8630779678 2 0.6851929577 0.8783958144 2
0 0.7371568000 0.7646638696 0.0221834502 0.0597276082 0.7312942367 0.7829319997 2 0.7371000987 0.7545385697 2
0 0.7321266179 0.8244011450 0.0243160858 0.0594081329 0.7362185474 0.8153386310 2 0.7240204641 0.8357633286 2
0 0.7548572097 0.8045151893 0.0210674157 0.0699126092 0.7575034536 0.8318333337 2 0.7537280575 0.7928585372 2
0 0.7709356698 0.9360506270 0.0194323544 0.0537896862 0.7769753921 0.9227250596 2 0.7645736919 0.9484948263 2
0 0.7468984082 0.7079692052 0.0266853933 0.0749063670 0.7427680263 0.6952707319 2 0.7431257074 0.7331054419 2
0 0.7965238764 0.8598626717 0.0313670412 0.0474406991 0.7871824786 0.8492026096 2 0.8036060016 0.8639019774 2
0 0.7943323026 0.8876618213 0.0251112345 0.0564305923 0.7862026854 0.8826463009 2 0.7950948150 0.9073167211 2
0 0.8016736891 0.8103412401 0.0257490637 0.0482729921 0.8070809249 0.7962249340 2 0.7922891311 0.8230569527 2
0 0.7831359349 0.7401328361 0.0184132952 0.0570588063 0.7816556811 0.7304599637 2 0.7783731751 0.7633971354 2
0 0.8049109423 0.7396388983 0.0149812734 0.0582605077 0.8070866766 0.7235801659 2 0.8009663558 0.7619094473 2
0 0.8315264137 0.7602305866 0.0305887910 0.0322002727 0.8280966104 0.7737358367 2 0.8480653831 0.7601740235 2
0 0.8179190751 0.6920359666 0.0260918433 0.0374652109 0.8121206797 0.6891556621 2 0.8230717438 0.7090059568 2
0 0.8333734746 0.6702704631 0.0180635838 0.0431741954 0.8385918433 0.6618853921 2 0.8289579319 0.6800827803 2
0 0.8033793432 0.6135261174 0.0230582693 0.0460060635 0.7962427746 0.6015842432 2 0.8076830443 0.6244201813 2
0 0.7761587079 0.6205784436 0.0252808989 0.0632542655 0.7782795440 0.6064011989 2 0.7737408632 0.6415361175 2
0 0.7468505277 0.6155232096 0.0248127341 0.0457761132 0.7399555890 0.6236952950 2 0.7497925981 0.6120361808 2
0 0.7472867978 0.5861965454 0.0218441949 0.0338074918 0.7519869942 0.5796403340 2 0.7435575874 0.5872343710 2
0 0.7341518275 0.5241476573 0.0224237053 0.0538955081 0.7379375401 0.5118461429 2 0.7309128131 0.5382501962 2
0 0.7619156381 0.5694712053 0.0307207468 0.0360379647 0.7520667725 0.5589505664 2 0.7667157999 0.5721061649 2
0 0.7687921596 0.5254960883 0.0189747687 0.0561940077 0.7695205047 0.5457346752 2 0.7647951401 0.5103940179 2
0 0.7937732882 0.5143650584 0.0187443928 0.0560618802 0.7936335902 0.5020338257 2 0.7967335865 0.5381095417 2
0 0.7868360111 0.4574960290 0.0176092881 0.0515081501 0.7853487669 0.4406491391 2 0.7905947561 0.4768235023 2
0 0.7431530899 0.3292759051 0.0191947566 0.0532667499 0.7408549095 0.3469244726 2 0.7435255949 0.3139153661 2
0 0.6773241811 0.1978519946 0.0196692357 0.0581602797 0.6779263006 0.1855419967 2 0.6782776858 0.2216918509 2
0 0.6995596973 0.2004036982 0.0209592823 0.0551977417 0.6996026012 0.2130164847 2 0.6921248363 0.1797315820 2
0 0.7693703184 0.3733874324 0.0163857678 0.0665834374 0.7721971087 0.3637955739 2 0.7665788508 0.3946003051 2
0 0.8368812472 0.4055803056 0.0279590625 0.0406912407 0.8449003467 0.3962641531 2 0.8317849346 0.4130173380 2
0 0.8107939949 0.4460144152 0.0162572254 0.0485263684 0.8123852157 0.4404656021 2 0.8104531176 0.4637401336 2
0 0.8254455684 0.4406622422 0.0138487476 0.0492399914 0.8279543995 0.4306715193 2 0.8266456112 0.4544799688 2
0 0.8391220462 0.4383406052 0.0126404494 0.0574282147 0.8427594840 0.4220237771 2 0.8379605961 0.4502991290 2
0 0.8545606941 0.3437298792 0.0182896605 0.0572059091 0.8528420039 0.3384357382 2 0.8520391779 0.3634125455 2
0 0.8715834838 0.3495185013 0.0210250280 0.0477695342 0.8664492786 0.3373160046 2 0.8747459079 0.3675524883 2
0 0.8841695747 0.2656046948 0.0212401697 0.0446844233 0.8799373796 0.2647541569 2 0.8853396122 0.2816338737 2
0 0.8660354673 0.4259609055 0.0177685002 0.0468864385 0.8660886320 0.4419110826 2 0.8675610880 0.4110363955 2
0 0.8487742584 0.5433549064 0.0223718951 0.0512427465 0.8491289338 0.5261186042 2 0.8503331728 0.5589452651 2
0 0.8692999358 0.5332548348 0.0180635838 0.0474559338 0.8709903752 0.5243980183 2 0.8723105331 0.5437807750 2
0 0.9054718289 0.5422192668 0.0123281225 0.0567659746 0.9051252072 0.5282590776 2 0.9053234971 0.5598225015 2
0 0.8580769067 0.5915853289 0.0215355805 0.0474406991 0.8554544288 0.6026722767 2 0.8600674374 0.5783914936 2
0 0.8854976822 0.5877121926 0.0219587555 0.0407637130 0.8916822258 0.5764455791 2 0.8847543353 0.5933775780 2
0 0.8997611596 0.6093064091 0.0157474304 0.0562747862 0.8983259224 0.6012737662 2 0.8975995504 0.6249553986 2
0 0.9048324822 0.6572190791 0.0176471742 0.0498980882 0.9099300018 0.6422297185 2 0.9015841099 0.6650153282 2
0 0.8647277180 0.6363492126 0.0241728412 0.0466940008 0.8602681439 0.6208520659 2 0.8720720823 0.6415092693 2
0 0.8464027647 0.6641243845 0.0168926080 0.0504709912 0.8480250482 0.6483265539 2 0.8484264611 0.6772282880 2
0 0.8637805074 0.6695568401 0.0162572254 0.0342539071 0.8619326582 0.6794698124 2 0.8671337292 0.6613519934 2
0 0.8833608846 0.6756226361 0.0180405943 0.0446014415 0.8884310363 0.6625760891 2 0.8824180199 0.6965319464 2
0 0.9222261236 0.6551186017 0.0149812734 0.0640865585 0.9199159410 0.6363659390 2 0.9232118785 0.6631203629 2
0 0.9259907477 0.5974715883 0.0163857678 0.0649188514 0.9228791210 0.5842618696 2 0.9239640870 0.6195318738 2
0 0.8558174919 0.7316089062 0.0238764045 0.0466084062 0.8504484207 0.7258837480 2 0.8596845411 0.7484362026 2
0 0.8805147490 0.7580461000 0.0160070189 0.0556625990 0.8796306525 0.7742483748 2 0.8850693385 0.7467327202 2
0 0.8414676966 0.7903662089 0.0163857678 0.0665834374 0.0000000000 0.0000000000 0 0.8417798727 0.7689046375 2
0 0.8637805074 0.8208449297 0.0218770071 0.0470991222 0.8648784696 0.8142999824 2 0.8561152831 0.8362377554 2
0 0.8249973051 0.8368229702 0.0143438612 0.0479697023 0.8239402697 0.8561692714 2 0.8259473346 0.8247698566 2
0 0.8735147720 0.4772354242 0.0289017341 0.0463854992 0.8718560732 0.4732237839 2 0.8828348953 0.4876899965 2
0 0.8852411049 0.4320640866 0.0205992509 0.0707449022 0.8897590938 0.4125641971 2 0.8833132790 0.4403846894 2
0 0.8964451396 0.4084619604 0.0159176030 0.0699126092 0.8984204135 0.3891914815 2 0.8934128784 0.4236136490 2
0 0.9123514772 0.3995011254 0.0154543995 0.0405752844 0.9129163209 0.3876584306 2 0.9122511240 0.4126525369 2
0 0.0929779056 0.9328628193 0.0191947566 0.0615896796 0.0936751628 0.9231398678 2 0.0893787049 0.9491095693 2
0 0.0278165904 0.4730437898 0.0215355805 0.0615896796 0.0281956529 0.4837775429 2 0.0290779329 0.4560674154 2
0 0.9041225112 0.2734960394 0.0182642903 0.0453150646 0.9086691412 0.2552168801 2 0.8986898390 0.2821144975 2
0 0.9192116362 0.2716942414 0.0135196115 0.0446369222 0.9146596018 0.2708199529 2 0.9226878613 0.2815242989 2
0 0.9354327232 0.2640405338 0.0150529865 0.0485263684 0.9377408478 0.2544066224 2 0.9308983711 0.2814319902 2
0 0.9302407610 0.3279097980 0.0226270200 0.0363947763 0.9347575100 0.3214913427 2 0.9244942197 0.3286234211 2
0 0.9277055234 0.3645721830 0.0164579319 0.0290801399 0.9219723888 0.3595232420 2 0.9316544357 0.3728642161 2
0 0.9545668537 0.3605580532 0.0173274359 0.0392492685 0.9539980732 0.3712623992 2 0.9569619158 0.3485890969 2
0 0.9408200574 0.5593020766 0.0175249462 0.0603011489 0.9407514451 0.5716120745 2 0.9422307099 0.5392526815 2
0 0.8985838015 0.7820432792 0.0201310861 0.0699126092 0.8990519265 0.7951177680 2 0.9005541871 0.7639597716 2
0 0.9088742457 0.8281340703 0.0196928232 0.0539561681 0.9061490406 0.8395986110 2 0.9131889839 0.8084524358 2
0 0.8842179081 0.8766406697 0.0311788274 0.0411238558 0.8896725018 0.8711607664 2 0.8766131681 0.8803597940 2
0 0.8571006767 0.9747380169 0.0182584270 0.0491052851 0.8587036815 0.9598305175 2 0.8569718657 0.9912341102 2
0 0.9036165730 0.9706096546 0.0210674157 0.0349563046 0.9062616506 0.9625157652 2 0.8973763535 0.9807518942 2
0 0.9670758282 0.5743861839 0.0234082397 0.0391177695 0.9626644282 0.5690830364 2 0.9741519523 0.5885090934 2
0 0.9683461628 0.5519486520 0.0210790296 0.0273969115 0.9624425922 0.5413661262 2 0.9716602441 0.5589452651 2
0 0.9362034972 0.6443459850 0.0220037453 0.0482729921 0.9304345386 0.6412848709 2 0.9429970930 0.6584959546 2
0 0.9699689234 0.6783275418 0.0203007242 0.0441869917 0.9675800598 0.6837137032 2 0.9770228404 0.6690249334 2
0 0.9325740135 0.7039064142 0.0177902622 0.0565959218 0.9367077735 0.6863847396 2 0.9308101381 0.7113829128 2
0 0.9355471012 0.7388412680 0.0220037453 0.0266333749 0.9433621265 0.7326614927 2 0.9352599723 0.7445383349 2
0 0.9889396067 0.5028089888 0.0173220974 0.0574282147 0.9859104046 0.4929351317 2 0.9900657458 0.5174487960 2
0 0.9262875532 0.1697993249 0.0234082397 0.0307948398 0.9344501939 0.1710131393 2 0.9224285204 0.1766585373 2
0 0.9639140705 0.2411095979 0.0140449438 0.0532667499 0.9600433849 0.2268795077 2 0.9638586498 0.2616973323 2
0 0.9643609551 0.1857053683 0.0159176030 0.0624219725 0.9622258772 0.1735336135 2 0.9656536542 0.2016182022 2
0 0.6466716612 0.4490986307 0.0171755725 0.0633305061 0.6502254228 0.4372873301 2 0.6435397559 0.4681999285 2
0 0.6176049618 0.5611393837 0.0283078880 0.0672886627 0.6150807264 0.5514459320 2 0.6264433669 0.5837193568 2
0 0.6313613232 0.5417726887 0.0203562341 0.0520214871 0.6279482411 0.5267712463 2 0.6329163373 0.5545925849 2
0 0.1720120614 0.9008284600 0.0167214912 0.0560428850 0.1711523470 0.8889490811 2 0.1733825707 0.9193968285 2
0 0.1892817982 0.9422514620 0.0254934211 0.0550682261 0.1841214364 0.9277738477 2 0.1961632597 0.9600294301 2
0 0.2097039474 0.9305555556 0.0334429825 0.0472709552 0.2032184284 0.9217374023 2 0.2195294438 0.9392742461 2
0 0.2648437500 0.1847222222 0.0302083333 0.0333333333 0.2547997149 0.1925122618 2 0.2718920992 0.1769491605 2
0 0.2097656250 0.1706018519 0.0351562500 0.0310185185 0.1984057049 0.1714696382 2 0.2170285247 0.1688452842 2
0 0.2101562500 0.1296296296 0.0302083333 0.0379629630 0.2071462237 0.1180377130 2 0.2133373567 0.1428522134 2
0 0.2864583333 0.0821759259 0.0218750000 0.0486111111 0.2818834005 0.0671262891 2 0.2905417478 0.0991072832 2
0 0.4049479167 0.0907407407 0.0182291667 0.0675925926 0.4032691355 0.1076847922 2 0.4071422255 0.0692407879 2
0 0.3794270833 0.0671296296 0.0213541667 0.0555555556 0.3817957255 0.0499300446 2 0.3772859631 0.0843575112 2
0 0.1177781357 0.2365406644 0.0126718213 0.0462008400 0.1175099931 0.2477300529 2 0.1225840455 0.2179230593 2
0 0.1680895619 0.2998281787 0.0184707904 0.0572737686 0.1714617738 0.2850138177 2 0.1669492766 0.3222077336 2
0 0.1894061426 0.4496945399 0.0242697595 0.0294005346 0.1961446068 0.4461253136 2 0.1817207188 0.4529540142 2
0 0.2450869845 0.3029782360 0.0253436426 0.0496372661 0.2525021387 0.2907711765 2 0.2381624255 0.3166853690 2
0 0.4401578608 0.3660748377 0.0216924399 0.0706376480 0.4429885284 0.3783854567 2 0.4418911665 0.3430066687 2
0 0.7019107258 0.8931778003 0.0347222222 0.0440875593 0.7063347887 0.8902504617 2 0.6931799936 0.8970241918 2
0 0.7193891688 0.9833091290 0.0327491147 0.0284180154 0.7335219974 0.9823021480 2 0.7138527617 0.9876543210 2
0 0.7258014448 0.9455194771 0.0275100829 0.0406143485 0.7333337983 0.9394955954 2 0.7181225806 0.9621976597 2
0 0.8863026203 0.8289423444 0.0201890034 0.0431462390 0.8844503327 0.8148520574 2 0.8855898029 0.8386594049 2
0 0.8260577749 0.3882206949 0.0352233677 0.0267277587 0.8155863319 0.3851932262 2 0.8368614280 0.3898451783 2
0 0.7790216924 0.4107483772 0.0154639175 0.0481099656 0.7777357774 0.3938118724 2 0.7784736888 0.4244421561 2
0 0.7913111627 0.4059690339 0.0162286196 0.0408683468 0.7920279383 0.3955255834 2 0.7906229929 0.4147934061 2
0 0.7964185997 0.3708476518 0.0214776632 0.0355097365 0.7900911546 0.3633206728 2 0.8004576108 0.3748305145 2
0 0.7780253483 0.3134647151 0.0211811596 0.0570782768 0.7786010771 0.2960598603 2 0.7777643704 0.3213543358 2
0 0.7281016644 0.2510227573 0.0282970988 0.0445897527 0.7211785485 0.2479840148 2 0.7368336545 0.2697495183 2
0 0.7609804553 0.3257922871 0.0244845361 0.0614738450 0.7628502632 0.3438117427 2 0.7537795996 0.3125007860 2
0 0.7505318722 0.1369404956 0.0245865446 0.0415404032 0.7449622672 0.1305930208 2 0.7578074823 0.1502176550 2
0 0.7618526061 0.8987738708 0.0155931179 0.0578722255 0.7610944396 0.9093006190 2 0.7643995292 0.8753725851 2
0 0.7594655068 0.9582215965 0.0344764012 0.0429367421 0.7635812943 0.9617022192 2 0.7436482329 0.9565550103 2
0 0.6235700949 0.1611713116 0.0193980246 0.0580184700 0.6257479237 0.1448312983 2 0.6220295440 0.1769785199 2
0 0.5725605413 0.1489395378 0.0313390313 0.0474833808 0.5616315741 0.1451223255 2 0.5784099759 0.1626565111 2
0 0.7643310906 0.2467745595 0.0270940808 0.0463067291 0.7647004995 0.2309733615 2 0.7639540093 0.2634635629 2
0 0.8034834229 0.5289897860 0.0180331541 0.0503438052 0.8024646757 0.5409262827 2 0.8031370226 0.5147886841 2
0 0.8167370235 0.4933653419 0.0188220352 0.0548021786 0.8125634654 0.4382168166 2 0.8088199415 0.4633159548 2
0 0.8345777136 0.5013202027 0.0297045601 0.0363947763 0.8401974952 0.4963248412 2 0.8238779821 0.5019554660 2
0 0.7963065474 0.5666109580 0.0249607651 0.0360494748 0.7899205202 0.5650110612 2 0.8027657354 0.5710768572 2
0 0.1923303091 0.6039426523 0.0198252688 0.0657108722 0.1929072792 0.5905717728 2 0.1911815321 0.6279455286 2
0 0.4901061395 0.0971520763 0.0407986111 0.0334362140 0.5034104928 0.1002838553 2 0.4765276870 0.1023923106 2
0 0.8890348679 0.5448400074 0.0173921506 0.0357035577 0.8880253369 0.5369466148 2 0.8855301956 0.5592840705 2
0 0.8210380354 0.5567854441 0.0241868492 0.0372790275 0.8163204718 0.5558455569 2 0.8295770283 0.5571113983 2
0 0.8359837887 0.7297796583 0.0152514335 0.0451584032 0.8375883109 0.7278955256 2 0.8387182004 0.7453577432 2
0 0.9081101827 0.7290136374 0.0271317829 0.0390467987 0.9141520440 0.7326697171 2 0.9002615100 0.7281949142 2
0 0.4839092141 0.4772658838 0.0335365854 0.0608250527 0.4779442788 0.4739251529 2 0.4946447058 0.4945788211 2
0 0.8106930272 0.1315192744 0.0293367347 0.0861678005 0.8112094031 0.1202033502 2 0.8114151306 0.1556799064 2
0 0.2127722538 0.8930450337 0.0210700758 0.0404040404 0.2096676120 0.8813937157 2 0.2149732147 0.9091757809 2
0 0.4998816288 0.9772201178 0.0312500000 0.0420875421 0.5078515900 0.9701810580 2 0.4940232632 0.9913553330 2
0 0.9518229167 0.6114793771 0.0160984848 0.0500841751 0.9560890835 0.5980995045 2 0.9492731927 0.6255225036 2
0 0.9044744318 0.4578598485 0.0160984848 0.0500841751 0.9039146583 0.4449051387 2 0.9058473804 0.4761546028 2
0 0.7162829995 0.3985164141 0.0248579545 0.0736531987 0.7120513794 0.3897818200 2 0.7248883254 0.4229195070 2
0 0.6373825572 0.9625998548 0.0212418301 0.0628177197 0.6440822100 0.9490362167 2 0.6348633861 0.9838375933 2
0 0.9071127291 0.2288294112 0.0219177659 0.0480391834 0.9030186256 0.2148005424 2 0.9130539499 0.2390637265 2
0 0.7733907186 0.4829230428 0.0251996008 0.0678642715 0.7705786009 0.4633530148 2 0.7814344359 0.4999351985 2
0 0.5910731538 0.0895745828 0.0269388906 0.0691764105 0.5906346137 0.0656432053 2 0.5997708653 0.1092427630 2
0 0.3684691970 0.6369325862 0.0212516192 0.0862384546 0.0000000000 0.0000000000 0 0.0000000000 0.0000000000 0
0 0.8918244875 0.3759355344 0.0235925151 0.0450274236 0.8894608372 0.3686845138 2 0.8950966395 0.3863206784 2
0 0.5520364175 0.0679183590 0.0389945061 0.0496506624 0.5629746409 0.0761499161 2 0.5384948119 0.0599228321 2
0 0.5568338903 0.0231901927 0.0271325254 0.0389595237 0.5612712967 0.0353470654 2 0.5494970263 0.0131355452 2
0 0.6777255941 0.9826589595 0.0260918433 0.0235495611 0.0000000000 0.0000000000 0 0.0000000000 0.0000000000 0
0 0.8106936416 0.9546492543 0.0238840719 0.0396060801 0.8142537290 0.9436568626 2 0.8090798540 0.9596321054 2
0 0.8845536288 0.9307428816 0.0164579319 0.0353243417 0.0000000000 0.0000000000 0 0.0000000000 0.0000000000 0
0 0.9154624277 0.9330621566 0.0168593449 0.0271176764 0.9124373823 0.9408958962 2 0.9167532146 0.9297194999 2
0 0.8341763006 0.9112966531 0.0128452152 0.0388924570 0.0000000000 0.0000000000 0 0.0000000000 0.0000000000 0
0 0.8397960822 0.8567044887 0.0216763006 0.0396060801 0.8460051023 0.8504854120 2 0.8365153853 0.8697089577 2
0 0.8207289660 0.7346749447 0.0140494541 0.0381788339 0.0000000000 0.0000000000 0 0.0000000000 0.0000000000 0
0 0.9562058446 0.7357453793 0.0148522800 0.0303289802 0.0000000000 0.0000000000 0 0.0000000000 0.0000000000 0
0 0.9568079640 0.8806108613 0.0128452152 0.0388924570 0.0000000000 0.0000000000 0 0.0000000000 0.0000000000 0
0 0.9546001927 0.7908727610 0.0140494541 0.0242631842 0.0000000000 0.0000000000 0 0.0000000000 0.0000000000 0
0 0.9690510597 0.8502818811 0.0120423892 0.0239063727 0.0000000000 0.0000000000 0 0.0000000000 0.0000000000 0
0 0.9014129737 0.6913223435 0.0268946692 0.0353243417 0.8956659205 0.6949297445 2 0.9071248022 0.6839845962 2
0 0.9881181760 0.5826732320 0.0188664098 0.0342539071 0.9850030991 0.5737023535 2 0.9895302403 0.5867397312 2
0 0.9706567116 0.5198744023 0.0128452152 0.0317562264 0.0000000000 0.0000000000 0 0.0000000000 0.0000000000 0
0 0.9276051702 0.4633197745 0.0126445087 0.0349675302 0.0000000000 0.0000000000 0 0.0000000000 0.0000000000 0
0 0.9460701670 0.4813387569 0.0130459216 0.0438878185 0.9412935120 0.4938994817 2 0.9468816612 0.4750314557 2
0 0.9521917148 0.5057803468 0.0156551060 0.0371083993 0.0000000000 0.0000000000 0 0.0000000000 0.0000000000 0
0 0.9712588311 0.4001641333 0.0152536930 0.0421037608 0.9691017546 0.3879843521 2 0.9722366339 0.4056852281 2
0 0.7999558446 0.4786626704 0.0126445087 0.0403197031 0.0000000000 0.0000000000 0 0.0000000000 0.0000000000 0
0 0.9293111753 0.3971312353 0.0120423892 0.0367515878 0.0000000000 0.0000000000 0 0.0000000000 0.0000000000 0
0 0.9870142903 0.3155998002 0.0150529865 0.0317562264 0.0000000000 0.0000000000 0 0.0000000000 0.0000000000 0
0 0.9624277457 0.2977592236 0.0168593449 0.0431741954 0.0000000000 0.0000000000 0 0.0000000000 0.0000000000 0
0 0.7670399807 0.0522728895 0.0262925498 0.0353243417 0.0000000000 0.0000000000 0 0.0000000000 0.0000000000 0
0 0.7218810212 0.0513808606 0.0174614644 0.0299721687 0.7185298932 0.0405997918 2 0.7234000875 0.0562679191 2
0 0.6976958895 0.0749304218 0.0184649968 0.0478127453 0.6998952768 0.0611867125 2 0.6967082346 0.0942760691 2
0 0.7167630058 0.0754656390 0.0228805395 0.0296153572 0.7095622601 0.0665509067 2 0.7200271038 0.0795066872 2
0 0.7443601477 0.0927709984 0.0174614644 0.0349675302 0.0000000000 0.0000000000 0 0.0000000000 0.0000000000 0
0 0.7594131342 0.1022265040 0.0162572254 0.0388924570 0.0000000000 0.0000000000 0 0.0000000000 0.0000000000 0
0 0.7762724791 0.1289873689 0.0198699422 0.0545921644 0.7765762465 0.1147936258 2 0.7817022851 0.1470750784 2
0 0.7489763969 0.1794762007 0.0335179833 0.0299721687 0.0000000000 0.0000000000 0 0.0000000000 0.0000000000 0
0 0.6854527938 0.1241704132 0.0186657033 0.0406765147 0.6919794896 0.1131992124 2 0.6824942426 0.1291436585 2
0 0.6662853243 0.1216727325 0.0220777136 0.0421037608 0.0000000000 0.0000000000 0 0.0000000000 0.0000000000 0
0 0.7080322736 0.1698422893 0.0317116249 0.0356811532 0.7008243761 0.1688018564 2 0.7166214377 0.1799906028 2
0 0.5970415864 0.3450367516 0.0196692357 0.0528081068 0.0000000000 0.0000000000 0 0.0000000000 0.0000000000 0
0 0.6020592486 0.4340612289 0.0218770071 0.0385356455 0.0000000000 0.0000000000 0 0.0000000000 0.0000000000 0
0 0.6001525369 0.2376364804 0.0142501606 0.0485263684 0.0000000000 0.0000000000 0 0.0000000000 0.0000000000 0
0 0.5878090880 0.1971383715 0.0256904303 0.0446014415 0.0000000000 0.0000000000 0 0.0000000000 0.0000000000 0
0 0.6216281310 0.1300578035 0.0313102119 0.0367515878 0.0000000000 0.0000000000 0 0.0000000000 0.0000000000 0
0 0.6035645472 0.0437094127 0.0317116249 0.0338970956 0.0000000000 0.0000000000 0 0.0000000000 0.0000000000 0
0 0.6523362235 0.0313994148 0.0208734746 0.0356811532 0.0000000000 0.0000000000 0 0.0000000000 0.0000000000 0
0 0.6898683365 0.5191607793 0.0280989082 0.0413901377 0.0000000000 0.0000000000 0 0.0000000000 0.0000000000 0
0 0.4165061015 0.8012202954 0.0317116249 0.0467423107 0.4063608308 0.7902588944 2 0.4211049527 0.8061890985 2
0 0.4181117534 0.8568828945 0.0345215157 0.0381788339 0.4303779090 0.8617526224 2 0.4125515050 0.8546754468 2
0 0.4333654464 0.9004139014 0.0309087990 0.0346107186 0.4402984892 0.8894538405 2 0.4302226981 0.9053820970 2
0 0.4479166667 0.9302076643 0.0222784200 0.0421037608 0.0000000000 0.0000000000 0 0.0000000000 0.0000000000 0
