0 0.3016089507 0.2973262588 0.0289435569 0.0437265918 0.3014123901 0.2845312196 2 0.3009185314 0.3108859566 2
0 0.4340506698 0.2757258789 0.0190296881 0.0550224576 0.4377174654 0.2946567804 2 0.4308863666 0.2558888349 2
0 0.4129228113 0.3133719569 0.0215502107 0.0642283084 0.4110173826 0.2896707297 2 0.4108450488 0.3403772890 2
0 0.4566500543 0.2935980849 0.0239631489 0.0612676349 0.4509335660 0.2715094903 2 0.4497915460 0.3024553669 2
0 0.4844920412 0.2635247607 0.0280898876 0.0732417811 0.4928450867 0.2448910071 2 0.4788557822 0.2821958192 2
0 0.4741950166 0.4041967217 0.0257490637 0.0649188514 0.4723277227 0.3909870029 2 0.4762026011 0.4287369293 2
0 0.5017313773 0.3735307457 0.0160684953 0.0672424678 0.5000381587 0.3504297043 2 0.5014487092 0.3903870281 2
0 0.3045967140 0.4455863167 0.0250408063 0.0561747140 0.3007111832 0.4369908873 2 0.3087184178 0.4492219717 2
0 0.3332187930 0.4032575022 0.0374531835 0.0399500624 0.3470048550 0.4048438053 2 0.3178504066 0.4046287425 2
0 0.3380456397 0.3603392119 0.0385269885 0.0297742187 0.3436081084 0.3616105559 2 0.3235441422 0.3549126204 2
0 0.3547585227 0.3120791246 0.0243844697 0.0480850168 0.3494475742 0.3002538025 2 0.3570247045 0.3171249895 2
0 0.3256480824 0.3130759478 0.0233013731 0.0637571145 0.3228578522 0.3301409887 2 0.3309928940 0.3011850836 2
0 0.2905184090 0.3313293515 0.0324766955 0.0440480038 0.2945848269 0.3335841007 2 0.2772191041 0.3343319446 2
0 0.3936180531 0.2398322164 0.0328396513 0.0433784965 0.4046452177 0.2263411613 2 0.3889127620 0.2455888496 2
0 0.3932578236 0.2904456424 0.0404374777 0.0482523960 0.4086599559 0.2791935769 2 0.3866857338 0.2952468988 2
0 0.3938239820 0.3553775702 0.0209457860 0.0410335802 0.3987840013 0.3485955345 2 0.3917075418 0.3582714648 2
0 0.4030109857 0.3951159725 0.0205584883 0.0662176080 0.4037704828 0.3723670200 2 0.3999676113 0.4162122953 2
0 0.3882841760 0.4324802330 0.0210674157 0.0349563046 0.3931838107 0.4397593345 2 0.3835860350 0.4240319649 2
0 0.4148264965 0.4646630648 0.0203139126 0.0732281487 0.4135819676 0.4376407590 2 0.4130574663 0.4954524554 2
0 0.4299849409 0.4705589196 0.0198985120 0.0513694222 0.4354941052 0.4860526002 2 0.4234748378 0.4533471107 2
0 0.4507286720 0.4726405138 0.0196629213 0.0607573866 0.4513983702 0.4527989462 2 0.4505280129 0.4948339802 2
0 0.4603026524 0.4644499691 0.0194558795 0.0543150085 0.4548514007 0.4453290574 2 0.4634101643 0.4833680065 2
0 0.4246654371 0.5240297781 0.0245415484 0.0515968012 0.4201582434 0.5157208535 2 0.4307400014 0.5378400255 2
0 0.4527535462 0.5430596765 0.0183971284 0.0389407721 0.4523412165 0.5285246532 2 0.4523412165 0.5586062343 2
0 0.5304154830 0.4770676278 0.0196377841 0.0504105081 0.5323375853 0.4621028106 2 0.5334807015 0.4991190156 2
0 0.5080878762 0.5201419729 0.0306992477 0.0452589835 0.5171072675 0.5343134857 2 0.5003496033 0.5064727400 2
0 0.5366979330 0.5801319590 0.0234432145 0.0591485980 0.5409352789 0.5758161746 2 0.5298800162 0.5998023067 2
0 0.5457617740 0.6612089369 0.0185616792 0.0514247187 0.5424199175 0.6492171116 2 0.5458558096 0.6769375669 2
0 0.5624175934 0.6078137872 0.0215355805 0.0649188514 0.5639233513 0.5888175834 2 0.5626833902 0.6284963381 2
0 0.6149639852 0.6653271169 0.0161657795 0.0433987965 0.6095196227 0.6517069683 2 0.6203645187 0.6811798352 2
0 0.4951304211 0.8154040404 0.0165573395 0.0714436027 0.4958006752 0.8366491117 2 0.4952512343 0.7935888758 2
0 0.4701917348 0.7962111754 0.0285580524 0.0599250936 0.4731896189 0.7896133107 2 0.4565932167 0.8119961980 2
0 0.4575056623 0.7524915365 0.0237274142 0.0505286185 0.4615855191 0.7696618302 2 0.4542322278 0.7411376101 2
0 0.4378924827 0.7757283530 0.0234811332 0.0555992551 0.4446146974 0.7910818655 2 0.4322081041 0.7566273186 2
0 0.4230525685 0.7353612358 0.0295705387 0.0362880371 0.4325362268 0.7435337453 2 0.4174271021 0.7278233048 2
0 0.3807469816 0.5023333539 0.0293100552 0.0470677296 0.3875516789 0.5191267043 2 0.3728305273 0.4867626458 2
0 0.7083096536 0.5499735082 0.0290958990 0.0535466835 0.7017604988 0.5577145950 2 0.7162068531 0.5447597522 2
0 0.4674040262 0.8432168123 0.0220037453 0.0590928007 0.4636857724 0.8570268701 2 0.4739850004 0.8296876711 2
0 0.5212113448 0.8745515178 0.0187265918 0.0507698710 0.5231307012 0.8922347759 2 0.5163427091 0.8571096105 2
0 0.5450469933 0.8199365082 0.0227966384 0.0543399466 0.5397299034 0.8192584121 2 0.5400949522 0.8430148403 2
0 0.2689960508 0.2058753457 0.0316926795 0.0517529583 0.2643665006 0.2225830282 2 0.2801823452 0.1891940228 2
0 0.2940884054 0.2307737049 0.0240979639 0.0623482106 0.2943300275 0.2085601701 2 0.2900003699 0.2498433656 2
0 0.2786304327 0.2630586859 0.0191947566 0.0499375780 0.2792095979 0.2437831199 2 0.2811172303 0.2789683405 2
0 0.3617321245 0.7291675566 0.0209472474 0.0631571821 0.3650093551 0.7080061476 2 0.3592442162 0.7535779683 2
0 0.6665220644 0.7124894781 0.0167428030 0.0425084175 0.6718791051 0.7040202713 2 0.6642362152 0.7161032886 2
0 0.6770538852 0.6113863864 0.0251891046 0.0514764765 0.6856134765 0.5930462530 2 0.6734015076 0.6192121213 2
0 0.6954866046 0.6781209472 0.0221640758 0.0704970586 0.6980076704 0.6467204322 2 0.6922784028 0.7065651339 2
0 0.0567394950 0.1612678372 0.0144144144 0.0388388388 0.0609748477 0.1467708614 2 0.0535565635 0.1754548935 2
0 0.0519437596 0.3815778482 0.0111639790 0.0418796760 0.0479432209 0.3961646318 2 0.0521781138 0.3746559697 2
0 0.0610508149 0.3991898148 0.0195650369 0.0527777778 0.0678208253 0.3884505675 2 0.0587245245 0.4177964456 2
0 0.0955357380 0.3854571350 0.0151785240 0.0422801744 0.1005406564 0.4019779876 2 0.0920612920 0.3718291366 2
0 0.0425534892 0.4914915856 0.0139311906 0.0379186267 0.0364429564 0.4853853348 2 0.0425085686 0.5055034517 2
0 0.1196402645 0.4472481771 0.0135603801 0.0393209858 0.1166282308 0.4395809187 2 0.1184119448 0.4584403049 2
0 0.0407552083 0.5674072774 0.0210937500 0.0260650749 0.0329854046 0.5642614141 2 0.0456580063 0.5754048249 2
0 0.0651293848 0.5362556563 0.0140120637 0.0366316830 0.0671309064 0.5291127891 2 0.0626815112 0.5455939368 2
0 0.0752176100 0.5488641356 0.0164975660 0.0279813801 0.0813649782 0.5454270340 2 0.0715490235 0.5538594533 2
0 0.0931203674 0.6169601393 0.0132346301 0.0340013817 0.0895484425 0.6055676560 2 0.0957180480 0.6256278939 2
0 0.1193530693 0.5284526145 0.0136889343 0.0552872555 0.1211020495 0.5122747562 2 0.1208276769 0.5474746218 2
0 0.0865809249 0.4413694651 0.0168539326 0.0466084062 0.0877854359 0.4269398508 2 0.0876741573 0.4534488764 2
0 0.1433177384 0.3927733914 0.0376888476 0.0377990350 0.1435563370 0.3838058878 2 0.1341828187 0.4029837702 2
0 0.1087243573 0.3836589798 0.0169262853 0.0454976970 0.1060903603 0.3703456893 2 0.1098482839 0.3893397608 2
0 0.1166238735 0.3406236995 0.0140178780 0.0456044528 0.1130879631 0.3222464213 2 0.1181326464 0.3484652842 2
0 0.1109742172 0.1742521368 0.0276011151 0.0225783476 0.1011640534 0.1707830737 2 0.1200640418 0.1780736352 2
0 0.0994962484 0.0850010122 0.0230795754 0.0274594820 0.0921131697 0.0923774959 2 0.1026466080 0.0818534667 2
0 0.1048076736 0.1135074291 0.0244526073 0.0378416279 0.1071739530 0.1062432905 2 0.0972223105 0.1230787973 2
0 0.1184505960 0.1221437730 0.0170813721 0.0560127543 0.1205897148 0.1014742108 2 0.1167229639 0.1347585300 2
0 0.1352345571 0.1303742554 0.0230186480 0.0461020461 0.1369416248 0.1177178521 2 0.1266070251 0.1471949502 2
0 0.1434112132 0.1551692142 0.0238764045 0.0532667499 0.1481923362 0.1416173933 2 0.1394172270 0.1696525248 2
0 0.1504564607 0.1632334582 0.0163857678 0.0607573866 0.1477869675 0.1436497742 2 0.1469166102 0.1828480882 2
0 0.1653953066 0.1111982418 0.0228552200 0.0382516646 0.1732113718 0.0962710005 2 0.1620601916 0.1175676956 2
0 0.1918252474 0.1377065731 0.0166997373 0.0425638196 0.1887276401 0.1489184179 2 0.1931469965 0.1329224789 2
0 0.1715666934 0.1456176347 0.0221106596 0.0457596801 0.1782659703 0.1605847015 2 0.1660272901 0.1312565534 2
0 0.1855821204 0.1923211516 0.0262172285 0.0432792343 0.1918561645 0.2073954044 2 0.1783199226 0.1838820683 2
0 0.1673103933 0.2081772784 0.0323033708 0.0474406991 0.1743917633 0.2172506142 2 0.1603468195 0.1997321896 2
0 0.1907184034 0.2300300300 0.0217163464 0.0460460460 0.1872084357 0.2383012184 2 0.1970284890 0.2176930924 2
0 0.2279444839 0.2785721801 0.0331025095 0.0437815657 0.2327248127 0.2627877736 2 0.2238679191 0.2869456833 2
0 0.1909527154 0.2656054931 0.0215355805 0.0657511444 0.1993885442 0.2499937825 2 0.1880858220 0.2904603188 2
0 0.1929014513 0.3364277199 0.0227556559 0.0598772930 0.1900447894 0.3522001511 2 0.1947862827 0.3148403800 2
0 0.1282106529 0.1893844815 0.0173220974 0.0516021640 0.1306512699 0.1751610328 2 0.1257232194 0.2058244579 2
0 0.1379539696 0.2228087462 0.0191371059 0.0235954705 0.1369062753 0.2194096365 2 0.1417460570 0.2274216808 2
0 0.1355549881 0.2609129095 0.0120339632 0.0407793998 0.1385643645 0.2496726115 2 0.1338910037 0.2706161912 2
0 0.0655960560 0.2159726737 0.0152042843 0.0333199179 0.0685406584 0.2061453721 2 0.0643395942 0.2201659833 2
0 0.0915452800 0.2744663840 0.0155580886 0.0404566213 0.0876591793 0.2913049931 2 0.0925853224 0.2578200985 2
0 0.1154068131 0.2704966202 0.0279279279 0.0283761289 0.1048490460 0.2687347359 2 0.1246042663 0.2708195080 2
0 0.1813952375 0.5648655758 0.0124116871 0.0467134748 0.1789190999 0.5541706487 2 0.1817073352 0.5773687665 2
0 0.2052317416 0.5573241781 0.0257490637 0.0665834374 0.2020092337 0.5505584417 2 0.2113884266 0.5833414584 2
0 0.1974755479 0.4675172363 0.0170231678 0.0559565183 0.1980992077 0.4556561645 2 0.1972094322 0.4725783557 2
0 0.2134851411 0.4692267360 0.0216566118 0.0624934977 0.2143419257 0.4506749736 2 0.2131195511 0.4771427730 2
0 0.2268783302 0.5212266883 0.0304307116 0.0391177695 0.2355239549 0.5249059286 2 0.2231892422 0.5196567564 2
0 0.2535834418 0.4848205120 0.0423826660 0.0421707877 0.2481762974 0.4712277717 2 0.2558906703 0.4906205343 2
0 0.2732472290 0.4398921393 0.0229400749 0.0690803163 0.2756465537 0.4627801253 2 0.2817489904 0.4231967522 2
0 0.2588511526 0.3729058588 0.0154532521 0.0562716157 0.2604948644 0.3958492009 2 0.2581497807 0.3631159347 2
0 0.2080586028 0.4195051793 0.0309820706 0.0554267751 0.2017334835 0.4070506230 2 0.2158170236 0.4216366164 2
0 0.2444274155 0.3429617820 0.0228568808 0.0474097693 0.2389138911 0.3333148196 2 0.2467800363 0.3470781409 2
0 0.2323198198 0.3634009009 0.0279279279 0.0724724725 0.2300746799 0.3766465064 2 0.2269136242 0.3378878836 2
0 0.2261486591 0.2364281010 0.0314266402 0.0460043502 0.2317136821 0.2545994289 2 0.2291205841 0.2190612636 2
0 0.6504351086 0.1965147732 0.0225532063 0.0534900069 0.6580862638 0.2153724980 2 0.6518285460 0.1729165079 2
0 0.6249414794 0.2231585518 0.0346441948 0.0507698710 0.6182527239 0.2343770556 2 0.6344954193 0.2100264808 2
0 0.4927189737 0.2046765348 0.0335014465 0.0391949101 0.5050504493 0.2158709676 2 0.4874571331 0.1998998704 2
0 0.2395690635 0.1726297556 0.0219832631 0.0600291303 0.2429524755 0.1558287333 2 0.2360730760 0.1894613530 2
0 0.3145165594 0.2568568569 0.0354939081 0.0352352352 0.3030836820 0.2658391498 2 0.3249705277 0.2498367298 2
0 0.2223197566 0.0949854349 0.0318352060 0.0491052851 0.2275639176 0.0849934681 2 0.2115020499 0.1047939863 2
0 0.2432730571 0.0631996463 0.0292544476 0.0504525593 0.2518535882 0.0520769556 2 0.2372721788 0.0726348745 2
0 0.1548964752 0.0773998899 0.0313670412 0.0357885976 0.1503332596 0.0855945346 2 0.1636054896 0.0693841774 2
0 0.1784937144 0.0681849242 0.0265801254 0.0392845974 0.1740331931 0.0805338940 2 0.1853588604 0.0625256744 2
0 0.2151839441 0.0695375774 0.0299180776 0.0373285217 0.2080291170 0.0836025503 2 0.2182369088 0.0635360534 2
0 0.2646886704 0.0791718685 0.0201310861 0.0507698710 0.2592957935 0.0703496337 2 0.2699626382 0.0977170939 2
0 0.2320124968 0.1105315207 0.0253215973 0.0448250057 0.2377152301 0.1036936145 2 0.2207042044 0.1221487315 2
0 0.2556924583 0.1165254488 0.0165506895 0.0479886647 0.2533284449 0.1081865017 2 0.2556621440 0.1320178844 2
0 0.2861902051 0.1434318934 0.0195204774 0.0392374623 0.2825910135 0.1339489516 2 0.2877259802 0.1474782647 2
0 0.2806306306 0.0555242743 0.0252252252 0.0525900901 0.2820124776 0.0438587340 2 0.2720723049 0.0693280289 2
0 0.3120005345 0.0522014098 0.0260205041 0.0636609542 0.3236044491 0.0408913709 2 0.3062289284 0.0711209938 2
0 0.3421342851 0.0341972974 0.0191947566 0.0674157303 0.3373833254 0.0573189850 2 0.3441615196 0.0243312733 2
0 0.3667485955 0.0263212651 0.0323033708 0.0399500624 0.3546410918 0.0278237474 2 0.3746741900 0.0309771055 2
0 0.3528157143 0.0776578018 0.0218780411 0.0541751372 0.3563203690 0.0983666849 2 0.3492799896 0.0567465667 2
0 0.3927317416 0.0408863920 0.0187265918 0.0474406991 0.3965620186 0.0300635636 2 0.3910973624 0.0455044929 2
0 0.4226942884 0.0621098627 0.0252808989 0.0782355389 0.4296274809 0.0843214444 2 0.4220345021 0.0364157107 2
0 0.4504111606 0.0437508163 0.0271354039 0.0602410005 0.4517310250 0.0577594030 2 0.4454839410 0.0279522207 2
0 0.4770014045 0.0413025385 0.0271535581 0.0599250936 0.4848309706 0.0296414361 2 0.4680436747 0.0576583291 2
0 0.5090783604 0.0756514819 0.0410357975 0.0447876894 0.5223275151 0.0733385320 2 0.4966138694 0.0878005851 2
0 0.4432625851 0.0926652504 0.0224049278 0.0589605054 0.4434286790 0.1011889975 2 0.4350828249 0.0731602343 2
0 0.5178919282 0.1531565218 0.0340499746 0.0890210762 0.5074273181 0.1868076977 2 0.5295314478 0.1278633518 2
0 0.2209546675 0.6168140962 0.0279411974 0.0400709988 0.2237898071 0.6108714786 2 0.2281906437 0.6265188975 2
0 0.3253009857 0.7491156887 0.0250737043 0.0517185725 0.3303935279 0.7366163020 2 0.3149317385 0.7649341961 2
0 0.3175205929 0.8100215384 0.0296357804 0.0372602940 0.3285248866 0.8153314071 2 0.3064129186 0.7995052367 2
0 0.3505969101 0.8111735331 0.0308988764 0.0599250936 0.3426761818 0.7964364366 2 0.3585572218 0.8310281715 2
0 0.3801374793 0.8410504685 0.0193178445 0.0601522837 0.3871475808 0.8597038040 2 0.3771462689 0.8330910902 2
0 0.2660180508 0.6950492463 0.0214538619 0.0501417476 0.2731626639 0.6776103041 2 0.2613450866 0.7123009019 2
0 0.6311711454 0.3411768459 0.0388054464 0.0627285683 0.6305038707 0.3640903459 2 0.6289805394 0.3233540515 2
0 0.6727533226 0.3492492492 0.0177816431 0.0436436436 0.6661630498 0.3346260352 2 0.6780418641 0.3674143413 2
0 0.6655421402 0.3653860145 0.0153882576 0.0424813380 0.6599008399 0.3778383116 2 0.6701525026 0.3480869502 2
0 0.7078335133 0.3365390305 0.0198412089 0.0662196783 0.7051361665 0.3337452121 2 0.7126867347 0.3539821257 2
0 0.7115172197 0.4952006606 0.0177207690 0.0526698398 0.7117599150 0.4873896071 2 0.7111331193 0.5155576878 2
0 0.6402455028 0.2856630180 0.0188566375 0.0646634888 0.6377761282 0.2763477429 2 0.6416039685 0.3070876018 2
0 0.6746625919 0.1815491436 0.0206243111 0.0521654613 0.6704722001 0.1611922144 2 0.6742989277 0.1990542428 2
0 0.2320423988 0.7872508057 0.0138273070 0.0594975563 0.2302265377 0.7761543599 2 0.2292875016 0.8046909638 2
0 0.2521316235 0.8124026081 0.0199642811 0.0565435238 0.2521006941 0.8246569048 2 0.2457411046 0.8008971050 2
0 0.2658980605 0.7619626926 0.0157631855 0.0697485807 0.2618418625 0.7362244006 2 0.2676288402 0.7729452218 2
0 0.2847047444 0.8353859683 0.0166990879 0.0491174353 0.2817425385 0.8180947964 2 0.2873714467 0.8549954163 2
0 0.3580863641 0.8608315585 0.0256241468 0.0429202164 0.3578805503 0.8500942174 2 0.3552522310 0.8743233718 2
0 0.7015392805 0.7882496789 0.0187265918 0.0640865585 0.7004302705 0.8045868551 2 0.7039494549 0.7665048594 2
0 0.7187159373 0.7509020001 0.0168903103 0.0464897482 0.7200352495 0.7390743451 2 0.7190274842 0.7653185578 2
0 0.7709137938 0.6880094361 0.0305823224 0.0367546968 0.7585623287 0.6785232246 2 0.7816768747 0.6920803981 2
0 0.8092494308 0.6514501031 0.0273485483 0.0268992051 0.8185210834 0.6523951748 2 0.8023557593 0.6536514963 2
0 0.2514514071 0.5396396396 0.0225476363 0.0588588589 0.2537985001 0.5204180751 2 0.2578756309 0.5626385639 2
0 0.3348628813 0.6275797104 0.0293746161 0.0603919260 0.3411813721 0.6496396813 2 0.3300921832 0.6122151431 2
0 0.2875285290 0.5548056780 0.0266238132 0.0647362870 0.2917089948 0.5831236820 2 0.2857447242 0.5427223857 2
0 0.3077683904 0.5200662812 0.0150266661 0.0567740032 0.3087981708 0.4967060441 2 0.3055326135 0.5381539581 2
0 0.0596808584 0.6185691382 0.0113788549 0.0449241645 0.0596324664 0.6067584305 2 0.0564147445 0.6332629248 2
0 0.0652291967 0.6451734175 0.0185873791 0.0491482002 0.0578174529 0.6255767200 2 0.0683917878 0.6535353283 2
0 0.0563150053 0.6838836027 0.0134961155 0.0450456074 0.0557968563 0.6741441153 2 0.0554109429 0.6957491816 2
0 0.1312572047 0.5990380014 0.0154281089 0.0602370547 0.1330740249 0.6223197765 2 0.1277527868 0.5829458103 2
0 0.1561534162 0.7079403339 0.0132882883 0.0558699149 0.1561469524 0.6934890919 2 0.1518604077 0.7236057269 2
0 0.1834075093 0.7633390895 0.0218330958 0.0456386633 0.1900077627 0.7474662878 2 0.1781307655 0.7803974117 2
0 0.1885741793 0.8798829101 0.0181907533 0.0330829330 0.1834125608 0.8918270285 2 0.1921800296 0.8680960621 2
0 0.3772841557 0.9316926108 0.0271884453 0.0382973599 0.3856233507 0.9405223125 2 0.3737258212 0.9279249770 2
0 0.2971260385 0.9559323107 0.0344641392 0.0305833402 0.3070289126 0.9646950836 2 0.2929004822 0.9521932356 2
0 0.3076799588 0.9769766958 0.0237166591 0.0386392010 0.3118135212 0.9749427534 2 0.3008591211 0.9856687331 2
0 0.4957978220 0.8871527778 0.0288825758 0.0471380471 0.4999586969 0.8961682294 2 0.4887649183 0.8691578883 2
0 0.5109490046 0.9342921046 0.0392999074 0.0404014810 0.5219875057 0.9427355877 2 0.4983770962 0.9206116305 2
0 0.4997208409 0.9811311311 0.0219547145 0.0377377377 0.4911375120 0.9993603150 2 0.5033833474 0.9738955073 2
0 0.4740405785 0.9752301459 0.0224719101 0.0495397082 0.4735987612 0.9668990396 2 0.4764890911 0.9980901343 2
0 0.4225165652 0.9603868267 0.0267574497 0.0792263466 0.4246747515 0.9382128653 2 0.4232692346 0.9859638892 2
0 0.3911490157 0.9800823028 0.0127521512 0.0350497098 0.3913709269 0.9670045814 2 0.3914334435 0.9939006044 2
0 0.2615872039 0.9223620221 0.0157610867 0.0457869048 0.2594864982 0.9060489797 2 0.2637874581 0.9348115514 2
0 0.1507986353 0.8743485551 0.0277442744 0.0278266046 0.1571328102 0.8820327609 2 0.1471571344 0.8763635036 2
0 0.6238819537 0.0898255920 0.0301786109 0.0295945581 0.6209537706 0.0851646585 2 0.6334307157 0.0889770584 2
0 0.6376364953 0.0626685674 0.0359882706 0.0324442420 0.6507670995 0.0660679349 2 0.6239153860 0.0542888283 2
0 0.6669808209 0.1031431066 0.0204711440 0.0682474445 0.6739062255 0.1292312427 2 0.6640491837 0.0852006333 2
0 0.6862185733 0.1116671315 0.0168539326 0.0624219725 0.6825142391 0.0923417551 2 0.6910236629 0.1352634849 2
0 0.6998400964 0.1615185410 0.0317387261 0.0361501951 0.6878417098 0.1488421094 2 0.7116252513 0.1719268573 2
0 0.7142975314 0.1102627909 0.0289499823 0.0241291854 0.7036339139 0.1041006587 2 0.7252341914 0.1165066535 2
0 0.7225538390 0.1361839367 0.0313670412 0.0482729921 0.7340235187 0.1493094371 2 0.7176597266 0.1305832858 2
0 0.7365427928 0.1766766767 0.0335585586 0.0280280280 0.7333950520 0.1667011973 2 0.7504127965 0.1840441216 2
0 0.7429617117 0.2170302325 0.0265765766 0.0482218173 0.7350608457 0.2165558519 2 0.7491388772 0.2100135250 2
0 0.7854815138 0.1871810012 0.0234082397 0.0424469413 0.7825296513 0.1691752826 2 0.7937787214 0.2012447034 2
0 0.7838125696 0.2222947667 0.0266853933 0.0607573866 0.7777119611 0.2122527776 2 0.7893167251 0.2377832584 2
0 0.8068773674 0.2478873969 0.0222537879 0.0668304251 0.7983088090 0.2393946001 2 0.8121796441 0.2671933338 2
0 0.8215706929 0.1940282980 0.0262172285 0.0624219725 0.8115404410 0.1845060327 2 0.8304677316 0.2112658766 2
0 0.8295733057 0.2320320320 0.0275651002 0.0392392392 0.8213882541 0.2207166079 2 0.8363777768 0.2430343416 2
0 0.8584735833 0.2456313486 0.0170181893 0.0557618554 0.8592927453 0.2354683008 2 0.8585968381 0.2721537320 2
0 0.8500561481 0.1052167336 0.0185813974 0.0490259923 0.8438705491 0.0879577531 2 0.8526955433 0.1125811406 2
0 0.7957563039 0.0411702749 0.0149812734 0.0457761132 0.7951315789 0.0417230494 2 0.7971766143 0.0242374561 2
0 0.8189040156 0.0408424804 0.0274381810 0.0258889051 0.8093290121 0.0356487996 2 0.8284719291 0.0473078602 2
0 0.8153470869 0.0779350779 0.0334950155 0.0309452309 0.8219637929 0.0699308234 2 0.8125237384 0.0813504934 2
0 0.8826059250 0.1809260367 0.0189097717 0.0335237450 0.8877126555 0.1947367951 2 0.8801089835 0.1704050447 2
0 0.8086488703 0.3264414983 0.0223640285 0.0576599327 0.8130098899 0.3396719565 2 0.8067880233 0.3207960618 2
0 0.8240029209 0.3120699242 0.0186228079 0.0484437142 0.8214401347 0.3203070005 2 0.8291402777 0.3038575220 2
0 0.8305750887 0.3417682055 0.0273002484 0.0486350863 0.8277498304 0.3442311869 2 0.8393894712 0.3282523278 2
0 0.8535472973 0.2993993994 0.0211711712 0.0252252252 0.8619555893 0.3003907008 2 0.8499594791 0.2989764111 2
0 0.5604237821 0.9100994787 0.0217200034 0.0714927342 0.5627562454 0.8897865601 2 0.5569527712 0.9340902070 2
0 0.5977779229 0.9856639310 0.0204716164 0.0286721380 0.6042553116 0.9785623078 2 0.5950140211 0.9887477484 2
0 0.6156971425 0.9356821310 0.0180138590 0.0317291724 0.6204345729 0.9449827110 2 0.6136756809 0.9317135735 2
0 0.6293417540 0.9159268819 0.0176678434 0.0522741843 0.6311767501 0.9032932145 2 0.6265589383 0.9334684652 2
0 0.6362617358 0.9674674675 0.0150891411 0.0488488488 0.6327218707 0.9872506196 2 0.6422065552 0.9551643516 2
0 0.7416103604 0.8851851852 0.0230855856 0.0404404404 0.7348078051 0.8692321524 2 0.7478938243 0.8937779205 2
0 0.6740616143 0.8714493988 0.0336335282 0.0259318307 0.6641714450 0.8811228065 2 0.6837258219 0.8697281573 2
0 0.7268584280 0.7806712963 0.0168087121 0.0340909091 0.7255976038 0.7925452352 2 0.7273964217 0.7756046866 2
0 0.7152207740 0.8429429429 0.0283422359 0.0272272272 0.7084428052 0.8525622794 2 0.7259278408 0.8328699996 2
0 0.7559403153 0.8173173173 0.0168355856 0.0528528529 0.7580550059 0.8379694125 2 0.7550379769 0.8085050683 2
0 0.7698253596 0.9459666323 0.0252167051 0.0317691233 0.7771525391 0.9358579154 2 0.7666988520 0.9502800219 2
0 0.7962197275 0.8579610509 0.0316596442 0.0348286489 0.7867911897 0.8501349530 2 0.8033679172 0.8609265123 2
0 0.7897073499 0.9121082730 0.0248703381 0.0282359064 0.7813473058 0.9062429706 2 0.7913812288 0.9227818292 2
0 0.8021135426 0.7987580277 0.0266287706 0.0395209817 0.8086182538 0.7949099321 2 0.7924083647 0.8091683508 2
0 0.7833337440 0.7391465117 0.0220216054 0.0659214518 0.7894115532 0.7288106100 2 0.7809484262 0.7573504576 2
0 0.8024845948 0.7323393618 0.0187920716 0.0604464015 0.8052137723 0.7156781169 2 0.8013751966 0.7533929769 2
0 0.8153942390 0.7417960596 0.0176349453 0.0391306035 0.8217739884 0.7549270677 2 0.8126720000 0.7361930585 2
0 0.7878769598 0.6662557384 0.0124436937 0.0377101821 0.7839845147 0.6566617303 2 0.7899267495 0.6793902781 2
0 0.8176948749 0.7025955665 0.0199132805 0.0517609983 0.8197808671 0.7217225296 2 0.8117377951 0.6854722549 2
0 0.7977302314 0.5991071363 0.0271444642 0.0318479063 0.7889450431 0.5895176182 2 0.8069384303 0.6106053660 2
0 0.7703379983 0.6191509801 0.0136394797 0.0603993385 0.7707445753 0.6112190806 2 0.7713964023 0.6407009308 2
0 0.7483558875 0.5850836792 0.0292568200 0.0432404314 0.7537011990 0.5839934917 2 0.7405381136 0.5911512881 2
0 0.7372864289 0.5136274792 0.0209226377 0.0598571538 0.7391098534 0.4950961515 2 0.7342110046 0.5240592904 2
0 0.6879563025 0.5195962817 0.0275783860 0.0414881173 0.6766462333 0.5340466845 2 0.6927823090 0.5134302948 2
0 0.7685881985 0.5218727154 0.0185668463 0.0489472619 0.7687267149 0.5320652140 2 0.7643685240 0.5067190088 2
0 0.7953550511 0.4997355118 0.0126426637 0.0461995704 0.7996234635 0.4834715374 2 0.7934465261 0.5195526959 2
0 0.7802584603 0.4430251419 0.0220940892 0.0462287105 0.7730616423 0.4263584753 2 0.7856440534 0.4606964393 2
0 0.7432681021 0.3258278885 0.0189647322 0.0463707167 0.7409974624 0.3411916327 2 0.7436361431 0.3124559594 2
0 0.6489525452 0.2474737364 0.0279946730 0.0440440440 0.6424167571 0.2323424761 2 0.6589262632 0.2635621508 2
0 0.6969893524 0.1937597710 0.0158185925 0.0419098874 0.6975665421 0.2062224481 2 0.6915892902 0.1775828391 2
0 0.7693837623 0.3827189549 0.0164126556 0.0479203923 0.7722151912 0.3758156522 2 0.7665877141 0.3979859526 2
0 0.8499414443 0.4136136136 0.0172342284 0.0516516517 0.8557108602 0.3952110685 2 0.8472018206 0.4296308873 2
0 0.8403524263 0.4407612158 0.0163851351 0.0402402402 0.8450674413 0.4293279319 2 0.8388469010 0.4491406138 2
0 0.8488175676 0.3510569558 0.0220720721 0.0486368391 0.8443616509 0.3343478482 2 0.8436590170 0.3698552180 2
0 0.8726639899 0.3485526028 0.0188640158 0.0458377373 0.8670850056 0.3337779094 2 0.8750445425 0.3548569645 2
0 0.8641330410 0.4292868711 0.0139636476 0.0535383698 0.8688133004 0.4090759093 2 0.8615893379 0.4486161315 2
0 0.8485155794 0.5422843565 0.0142957916 0.0563771637 0.8490882471 0.5291376614 2 0.8441989300 0.5540240155 2
0 0.8652768815 0.5254706954 0.0143786694 0.0461557063 0.8697429138 0.5180379811 2 0.8644225332 0.5346900822 2
0 0.8985277577 0.5225383643 0.0205120521 0.0456773291 0.8917647879 0.5070398681 2 0.9039664727 0.5394172619 2
0 0.8573370866 0.5781453328 0.0181620010 0.0417073323 0.8551254236 0.5878923860 2 0.8582808032 0.5739862653 2
0 0.8903671727 0.5770365050 0.0148821047 0.0386567286 0.8886658102 0.5737647938 2 0.8909731542 0.5913211179 2
0 0.8978581366 0.6111522667 0.0155449881 0.0435257547 0.8972117704 0.6008176712 2 0.8980211302 0.6215090316 2
0 0.9000162097 0.6518703673 0.0257927970 0.0405076096 0.9107320779 0.6401891831 2 0.9012542256 0.6609931762 2
0 0.8639232935 0.6265323101 0.0276582792 0.0340821341 0.8719599175 0.6402244880 2 0.8574875621 0.6146546749 2
0 0.8601539606 0.6558928779 0.0175675676 0.0393893894 0.8572081490 0.6691107265 2 0.8614109384 0.6502528220 2
0 0.8727167876 0.6487227703 0.0149812734 0.0524344569 0.8689460739 0.6643151220 2 0.8773336953 0.6315992257 2
0 0.8825143376 0.6730933901 0.0188463495 0.0640082513 0.8872717210 0.6625140976 2 0.8812202509 0.6918557408 2
0 0.9156445736 0.6535696408 0.0214206430 0.0358418114 0.9115911612 0.6439945830 2 0.9206619082 0.6613373950 2
0 0.9254539421 0.6175645549 0.0152071267 0.0399481335 0.9225661372 0.6094358898 2 0.9235730607 0.6311394597 2
0 0.8473568561 0.7401016815 0.0236941345 0.0262969018 0.8561549107 0.7319693278 2 0.8436027262 0.7435717568 2
0 0.8823330966 0.7720426616 0.0228338068 0.0298807777 0.8798055910 0.7794063202 2 0.8890773830 0.7653283646 2
0 0.8429343216 0.7879889046 0.0134525178 0.0618288287 0.8405803758 0.7998140617 2 0.8431906145 0.7680598670 2
0 0.8352925081 0.8538873143 0.0219825514 0.0515183723 0.8440940490 0.8357981976 2 0.8274793300 0.8739599549 2
0 0.8642400147 0.8133955123 0.0201086791 0.0197350635 0.8703375856 0.8079558051 2 0.8616381813 0.8157166354 2
0 0.8240590837 0.8352979384 0.0124674183 0.0449196387 0.8236075840 0.8477023174 2 0.8242517386 0.8300049899 2
0 0.8670477153 0.4646997850 0.0238354406 0.0355653949 0.8612575614 0.4725585900 2 0.8763983989 0.4514246542 2
0 0.8853451766 0.4189618883 0.0155990611 0.0529580142 0.8825444820 0.3960478817 2 0.8882906008 0.4385311783 2
0 0.9014631731 0.3922526459 0.0108123924 0.0605397532 0.9028049227 0.3755656698 2 0.8994034410 0.4053730186 2
0 0.9144857463 0.3814485834 0.0125300511 0.0571914611 0.9129852412 0.3596158160 2 0.9152204782 0.4028249844 2
0 0.0244079159 0.4917624312 0.0183678665 0.0414543703 0.0247312213 0.4989870341 2 0.0254837248 0.4803360865 2
0 0.9070732686 0.2667625491 0.0208759854 0.0566650921 0.9109085785 0.2552323092 2 0.9032363698 0.2778406227 2
0 0.9200521624 0.2730362385 0.0118385591 0.0473209164 0.9210824176 0.2611979753 2 0.9213667788 0.2923301571 2
0 0.9289385228 0.2394929526 0.0217400714 0.0279348541 0.9379940771 0.2448808848 2 0.9203688900 0.2342698824 2
0 0.9301561931 0.3261064696 0.0283137399 0.0265873136 0.9414012107 0.3253649452 2 0.9253579441 0.3264228781 2
0 0.9274142873 0.3566933574 0.0213213171 0.0326450313 0.9221850972 0.3450625258 2 0.9310703375 0.3664009588 2
0 0.9532162075 0.3710637604 0.0146261435 0.0458104172 0.9534335171 0.3815752678 2 0.9556627681 0.3586311709 2
0 0.9043240396 0.4627627628 0.0154510198 0.0452452452 0.9039553482 0.4451063627 2 0.9061664625 0.4789058668 2
0 0.9221876771 0.4484484484 0.0158113340 0.0450450450 0.9225939309 0.4325909101 2 0.9239628370 0.4650937015 2
0 0.9465026758 0.4819549320 0.0129064449 0.0478444479 0.9424118587 0.4931362363 2 0.9482482275 0.4771838694 2
0 0.9485223508 0.5182528034 0.0157931363 0.0369060071 0.9539800086 0.5036135302 2 0.9461935682 0.5244993812 2
0 0.9410287921 0.5498911833 0.0179424157 0.0583757915 0.9453325254 0.5352873244 2 0.9371338276 0.5665069753 2
0 0.9005040105 0.7748843583 0.0158173272 0.0624450293 0.9008718240 0.7865623209 2 0.9020521750 0.7587324055 2
0 0.9073245162 0.8331386671 0.0165933642 0.0439469746 0.9050282319 0.8424764665 2 0.9109601565 0.8171080941 2
0 0.8917248530 0.8803803804 0.0259046610 0.0332332332 0.8938947889 0.8734770084 2 0.8845103252 0.8794014388 2
0 0.8559722621 0.9756803767 0.0182584270 0.0486392466 0.8603128763 0.9567568124 2 0.8556299816 0.9958552665 2
0 0.8879777553 0.9330112783 0.0176050955 0.0344779439 0.8954815292 0.9281091357 2 0.8809812083 0.9375666883 2
0 0.9656363046 0.5749611972 0.0205291925 0.0402677959 0.9617674755 0.5695021420 2 0.9718421157 0.5894993072 2
0 0.9675866298 0.5439153026 0.0222856821 0.0286254146 0.9608574132 0.5396700904 2 0.9704579865 0.5457267346 2
0 0.9365872988 0.6414861259 0.0164650421 0.0505612818 0.9322704815 0.6382799054 2 0.9416708352 0.6563068479 2
0 0.9738738739 0.6749138198 0.0130630631 0.0373595477 0.9794417092 0.6600034626 2 0.9714980786 0.6812760692 2
0 0.9296603871 0.6901762616 0.0209720185 0.0304025733 0.9367980187 0.7025721495 2 0.9266147598 0.6848869363 2
0 0.9285246618 0.7311716087 0.0168399066 0.0433442883 0.9304767634 0.7451646756 2 0.9276917001 0.7252007670 2
0 0.9874365763 0.4977581514 0.0143160365 0.0473265400 0.9843652498 0.4792895517 2 0.9904642036 0.5138403364 2
0 0.9402917947 0.1586874831 0.0234082397 0.0307948398 0.9486812594 0.1643369674 2 0.9349962097 0.1503578865 2
0 0.9632139300 0.2409659003 0.0100456802 0.0338832846 0.9635798035 0.2311949735 2 0.9626899358 0.2506102681 2
0 0.9638711218 0.1927925116 0.0149379365 0.0482476859 0.9618674497 0.1833846224 2 0.9650842604 0.2050919854 2
0 0.9729804040 0.3530530531 0.0169896425 0.0356356356 0.9728151695 0.3418692716 2 0.9759978527 0.3591123211 2
0 0.6997632127 0.4023488330 0.0260838439 0.0353373967 0.7092091991 0.3902087274 2 0.6957326104 0.4075290161 2
0 0.6156564296 0.5728348499 0.0296246408 0.0496048851 0.6086499682 0.5545298894 2 0.6186460867 0.5806455766 2
0 0.1696129866 0.8928106458 0.0114051095 0.0400072566 0.1662364082 0.8814435586 2 0.1706302442 0.9072546919 2
0 0.1907519569 0.9463421835 0.0220468770 0.0502731891 0.1862892423 0.9331251999 2 0.1967030897 0.9625721443 2
0 0.2017128674 0.9167342525 0.0235435475 0.0283860503 0.1934969602 0.9067348207 2 0.2052185950 0.9210010100 2
0 0.2632671734 0.1811186186 0.0302083333 0.0333333333 0.2532231383 0.1889086582 2 0.2703155226 0.1733455569 2
0 0.2045396959 0.1750437938 0.0247043919 0.0399024024 0.1965570494 0.1761601192 2 0.2096433552 0.1727841350 2
0 0.2142355041 0.1353276353 0.0302083333 0.0379629630 0.2112254778 0.1237357187 2 0.2174166108 0.1485502191 2
0 0.2889358108 0.0913851351 0.0218750000 0.0486111111 0.2832196208 0.0757165113 2 0.2925044255 0.1079038344 2
0 0.4047772989 0.0872206258 0.0178879310 0.0605523627 0.4031299432 0.1023998386 2 0.4069305320 0.0679600398 2
0 0.3794270833 0.0671296296 0.0213541667 0.0555555556 0.3817957255 0.0499300446 2 0.3772859631 0.0843575112 2
0 0.1698561722 0.3003604120 0.0149375697 0.0583382351 0.1725833241 0.2852707174 2 0.1689340086 0.3231559040 2
0 0.1894061426 0.4496945399 0.0242697595 0.0294005346 0.1961446068 0.4461253136 2 0.1817207188 0.4529540142 2
0 0.2678358256 0.3103731763 0.0352327048 0.0324677331 0.2556810733 0.3196146287 2 0.2792738144 0.3000457913 2
0 0.4401578608 0.3660748377 0.0216924399 0.0706376480 0.4429885284 0.3783854567 2 0.4418911665 0.3430066687 2
0 0.7161074427 0.9255299333 0.0289593571 0.0304580148 0.7249161473 0.9135147895 2 0.7050593796 0.9358799701 2
0 0.7490282083 0.9362465558 0.0239573175 0.0312518704 0.7542708355 0.9680019813 2 0.7376652326 0.9644885360 2
0 0.7261329467 0.9461626575 0.0268470790 0.0393279878 0.7333337983 0.9394955954 2 0.7181225806 0.9621976597 2
0 0.8863026203 0.8289423444 0.0201890034 0.0431462390 0.8844503327 0.8148520574 2 0.8855898029 0.8386594049 2
0 0.8247604927 0.3903548744 0.0237226277 0.0445132844 0.8208071431 0.3983015159 2 0.8341979709 0.3748734715 2
0 0.7790216924 0.4107483772 0.0154639175 0.0481099656 0.7777357774 0.3938118724 2 0.7784736888 0.4244421561 2
0 0.7913713488 0.4031118748 0.0161082474 0.0465826651 0.7945675300 0.3877016332 2 0.7914566418 0.4223025092 2
0 0.7964185997 0.3708476518 0.0214776632 0.0355097365 0.7900911546 0.3633206728 2 0.7974572337 0.3814071261 2
0 0.7775799969 0.2871074330 0.0261463126 0.0355949438 0.7875815442 0.2979944095 2 0.7733123366 0.2824619602 2
0 0.7202870744 0.2687778360 0.0447572299 0.0408589754 0.7118965394 0.2569967466 2 0.7366171024 0.2806793533 2
0 0.7609804553 0.3257922871 0.0244845361 0.0614738450 0.7628502632 0.3438117427 2 0.7537795996 0.3125007860 2
0 0.7479583885 0.1400170789 0.0174841239 0.0476935699 0.7420829096 0.1237479468 2 0.7491985415 0.1525183336 2
0 0.7618915929 0.8996640446 0.0156710914 0.0596525729 0.7610944396 0.9093006190 2 0.7643995292 0.8753725851 2
0 0.7508421032 0.9656261350 0.0287211991 0.0293082906 0.7575998154 0.9620874065 2 0.7378867480 0.9568815008 2
0 0.6234393047 0.1537700093 0.0195868946 0.0696422919 0.6255226985 0.1316180851 2 0.6226960668 0.1718190685 2
0 0.5723161727 0.1459059523 0.0189566697 0.0414162098 0.5657053487 0.1425764828 2 0.5758544377 0.1578702445 2
0 0.7636824324 0.2018391757 0.0171171171 0.0539563826 0.7665646484 0.1812413953 2 0.7578581280 0.2176550831 2
0 0.8004150585 0.5187617094 0.0146558746 0.0395225771 0.8000970462 0.5326952631 2 0.8005507543 0.5128162620 2
0 0.8175411533 0.4436247908 0.0167879585 0.0580197836 0.8216454666 0.4318188976 2 0.8158274811 0.4574303471 2
0 0.8323637713 0.5036693662 0.0233643135 0.0434287996 0.8395300349 0.5051483206 2 0.8262479962 0.5078164471 2
0 0.7957419113 0.5640829001 0.0238314928 0.0309933590 0.7875794710 0.5596055194 2 0.8058995462 0.5718253379 2
0 0.1923303091 0.6039426523 0.0198252688 0.0657108722 0.1929072792 0.5905717728 2 0.1911815321 0.6279455286 2
0 0.4792382312 0.1048269579 0.0225530389 0.0482536267 0.4827760493 0.0970564036 2 0.4743303368 0.1230674842 2
0 0.8902858209 0.5487345409 0.0157115020 0.0288987633 0.8888112304 0.5546295942 2 0.8909150288 0.5462191217 2
0 0.8212056792 0.5550055458 0.0258900406 0.0292157265 0.8161559139 0.5542689523 2 0.8303459716 0.5552609974 2
0 0.8388756654 0.7094503595 0.0159909910 0.0636636637 0.8367503739 0.6937938540 2 0.8409372358 0.7348671854 2
0 0.8872768481 0.7288575397 0.0281490066 0.0266840484 0.8821816597 0.7233861871 2 0.8990019640 0.7372869311 2
0 0.4833333333 0.4770833333 0.0315104167 0.0439814815 0.4758681956 0.4595467443 2 0.4905691364 0.4912821087 2
0 0.8058558559 0.1459602460 0.0159909910 0.0572858573 0.8056567858 0.1681013757 2 0.8045626162 0.1260366333 2
0 0.1453828829 0.2018018018 0.0222972973 0.0344344344 0.1481455628 0.1873410932 2 0.1444459804 0.2114568898 2
0 0.8980186448 0.2113989902 0.0171090000 0.0505732009 0.8943419531 0.1966005332 2 0.9012243947 0.2260085490 2
0 0.8778716216 0.2071071071 0.0229729730 0.0248248248 0.8691128047 0.2007833415 2 0.8851404602 0.2146344018 2
0 0.9309121622 0.2929929930 0.0168918919 0.0388388388 0.9244684838 0.2768475096 2 0.9336616797 0.2998822707 2
0 0.9524789673 0.2684629885 0.0181336103 0.0254363853 0.9486880535 0.2643668236 2 0.9579019321 0.2781862519 2
0 0.9024774775 0.6878878879 0.0225225225 0.0432432432 0.9094623397 0.6765190997 2 0.8965589340 0.7009306080 2
0 0.7699887387 0.5601601602 0.0355855856 0.0300300300 0.7843517064 0.5625097710 2 0.7590647915 0.5562167415 2
0 0.7459459459 0.6138138138 0.0290540541 0.0304304304 0.7378724333 0.6192463431 2 0.7493909138 0.6114957536 2
0 0.7225799486 0.6718233859 0.0149490044 0.0497665279 0.7189933279 0.6551486418 2 0.7241103596 0.6789384992 2
0 0.8584104883 0.7188187856 0.0148648649 0.0320320320 0.8590968325 0.7095817047 2 0.8567260407 0.7257608720 2
0 0.8242278678 0.7766006063 0.0306399084 0.0352878447 0.8192756035 0.7826436201 2 0.8323391303 0.7683924999 2
0 0.7994369369 0.6789789790 0.0200450450 0.0508508509 0.8060661189 0.6682001526 2 0.7937941737 0.6977696202 2
0 0.7138513514 0.8891891892 0.0292792793 0.0296296296 0.7264255535 0.8831922879 2 0.7053361501 0.8969786841 2
0 0.6670448147 0.9519973098 0.0271793100 0.0286789631 0.6747666884 0.9492157356 2 0.6637498912 0.9531842075 2
0 0.4696965213 0.9169161863 0.0362612613 0.0460460460 0.4592678950 0.8979428555 2 0.4808185154 0.9289242758 2
0 0.2885715152 0.7234749348 0.0156565439 0.0549520323 0.2920831492 0.7071619249 2 0.2870975818 0.7440143065 2
0 0.1921923981 0.3797370254 0.0390804598 0.0342273308 0.2045577787 0.3781881559 2 0.1789333171 0.3817786661 2
0 0.4739921537 0.5596440596 0.0321969697 0.0278980279 0.4728440447 0.5586492462 2 0.4834515735 0.5692323675 2
0 0.2013952251 0.8837523655 0.0132299270 0.0337929170 0.1996051715 0.8734337643 2 0.2023483359 0.8942316122 2
0 0.3565427311 0.9409299811 0.0179440389 0.0400108137 0.3595976998 0.9543563603 2 0.3536750464 0.9297317083 2
0 0.4243651156 0.8511759935 0.0374087591 0.0297377670 0.4091357874 0.8639130417 2 0.4308634699 0.8457410951 2
0 0.4343255779 0.8971343606 0.0284367397 0.0421735604 0.4429566833 0.8901639088 2 0.4290614260 0.9059163423 2
0 0.2634770377 0.8488104893 0.0202250608 0.0473100838 0.2684001981 0.8339628340 2 0.2599286609 0.8616741734 2
0 0.6548828125 0.6162037037 0.0231770833 0.0287037037 0.6487411849 0.6058857606 2 0.6575034450 0.6206063700 2
0 0.5446614583 0.5057870370 0.0229166667 0.0375000000 0.5446297131 0.4922673002 2 0.5420332838 0.5169383528 2
0 0.5794921875 0.0497685185 0.0440104167 0.0319444444 0.5637075729 0.0389357534 2 0.5956918874 0.0576367057 2
0 0.5856770833 0.0831018519 0.0304687500 0.0375000000 0.5815397892 0.0972752476 2 0.5951208212 0.0757555448 2
0 0.5527343750 0.0671296296 0.0406250000 0.0407407407 0.5373766554 0.0550358886 2 0.5592875140 0.0722900289 2
0 0.5082682292 0.0310185185 0.0361979167 0.0518518519 0.4976239839 0.0107045232 2 0.5135248775 0.0472869712 2
0 0.5897253788 0.6808186027 0.0295928030 0.0399831650 0.5889568835 0.6890447052 2 0.5997578743 0.6701827980 2
0 0.1162405303 0.1548295455 0.0255681818 0.0227272727 0.1245782681 0.1510240486 2 0.1126828176 0.1564533510 2
0 0.8609730114 0.1952335859 0.0220170455 0.0399831650 0.8560819892 0.1864189611 2 0.8656280547 0.2049171147 2
0 0.8145714962 0.4937394781 0.0160984848 0.0513468013 0.8149373416 0.5094442765 2 0.8144153900 0.4870382406 2
0 0.8480304119 0.6403788846 0.0148467433 0.0608769689 0.8463632329 0.6269580452 2 0.8487417971 0.6461055568 2
0 0.3782216223 0.6243460739 0.0258187373 0.0900999558 0.0000000000 0.0000000000 0 0.0000000000 0.0000000000 0
0 0.8938714818 0.3750695383 0.0273037107 0.0516218305 0.8911360201 0.3667565831 2 0.8976583563 0.3869756191 2
0 0.8146074181 0.9632127310 0.0210741811 0.0438878185 0.8177486717 0.9510319727 2 0.8131834879 0.9687342688 2
0 0.9587146757 0.8815028902 0.0134473346 0.0396060801 0.0000000000 0.0000000000 0 0.0000000000 0.0000000000 0
0 0.9547005459 0.7887318918 0.0154543995 0.0317562264 0.0000000000 0.0000000000 0 0.0000000000 0.0000000000 0
0 0.9465719332 0.7220081353 0.0120423892 0.0410333262 0.0000000000 0.0000000000 0 0.0000000000 0.0000000000 0
0 0.5359264611 0.7867694284 0.0285003211 0.0406765147 0.0000000000 0.0000000000 0 0.0000000000 0.0000000000 0
0 0.4043633590 0.7514450867 0.0202713552 0.0513808606 0.0000000000 0.0000000000 0 0.0000000000 0.0000000000 0
0 0.6111683455 0.5064441731 0.0160256410 0.0505358839 0.0000000000 0.0000000000 0 0.0000000000 0.0000000000 0
0 0.5328525641 0.9821258988 0.0171703297 0.0325600326 0.0000000000 0.0000000000 0 0.0000000000 0.0000000000 0
0 0.6487522894 0.8878374712 0.0190781441 0.0332383666 0.0000000000 0.0000000000 0 0.0000000000 0.0000000000 0
0 0.6520909646 0.9395604396 0.0114468864 0.0369692036 0.6542451618 0.9308752280 2 0.6493641348 0.9451587409 2
0 0.6801358364 0.9863654864 0.0194597070 0.0227241894 0.0000000000 0.0000000000 0 0.0000000000 0.0000000000 0
0 0.6519955739 0.9833129833 0.0173611111 0.0227241894 0.0000000000 0.0000000000 0 0.0000000000 0.0000000000 0
0 0.7605502137 0.9883954009 0.0202228327 0.0213573464 0.0000000000 0.0000000000 0 0.0000000000 0.0000000000 0
0 0.7858287546 0.8929249763 0.0124007937 0.0210283544 0.7902270336 0.8863651033 2 0.7838350147 0.8958985667 2
0 0.8320932540 0.9877221544 0.0124007937 0.0179758513 0.0000000000 0.0000000000 0 0.0000000000 0.0000000000 0
0 0.7980387668 0.9775471442 0.0158348596 0.0369692036 0.0000000000 0.0000000000 0 0.0000000000 0.0000000000 0
0 0.9112675519 0.9259937593 0.0171703297 0.0267941935 0.0000000000 0.0000000000 0 0.0000000000 0.0000000000 0
0 0.8985805861 0.9746642247 0.0135454823 0.0250983584 0.0000000000 0.0000000000 0 0.0000000000 0.0000000000 0
0 0.9009653541 0.9012345679 0.0133547009 0.0234025234 0.0000000000 0.0000000000 0 0.0000000000 0.0000000000 0
0 0.9607753358 0.9427825261 0.0124007937 0.0288291955 0.9577619564 0.9502334520 2 0.9621413007 0.9394050214 2
0 0.9594398657 0.6907814408 0.0108745421 0.0393433727 0.9615978874 0.6761677483 2 0.9584616344 0.6974058276 2
0 0.9604891636 0.6432980600 0.0114468864 0.0366300366 0.0000000000 0.0000000000 0 0.0000000000 0.0000000000 0
0 0.9535256410 0.6159951160 0.0143086081 0.0349342016 0.0000000000 0.0000000000 0 0.0000000000 0.0000000000 0
0 0.9884386447 0.5803825804 0.0169795482 0.0291683625 0.9856351119 0.5727435734 2 0.9897094861 0.5838453422 2
0 0.9533348596 0.4223307557 0.0173611111 0.0295075295 0.0000000000 0.0000000000 0 0.0000000000 0.0000000000 0
0 0.9372138278 0.4272486772 0.0129731380 0.0386650387 0.0000000000 0.0000000000 0 0.0000000000 0.0000000000 0
0 0.9312042125 0.3977411477 0.0146901709 0.0312033645 0.0000000000 0.0000000000 0 0.0000000000 0.0000000000 0
0 0.9658310440 0.3868878036 0.0099206349 0.0312033645 0.0000000000 0.0000000000 0 0.0000000000 0.0000000000 0
0 0.9740346459 0.4053724054 0.0122100122 0.0315425315 0.9716567871 0.3914567401 2 0.9779435800 0.4182330827 2
0 0.9854815324 0.3151539818 0.0164072039 0.0335775336 0.0000000000 0.0000000000 0 0.0000000000 0.0000000000 0
0 0.9546703297 0.3256681590 0.0139270452 0.0261158594 0.0000000000 0.0000000000 0 0.0000000000 0.0000000000 0
0 0.9542887668 0.2985347985 0.0207951770 0.0254375254 0.0000000000 0.0000000000 0 0.0000000000 0.0000000000 0
0 0.7995650183 0.4652353819 0.0139270452 0.0362908696 0.0000000000 0.0000000000 0 0.0000000000 0.0000000000 0
0 0.7669413919 0.4710012210 0.0162164225 0.0423958757 0.0000000000 0.0000000000 0 0.0000000000 0.0000000000 0
0 0.6779418498 0.4218220052 0.0144993895 0.0613892281 0.6760610031 0.4416406159 2 0.6805138814 0.3999501384 2
0 0.9831921551 0.1696513363 0.0160256410 0.0474833808 0.0000000000 0.0000000000 0 0.0000000000 0.0000000000 0
0 0.8749236874 0.0763804097 0.0148809524 0.0328991996 0.0000000000 0.0000000000 0 0.0000000000 0.0000000000 0
0 0.7433798840 0.0884208384 0.0183150183 0.0373083706 0.0000000000 0.0000000000 0 0.0000000000 0.0000000000 0
0 0.7579746642 0.1075837743 0.0173611111 0.0396825397 0.0000000000 0.0000000000 0 0.0000000000 0.0000000000 0
0 0.7732371795 0.1372608873 0.0207951770 0.0495183829 0.0000000000 0.0000000000 0 0.0000000000 0.0000000000 0
0 0.7783882784 0.0667141500 0.0265186203 0.0488400488 0.0000000000 0.0000000000 0 0.0000000000 0.0000000000 0
0 0.7238247863 0.0534866368 0.0192689255 0.0386650387 0.7201267782 0.0395787195 2 0.7255010934 0.0597910957 2
0 0.7135225885 0.0772283272 0.0204136142 0.0339167006 0.7070982101 0.0670188165 2 0.7164347593 0.0818562984 2
0 0.6991185897 0.0634920635 0.0164072039 0.0362908696 0.7013948582 0.0492192027 2 0.6973397384 0.0725504865 2
0 0.6737446581 0.0534866368 0.0183150183 0.0468050468 0.6688030249 0.0364135225 2 0.6782131581 0.0689942852 2
0 0.6527586996 0.0295753629 0.0188873626 0.0328991996 0.0000000000 0.0000000000 0 0.0000000000 0.0000000000 0
0 0.6347298535 0.0263532764 0.0175518926 0.0325600326 0.0000000000 0.0000000000 0 0.0000000000 0.0000000000 0
0 0.6171779609 0.0273707774 0.0244200244 0.0271333605 0.0000000000 0.0000000000 0 0.0000000000 0.0000000000 0
0 0.6113591270 0.0765499932 0.0154532967 0.0373083706 0.0000000000 0.0000000000 0 0.0000000000 0.0000000000 0
0 0.7170520452 0.2152692986 0.0227029915 0.0386650387 0.0000000000 0.0000000000 0 0.0000000000 0.0000000000 0
0 0.5952380952 0.1525234025 0.0164072039 0.0474833808 0.0000000000 0.0000000000 0 0.0000000000 0.0000000000 0
0 0.5838865995 0.0175349342 0.0240384615 0.0230633564 0.0000000000 0.0000000000 0 0.0000000000 0.0000000000 0
0 0.6021062271 0.1950888618 0.0139270452 0.0444308778 0.0000000000 0.0000000000 0 0.0000000000 0.0000000000 0
0 0.5945703602 0.3412698413 0.0162164225 0.0593542260 0.0000000000 0.0000000000 0 0.0000000000 0.0000000000 0
0 0.5931394994 0.2627526794 0.0179334554 0.0413783747 0.0000000000 0.0000000000 0 0.0000000000 0.0000000000 0
0 0.6848099817 0.2890381224 0.0265186203 0.0301858635 0.0000000000 0.0000000000 0 0.0000000000 0.0000000000 0
0 0.6298649267 0.4365757699 0.0211767399 0.0447700448 0.0000000000 0.0000000000 0 0.0000000000 0.0000000000 0
0 0.4588293651 0.7009564510 0.0398733211 0.0291683625 0.0000000000 0.0000000000 0 0.0000000000 0.0000000000 0
0 0.3897664835 0.6880681047 0.0379655067 0.0373083706 0.4035592713 0.6983259440 2 0.3835142128 0.6834182262 2
