0 0.3323796948 0.7942966441 0.0220070423 0.0373848026
0 0.3878863459 0.6734480960 0.0234741784 0.0617283951
0 0.4463272692 0.6695357329 0.0200508607 0.0521648409
0 0.6133362676 0.6730133890 0.0156494523 0.0591201530
0 0.5314211659 0.8025560772 0.0171165884 0.0486871848
0 0.4497505869 0.7190923318 0.0249413146 0.0417318727
0 0.4301887715 0.7399582681 0.0200508607 0.0643366371
0 0.3941955260 0.7288146922 0.0294395427 0.0420494852
0 0.3930213224 0.8051643192 0.0210289515 0.0504260129
0 0.4228530908 0.8312467397 0.0249413146 0.0521648409
0 0.4487724961 0.8382020518 0.0268974961 0.0399930447
0 0.3805026526 0.8859315753 0.0214219719 0.0662519599
0 0.4079041488 0.9049579360 0.0257808774 0.0629757989
0 0.4701034279 0.8850285787 0.0304357289 0.0506696727
0 0.5477939541 0.8591345935 0.0185632602 0.0609921917
0 0.5676616851 0.8400914415 0.0230874547 0.0646377603
0 0.4691909279 0.5536101951 0.0207860030 0.0718788970
0 0.4656445618 0.4578334203 0.0205399061 0.0530342549
0 0.6449303310 0.2693715144 0.0230864053 0.0743020620
0 0.6720217136 0.2717788211 0.0176056338 0.0634672231
0 0.4045138889 0.3682837767 0.0264084507 0.0426012867
0 0.2976574726 0.3730655538 0.0259194053 0.0678142932
0 0.3230878326 0.4026256303 0.0249413146 0.0399930447
0 0.7606724710 0.7443458238 0.0276536274 0.0416509015
0 0.7610056725 0.4106466276 0.0214733951 0.0691605789
0 0.3144468529 0.6476129308 0.0168593449 0.0542353529
0 0.3424051252 0.5947661276 0.0293427230 0.0399930447
0 0.4286230489 0.5341237463 0.0290508505 0.0395598453
0 0.3971782081 0.5873761085 0.0303208138 0.0356459746
0 0.4272544992 0.6117197009 0.0239632238 0.0530342549
0 0.4539074726 0.5969396627 0.0224960876 0.0304294905
0 0.3037705399 0.8116849244 0.0244522692 0.0426012867
0 0.2976574726 0.7556077204 0.0229851330 0.0365153886
0 0.2470412754 0.7643018605 0.0166275430 0.0469483568
0 0.2648914319 0.7525647713 0.0210289515 0.0356459746
0 0.5121587072 0.6607514797 0.0245619371 0.0540838951
0 0.7135905712 0.5825943314 0.0166275430 0.0573813250
0 0.6656641236 0.7425665102 0.0176056338 0.0539036689
0 0.8029906385 0.7421312435 0.0291522472 0.0478188902
0 0.3793687180 0.2765003362 0.0181760118 0.0522853648
0 0.2490396975 0.6727525648 0.0235586594 0.0492088332
0 0.2226268154 0.6354029407 0.0186593429 0.0447582376
0 0.2380807781 0.2698556623 0.0348959068 0.0429699481
0 0.0458576072 0.1885589220 0.0142993302 0.0480763562
0 0.6204274257 0.7682142236 0.0347222222 0.0512954269
0 0.7945275822 0.4595722483 0.0308098592 0.0512954269
0 0.6796019171 0.2191792732 0.0347222222 0.0678142932
0 0.2702709311 0.5026082420 0.0308098592 0.0382542167
0 0.2047388498 0.2422187446 0.0268974961 0.0634672231
0 0.6976965962 0.2926447574 0.0298317684 0.0582507390
0 0.7282619327 0.2574334898 0.0254303599 0.0660754651
0 0.0338174883 0.2700399930 0.0146713615 0.0565119110
0 0.5348444836 0.7173535037 0.0190727700 0.0504260129
0 0.5553843897 0.6899669623 0.0190727700 0.0321683186
0 0.5809189898 0.6871757915 0.0315794696 0.0439742573
0 0.5863584883 0.7620675038 0.0232474964 0.0474222434
0 0.6517263302 0.7782124848 0.0220070423 0.0434707007
0 0.6160260172 0.8069031473 0.0249413146 0.0295600765
0 0.6060465005 0.9320683546 0.0360975312 0.0313597262
0 0.5962196792 0.8816727526 0.0176056338 0.0347765606
0 0.6114931647 0.8969466404 0.0334812433 0.0390053456
0 0.7972173318 0.0852895149 0.0303208138 0.0695531212
0 0.7495354069 0.6577986437 0.0347222222 0.0321683186
0 0.8715522300 0.7525647713 0.0264084507 0.0408624587
0 0.6502591941 0.3930620762 0.0308098592 0.0660754651
0 0.7825459703 0.3808902800 0.0166275430 0.0625978091
0 0.1793084898 0.6934446183 0.0161384977 0.0565119110
0 0.5270378605 0.8639779385 0.0209927453 0.0562555644
0 0.4874070814 0.9842788211 0.0308098592 0.0295905060
0 0.4548855634 0.9877564771 0.0224960876 0.0226351939
0 0.8748152437 0.6518940912 0.0187290739 0.0608597273
0 0.1961805556 0.1913580247 0.0303208138 0.0330377326
0 0.1876222613 0.1517996870 0.0239632238 0.0391236307
0 0.1683049687 0.1244131455 0.0136932707 0.0660754651
0 0.2372603678 0.1300643366 0.0322769953 0.0582507390
0 0.2368363885 0.3223130443 0.0185837246 0.0582507390
0 0.1670823552 0.4873934968 0.0161384977 0.0739001913
0 0.2181875978 0.6860545992 0.0322769953 0.0399930447
0 0.2902659085 0.9044318100 0.0199390939 0.0518562549
0 0.3606711277 0.9347064478 0.0211753503 0.0608578616
0 0.0396860329 0.8473308990 0.0127151800 0.0391236307
0 0.0761199139 0.9447052686 0.0132042254 0.0443401148
0 0.1262470657 0.8777603895 0.0156494523 0.0373848026
0 0.1580350156 0.6282385672 0.0156494523 0.0512954269
0 0.1731954225 0.6434533125 0.0146713615 0.0434707007
0 0.1839384168 0.4840244242 0.0156174439 0.0702053683
0 0.2086512128 0.4652234394 0.0288536776 0.0452095288
0 0.2287020736 0.9512258738 0.0239632238 0.0521648409
0 0.2013155321 0.9707876891 0.0161384977 0.0530342549
0 0.1827318075 0.9747000522 0.0171165884 0.0486871848
0 0.3741930751 0.1465832029 0.0156494523 0.0565119110
0 0.4101379108 0.1374543558 0.0288536776 0.0539036689
0 0.4370354069 0.1357155277 0.0220070423 0.0678142932
0 0.3957110720 0.4195792036 0.0273865415 0.0373848026
0 0.2756504304 0.2278734133 0.0268974961 0.0504260129
0 0.8568808685 0.3365501652 0.0224960876 0.0730307773
0 0.1189113850 0.2974265345 0.0176056338 0.0643366371
0 0.6464654192 0.8609355492 0.0215179969 0.0512954269
0 0.7272318985 0.8973918082 0.0292388362 0.0485479781
0 0.8269420559 0.8607452483 0.0185837246 0.0599895670
0 0.8475890063 0.6838810642 0.0234741784 0.0652060511
0 0.7791226526 0.6575672975 0.0195618153 0.0339071466
0 0.7957501956 0.6412797774 0.0176056338 0.0478177708
0 0.7869473787 0.6925752043 0.0264084507 0.0373848026
0 0.7857247653 0.5608589810 0.0190727700 0.0608589810
0 0.2817634977 0.9760193879 0.0166275430 0.0461093723
0 0.3568319640 0.9847135281 0.0229851330 0.0287210920
0 0.3839739828 0.9812206573 0.0195618153 0.0356459746
0 0.4371184457 0.9177024252 0.0211950290 0.0670468971
0 0.4497505869 0.2752564771 0.0259194053 0.0547730829
0 0.4580643584 0.3861067640 0.0210289515 0.0678142932
0 0.3573210094 0.0878977569 0.0210289515 0.0504260129
0 0.4323894757 0.0357329160 0.0332550861 0.0417318727
0 0.4345901800 0.0774647887 0.0317879499 0.0365153886
0 0.1250244523 0.5825943314 0.0229851330 0.0399930447
0 0.4018241393 0.2130933751 0.0220070423 0.0608589810
0 0.4399672057 0.2157259909 0.0288586246 0.0503772654
0 0.4045138889 0.2761258911 0.0234741784 0.0599895670
0 0.3673464397 0.4174056686 0.0244522692 0.0521648409
0 0.3223542645 0.0692053556 0.0224960876 0.0565119110
0 0.2935005869 0.1396278908 0.0166275430 0.0460789428
0 0.1851770344 0.0596418014 0.0171165884 0.0512954269
0 0.1695275822 0.0309511389 0.0132042254 0.0443401148
0 0.1859106025 0.1183272474 0.0166275430 0.0417318727
0 0.2494865023 0.0735524257 0.0264084507 0.0339071466
0 0.2218554382 0.1191966615 0.0259194053 0.0625978091
0 0.1201339984 0.1704920883 0.0141823161 0.0591201530
0 0.1331739130 0.1279553795 0.0272261176 0.0468192011
0 0.1477650626 0.5086941401 0.0156494523 0.0643366371
0 0.1480095853 0.5639019301 0.0151604069 0.0426012867
0 0.1916366838 0.9201297703 0.0212330702 0.0482815827
0 0.6764231221 0.8025560772 0.0234741784 0.0452095288
0 0.6140698357 0.9707876891 0.0161384977 0.0391236307
0 0.4652251277 0.1769290186 0.0245914916 0.0650387015
0 0.4656445618 0.1331072857 0.0205399061 0.0730307773
0 0.4832844712 0.1343855253 0.0137618219 0.0495048361
0 0.3455839202 0.1535385150 0.0259194053 0.0634672231
0 0.4054919797 0.0757259607 0.0352112676 0.0539036689
0 0.7446449531 0.1609285342 0.0278755869 0.0295600765
0 0.7514915884 0.1300643366 0.0298317684 0.0339071466
0 0.7739876761 0.3209007129 0.0171165884 0.0695531212
0 0.7483127934 0.2752564771 0.0215179969 0.0530342549
0 0.7510025430 0.3213354199 0.0288536776 0.0634672231
0 0.7571156103 0.3613284646 0.0166275430 0.0426012867
0 0.6357811944 0.3269220580 0.0214156751 0.0484819584
0 0.6607736698 0.3395931142 0.0176056338 0.0582507390
0 0.8356073944 0.5178229873 0.0200508607 0.0530342549
0 0.7035651408 0.4560945922 0.0288536776 0.0825943314
0 0.6800909624 0.6395409494 0.0210289515 0.0478177708
0 0.6869375978 0.6165014780 0.0200508607 0.0399930447
0 0.7807272672 0.9264811569 0.0200508607 0.0478177708
0 0.6892204218 0.9106371126 0.0283903439 0.0409531315
0 0.5605193662 0.9812206573 0.0322769953 0.0339071466
0 0.5874168623 0.9846983133 0.0156494523 0.0252130064
0 0.6018437011 0.9846983133 0.0141823161 0.0286906625
0 0.1668378326 0.0674665276 0.0215179969 0.0460789428
0 0.1573014476 0.1065901582 0.0151604069 0.0530342549
0 0.2074285994 0.0231264128 0.0176056338 0.0408624587
0 0.2176985524 0.3387237002 0.0156494523 0.0443401148
0 0.0652027104 0.5715311314 0.0176848676 0.0640075285
0 0.0389524648 0.6251956182 0.0141823161 0.0434707007
0 0.0643828247 0.7234394018 0.0288536776 0.0312989045
0 0.2124337060 0.7651445951 0.0207692117 0.0556958558
0 0.2062023128 0.7104064007 0.0239926085 0.0638478249
0 0.1646371283 0.7286558859 0.0161384977 0.0521648409
0 0.0132311438 0.4362588928 0.0145784849 0.0509737810
0 0.2778511346 0.4021909233 0.0283646322 0.0495565989
0 0.3341178554 0.9840870977 0.0176586373 0.0299739528
0 0.2101490455 0.3752170736 0.0289150707 0.0322123490
0 0.1257703514 0.5379029062 0.0185590624 0.0441733216
0 0.1201339984 0.4695705095 0.0180946792 0.0399930447
0 0.1063344705 0.1519054719 0.0149478925 0.0632556532
0 0.1338925977 0.7510240802 0.0179640222 0.0648097774
0 0.3470365687 0.9087519838 0.0239342486 0.0484323913
0 0.1047290689 0.9247087463 0.0176056338 0.0599895670
0 0.0876124804 0.9025386889 0.0166275430 0.0625978091
0 0.0519121674 0.9577464789 0.0146713615 0.0512954269
0 0.1159771127 0.6451921405 0.0205399061 0.0660754651
0 0.1665933099 0.9268822813 0.0180946792 0.0591201530
0 0.1529000391 0.9447052686 0.0190727700 0.0599895670
0 0.1631699922 0.8455920709 0.0200508607 0.0582507390
0 0.1492321987 0.7108328986 0.0185837246 0.0460789428
0 0.1246479608 0.7811699850 0.0188476622 0.0636381208
0 0.1404293818 0.2530864198 0.0234741784 0.0695531212
0 0.1061962050 0.2674317510 0.0185837246 0.0773778473
0 0.1025283646 0.3904538341 0.0239632238 0.0695531212
0 0.3897165930 0.1659882999 0.0205399061 0.0695531212
0 0.3734595070 0.3130759868 0.0210289515 0.0556424970
0 0.4230976135 0.3130759868 0.0264084507 0.0591201530
0 0.3714676365 0.8275446944 0.0180233012 0.0447607503
0 0.3487627152 0.8508085550 0.0254303599 0.0478177708
0 0.2783456896 0.4484344204 0.0185947438 0.0631381144
0 0.3155076291 0.0174752217 0.0205399061 0.0330377326
0 0.3524305556 0.2196139802 0.0229851330 0.0634672231
0 0.6656641236 0.1565814641 0.0312989045 0.0521648409
0 0.5967228588 0.0775879138 0.0293427230 0.0547730829
0 0.6346097418 0.1522343940 0.0171165884 0.0521648409
0 0.8316950313 0.1174578334 0.0210289515 0.0347765606
0 0.0489778951 0.3252477830 0.0156494523 0.0521648409
0 0.0986160016 0.5447748218 0.0210289515 0.0356459746
0 0.0223897255 0.7866849803 0.0123557421 0.0360720994
0 0.1333382238 0.0335593810 0.0180946792 0.0547730829
0 0.0816775579 0.2122551182 0.0138260266 0.0573190108
0 0.0613895207 0.2177234711 0.0160204341 0.0481211329
0 0.0814994131 0.4487045731 0.0122261346 0.0399930447
0 0.7490686624 0.5794052984 0.0347668240 0.0741923592
0 0.0619375978 0.2565640758 0.0151604069 0.0469483568
0 0.1078456837 0.0666375991 0.0169922282 0.0442591436
0 0.0846768963 0.0828654169 0.0156520759 0.0396247564
0 0.1438526995 0.0844201009 0.0244522692 0.0278212485
0 0.6935874136 0.7725831547 0.0196572216 0.0426450087
0 0.7534477700 0.9373152495 0.0190727700 0.0539036689
0 0.7755993744 0.9741043357 0.0164276221 0.0481397898
0 0.7575162392 0.9774821770 0.0138701037 0.0413841071
0 0.8091766822 0.9076338068 0.0142268390 0.0380114843
0 0.8288826670 0.9368119442 0.0154042229 0.0531714515
0 0.8118886933 0.5604242740 0.0264084507 0.0512954269
0 0.8072773941 0.6052737236 0.0215179969 0.0434707007
0 0.8419649844 0.6225873761 0.0249413146 0.0469483568
0 0.8263155321 0.6212832551 0.0229851330 0.0443401148
0 0.7937976872 0.5134318868 0.0272711016 0.0561648916
0 0.8703361757 0.3851285800 0.0161253795 0.0575988651
0 0.8059314562 0.3779219598 0.0203625211 0.0650567933
0 0.8561473005 0.4165362546 0.0249413146 0.0556424970
0 0.7761883803 0.1144148844 0.0156494523 0.0582507390
0 0.7776555164 0.0474700052 0.0176056338 0.0547730829
0 0.8165346244 0.0726830117 0.0200508607 0.0547730829
0 0.8365854851 0.0544253173 0.0229851330 0.0426012867
0 0.8104215571 0.0209528778 0.0176056338 0.0417318727
0 0.8505232786 0.9738306381 0.0117370892 0.0417318727
0 0.8649501174 0.9720918101 0.0102699531 0.0382542167
0 0.8792699119 0.9573658770 0.0146713615 0.0460789428
0 0.7344303587 0.9492396545 0.0189620526 0.0463625285
0 0.7113898670 0.9355764215 0.0180946792 0.0504260129
0 0.7160444561 0.5200855160 0.0215353129 0.0519868536
0 0.8762170514 0.7982966948 0.0239632238 0.0443401148
0 0.8691216955 0.8524988750 0.0136932707 0.0391236307
0 0.9187451095 0.9755694662 0.0122261346 0.0452095288
0 0.9324383803 0.9381846635 0.0122261346 0.0399930447
0 0.9312157668 0.9833941923 0.0088028169 0.0295600765
0 0.9510221049 0.8925404278 0.0132042254 0.0443401148
0 0.9625146714 0.8938445488 0.0097809077 0.0365153886
0 0.9735181925 0.8938445488 0.0102699531 0.0486871848
0 0.9554235133 0.8495044340 0.0141823161 0.0312989045
0 0.9380479722 0.7515949829 0.0117659492 0.0532350037
0 0.9774305556 0.7608036818 0.0141823161 0.0512954269
0 0.9688245112 0.7155329583 0.0152002861 0.0436341357
0 0.9299724267 0.6449667645 0.0161799511 0.0604082291
0 0.8945373631 0.5873761085 0.0146713615 0.0495565989
0 0.8622603678 0.5082594331 0.0283646322 0.0339071466
0 0.8859790689 0.4769605286 0.0220070423 0.0547730829
0 0.8664172535 0.5830290384 0.0171165884 0.0373848026
0 0.8688624804 0.2683011650 0.0132042254 0.0547730829
0 0.8947818858 0.3304642671 0.0161384977 0.0504260129
0 0.9096977700 0.3830638150 0.0185837246 0.0339071466
0 0.8675839836 0.5443358237 0.0235859452 0.0347851428
0 0.8902841899 0.5159865834 0.0247487398 0.0358411263
0 0.8857345462 0.8403755869 0.0146713615 0.0495565989
0 0.9087262383 0.6468203328 0.0234610602 0.0315201760
0 0.9094532473 0.5291253695 0.0200508607 0.0408624587
0 0.9324383803 0.2796035472 0.0161384977 0.0495565989
0 0.8960044992 0.2835159103 0.0215179969 0.0399930447
0 0.9224129499 0.3156842288 0.0185837246 0.0469483568
0 0.9167889280 0.2478699357 0.0180946792 0.0469483568
0 0.8952709311 0.4100156495 0.0190727700 0.0373848026
0 0.9351281299 0.4608763693 0.0146713615 0.0434707007
0 0.9089642019 0.4617457833 0.0161384977 0.0399930447
0 0.9295041080 0.5208659364 0.0161384977 0.0434707007
0 0.8905439388 0.2409043040 0.0231840045 0.0481248643
0 0.8546801643 0.1105025213 0.0180946792 0.0608589810
0 0.9648961440 0.3845492816 0.0165000344 0.0657127740
0 0.9544454225 0.1557120501 0.0102699531 0.0556424970
0 0.9656934664 0.1635367762 0.0122261346 0.0452095288
0 0.9529782864 0.2330898974 0.0141823161 0.0469483568
0 0.9456426056 0.3139454008 0.0200508607 0.0486871848
0 0.9760547113 0.2521217863 0.0226781678 0.0372385321
0 0.9468652191 0.3748043818 0.0146713615 0.0486871848
0 0.9820764867 0.4278386368 0.0156494523 0.0417318727
0 0.0667417341 0.9708132491 0.0143549512 0.0495054788
0 0.1414074726 0.9877412624 0.0146713615 0.0208659364
0 0.1299149061 0.9733959311 0.0122261346 0.0339071466
0 0.1235573161 0.9873217701 0.0161384977 0.0235046079
0 0.0504450313 0.9038428099 0.0244522692 0.0269518345
0 0.0758753912 0.8364632238 0.0264084507 0.0347765606
0 0.0537424145 0.7654287405 0.0166275430 0.0486871848
0 0.0707611414 0.7897922959 0.0200094073 0.0376993589
0 0.1624094007 0.7843948393 0.0293967699 0.0624048962
0 0.1577246397 0.8840714770 0.0267657897 0.0265014556
0 0.3181973787 0.8786298035 0.0298317684 0.0426012867
0 0.2511981612 0.9503564597 0.0161384977 0.0347765606
0 0.2685592723 0.9229699183 0.0195618153 0.0565119110
0 0.3005353368 0.9523913736 0.0150475906 0.0684064649
0 0.2884931720 0.6695864906 0.0217519189 0.0485856694
0 0.2639133412 0.7008346375 0.0210289515 0.0434707007
0 0.2272349374 0.5373848026 0.0278755869 0.0417318727
0 0.1867813866 0.5458433055 0.0242376559 0.0526361155
0 0.1049735915 0.6999652234 0.0171165884 0.0434707007
0 0.0566354958 0.6060315691 0.0150056125 0.0487610664
0 0.2410960767 0.8612304822 0.0202564657 0.0504421247
0 0.2651734104 0.8478678752 0.0178628773 0.0419364112
0 0.2282953602 0.5932426429 0.0143469802 0.0482564982
0 0.1988647955 0.6273760563 0.0200398415 0.0408486526
0 0.1692830595 0.6112849939 0.0166275430 0.0330377326
0 0.1648816510 0.5778125543 0.0185837246 0.0391236307
0 0.2668621011 0.1114968194 0.0191017452 0.0367651567
0 0.2414172535 0.0344287950 0.0249413146 0.0339071466
0 0.2414172535 0.1757085724 0.0327660407 0.0330377326
0 0.2513561040 0.3391087797 0.0119217930 0.0619933238
0 0.2751296390 0.3038355710 0.0248778226 0.0649829140
0 0.1541226526 0.1731003304 0.0224960876 0.0330377326
0 0.0797276731 0.2833222511 0.0106388360 0.0386415350
0 0.0817439358 0.3474178404 0.0117370892 0.0321683186
0 0.2115854851 0.0809424448 0.0220070423 0.0625978091
0 0.4949872848 0.3478525474 0.0176056338 0.0678142932
0 0.4745685800 0.2727580426 0.0217603994 0.0410820737
0 0.4810494914 0.0379064511 0.0503716745 0.0565119110
0 0.3005917449 0.3100330377 0.0210289515 0.0478177708
0 0.3360475352 0.4730481655 0.0283646322 0.0643366371
0 0.3277337637 0.5434707007 0.0254303599 0.0591201530
0 0.3524111209 0.5525146167 0.0278367176 0.0406925963
0 0.3262666275 0.3295948531 0.0283646322 0.0347765606
0 0.3957110720 0.5178229873 0.0420579030 0.0617283951
0 0.3886199139 0.4543557642 0.0298317684 0.0304294905
0 0.3634340767 0.4986958790 0.0176056338 0.0443401148
0 0.3869082551 0.4856546688 0.0273865415 0.0356459746
0 0.5067243740 0.7373500261 0.0205399061 0.0591201530
0 0.4267654538 0.4321857068 0.0220070423 0.0608589810
0 0.4991134741 0.9084262636 0.0317265569 0.0386508635
0 0.5225509216 0.9293612307 0.0384997305 0.0402516301
0 0.5026900120 0.8454814352 0.0305648117 0.0584720105
0 0.4930192969 0.8538602729 0.0332786988 0.0556249594
0 0.6640969876 0.9849865266 0.0295427228 0.0246365799
0 0.7731615286 0.8476794184 0.0234826590 0.0537312938
0 0.7327619276 0.8278261232 0.0187808975 0.0485731057
0 0.7707251871 0.7796513090 0.0272191536 0.0411318651
0 0.7013644366 0.8403755869 0.0166275430 0.0391236307
0 0.6703100548 0.8512432620 0.0229851330 0.0452095288
0 0.7107205385 0.8028671533 0.0186231579 0.0350499421
0 0.7162803208 0.7647365676 0.0220070423 0.0443401148
0 0.7287509781 0.7577812554 0.0215179969 0.0460789428
0 0.7018534820 0.7234394018 0.0361893584 0.0417318727
0 0.7421997261 0.7130064337 0.0298317684 0.0365153886
0 0.6280076291 0.7060511215 0.0361893584 0.0399930447
0 0.6502591941 0.6304121022 0.0298317684 0.0452095288
0 0.6475694444 0.5669448792 0.0293427230 0.0365153886
0 0.6588174883 0.5217353504 0.0234741784 0.0591201530
0 0.6343652191 0.5847678665 0.0264084507 0.0356459746
0 0.6165150626 0.6151973570 0.0239632238 0.0443401148
0 0.8394570526 0.7464568580 0.0277501771 0.0339511770
0 0.3965493231 0.3114690634 0.0192821359 0.0501622036
0 0.9202122457 0.8299426187 0.0102699531 0.0426012867
0 0.8975883871 0.6791071230 0.0232406750 0.0486715130
0 0.8935592723 0.7225699878 0.0166275430 0.0382542167
0 0.9458871283 0.9720918101 0.0097809077 0.0295600765
0 0.9593913533 0.9652638948 0.0091809083 0.0379994231
0 0.9672443480 0.9573260946 0.0104374440 0.0399643993
0 0.9044415922 0.8772319566 0.0188303674 0.0345891089
0 0.8498649754 0.4705220907 0.0123766645 0.0433063664
0 0.8603667303 0.4710196166 0.0106339102 0.0341971188
0 0.8862235915 0.5634672231 0.0176056338 0.0556424970
0 0.9209458138 0.5521648409 0.0166275430 0.0330377326
0 0.9733883226 0.5266257109 0.0266377563 0.0319511516
0 0.9899012128 0.4773952356 0.0156494523 0.0417318727
0 0.6265404930 0.0118240306 0.0215179969 0.0234741784
0 0.7250831377 0.3739349678 0.0376564945 0.0730307773
0 0.6742224178 0.3448095983 0.0190727700 0.0565119110
0 0.7974618545 0.4161015476 0.0229851330 0.0530342549
0 0.8317509147 0.3776891199 0.0209171847 0.0735837693
0 0.8292498044 0.3317683881 0.0239632238 0.0721613632
0 0.7967282864 0.2839506173 0.0254303599 0.0686837072
0 0.9433588626 0.1050428023 0.0164614655 0.0464618870
0 0.7407325900 0.2013562859 0.0415688576 0.0373848026
0 0.7698307903 0.2430881586 0.0234741784 0.0773778473
0 0.7774109937 0.1922274387 0.0298317684 0.0765084333
0 0.8006406495 0.1539732220 0.0293427230 0.0625978091
0 0.8231367371 0.2596070249 0.0176056338 0.0669448792
0 0.8121332160 0.2296122413 0.0180946792 0.0730307773
0 0.8400088028 0.2656929230 0.0171165884 0.0669448792
0 0.8559027778 0.2400452095 0.0176056338 0.0695531212
0 0.8722857981 0.2052686489 0.0180946792 0.0591201530
0 0.8788274868 0.1687110460 0.0206607540 0.0468639282
0 0.8568808685 0.1657103113 0.0215179969 0.0669448792
0 0.8923366588 0.1613632412 0.0200508607 0.0478177708
0 0.8669504685 0.1236543381 0.0189844308 0.0520561992
0 0.8779098200 0.1152842984 0.0176056338 0.0634672231
0 0.0543484740 0.0809357283 0.0157963758 0.0389445239
0 0.0384767999 0.0883132473 0.0141555551 0.0356844079
0 0.0435443491 0.2400254332 0.0141571292 0.0434483124
0 0.0604583929 0.1169660361 0.0149022413 0.0537805330
0 0.0968943729 0.1098129603 0.0150512637 0.0357653791
0 0.0678350024 0.3176495523 0.0120708155 0.0357653791
0 0.0585211016 0.4246807609 0.0175846447 0.0299369470
0 0.0383285646 0.4226937954 0.0132629948 0.0344407354
0 0.0488346447 0.3659990463 0.0135610396 0.0355004504
0 0.1030788031 0.4331584804 0.0189258464 0.0378848090
0 0.0592662136 0.4838923330 0.0095374344 0.0341758067
0 0.0482463077 0.6829192788 0.0286278085 0.0271536639
0 0.1790315645 0.8393991294 0.0173382840 0.0588739028
0 0.1920451836 0.8547925608 0.0177336671 0.0378848090
0 0.2399558894 0.8973136226 0.0171375775 0.0365601653
0 0.1950256319 0.7516028188 0.0245886981 0.0365601653
0 0.2670034573 0.9737455624 0.0138590844 0.0331160918
0 0.2095553171 0.5955597944 0.0180317120 0.0482170296
0 0.2414502052 0.6374238942 0.0177418505 0.0381390181
0 0.1161927754 0.5041593811 0.0166905103 0.0455677423
0 0.2614928583 0.3341712279 0.0169950156 0.0567674897
0 0.3255692656 0.3588459704 0.0253338102 0.0453028135
0 0.7592989986 0.0835850156 0.0159453982 0.0564298204
0 0.7468556271 0.0686165422 0.0134120172 0.0418587400
0 0.9427455889 0.9357282891 0.0104315689 0.0397393101
0 0.6718973534 0.9015524824 0.0326359084 0.0249033010
0 0.8287434430 0.7845864462 0.0256318550 0.0498066020
0 0.8069805716 0.7839149361 0.0202713552 0.0321130379
0 0.8747913686 0.6996767869 0.0175846447 0.0389445239
0 0.8882778970 0.6307953161 0.0198199809 0.0302018757
0 0.8345553171 0.5780744980 0.0290593705 0.0333810205
0 0.9223295184 0.5967519737 0.0125178827 0.0365601653
0 0.9004977349 0.5498595878 0.0180317120 0.0450378848
0 0.8451359084 0.8796958618 0.0245886981 0.0336459492
0 0.8766037568 0.8945219170 0.0203152866 0.0235587494
0 0.8556518947 0.6431030168 0.0168593449 0.0407760544
0 0.1158477842 0.3712623992 0.0178628773 0.0467423107
0 0.0206125562 0.3883893527 0.0160565189 0.0242631842
0 0.2440992293 0.5999785913 0.0224791265 0.0296153572
0 0.2665783558 0.1491472204 0.0180635838 0.0378220224
0 0.9067316956 0.2078427175 0.0230812460 0.0356811532
0 0.9320207129 0.2033825733 0.0114402697 0.0367515878
