0 0.3878863459 0.6734480960 0.0234741784 0.0617283951
0 0.4475498826 0.6647539558 0.0224960876 0.0617283951
0 0.5316526144 0.7984494780 0.0175794854 0.0569003832
0 0.4497505869 0.7190923318 0.0249413146 0.0417318727
0 0.4316559077 0.7408276821 0.0229851330 0.0660754651
0 0.3926215104 0.7309715763 0.0342331768 0.0469483568
0 0.3928831600 0.8016155522 0.0207526267 0.0575235470
0 0.4226265893 0.8311128097 0.0244883115 0.0518969810
0 0.4480442284 0.8372916799 0.0283540315 0.0418137886
0 0.4693124022 0.5630325161 0.0210289515 0.0530342549
0 0.4658798972 0.4615357168 0.0226798330 0.0677941911
0 0.6442666213 0.2564263767 0.0217589860 0.0484117866
0 0.6720217136 0.2717788211 0.0176056338 0.0634672231
0 0.4023931471 0.3611451048 0.0303208138 0.0486871848
0 0.7607834507 0.4126238915 0.0210289515 0.0652060511
0 0.4017619485 0.5834637454 0.0366784038 0.0434707007
0 0.4287347096 0.6109902475 0.0269236445 0.0544931618
0 0.3037705399 0.8116849244 0.0244522692 0.0426012867
0 0.2469172473 0.7635766788 0.0168755993 0.0620852066
0 0.2648914319 0.7525647713 0.0210289515 0.0356459746
0 0.7135905712 0.5825943314 0.0166275430 0.0573813250
0 0.6656641236 0.7425665102 0.0176056338 0.0539036689
0 0.8040699742 0.7394750649 0.0313109187 0.0531312473
0 0.3790835290 0.2804729612 0.0176056338 0.0443401148
0 0.2230780516 0.6386715354 0.0195618153 0.0512954269
0 0.6229846666 0.7682825706 0.0398367041 0.0511587329
0 0.7920487864 0.4580776603 0.0357674507 0.0483062508
0 0.6811725867 0.2191257514 0.0378635614 0.0677072497
0 0.2669942564 0.5020345796 0.0242565097 0.0371068917
0 0.6976965962 0.2926447574 0.0298317684 0.0582507390
0 0.7276598132 0.2617152282 0.0254303599 0.0660754651
0 0.0338174883 0.2700399930 0.0146713615 0.0565119110
0 0.5386579068 0.7109308962 0.0190727700 0.0504260129
0 0.5792631613 0.6868189800 0.0348911266 0.0432606342
0 0.5857052034 0.7764736568 0.0200508607 0.0591201530
0 0.6517263302 0.7782124848 0.0220070423 0.0434707007
0 0.6160260172 0.8069031473 0.0249413146 0.0295600765
0 0.5962196792 0.8816727526 0.0176056338 0.0347765606
0 0.6502591941 0.3930620762 0.0308098592 0.0660754651
0 0.7826629313 0.3772862322 0.0163936210 0.0553897136
0 0.1793084898 0.6934446183 0.0161384977 0.0565119110
0 0.1973059960 0.1876107498 0.0325716946 0.0405322824
0 0.1876222613 0.1517996870 0.0239632238 0.0391236307
0 0.1683049687 0.1244131455 0.0136932707 0.0660754651
0 0.2372603678 0.1300643366 0.0322769953 0.0582507390
0 0.2357932316 0.3265519040 0.0185837246 0.0582507390
0 0.1670830137 0.4797365294 0.0171702021 0.0763645166
0 0.2149603096 0.6813976139 0.0336457316 0.0390244435
0 0.0384817939 0.8459036528 0.0127151800 0.0391236307
0 0.0761199139 0.9447052686 0.0132042254 0.0443401148
0 0.1271703862 0.8749729879 0.0174960933 0.0429596059
0 0.1584657572 0.6283131961 0.0147879691 0.0514446847
0 0.1731954225 0.6434533125 0.0146713615 0.0434707007
0 0.1860798603 0.4755463488 0.0174918530 0.0640361113
0 0.2095278903 0.4624611653 0.0257900768 0.0464523385
0 0.2013155321 0.9707876891 0.0161384977 0.0530342549
0 0.1847955906 0.9838922512 0.0129890222 0.0303027868
0 0.3741930751 0.1465832029 0.0156494523 0.0565119110
0 0.4101379108 0.1374543558 0.0288536776 0.0539036689
0 0.4370354069 0.1357155277 0.0220070423 0.0678142932
0 0.6451242175 0.8638497653 0.0215179969 0.0512954269
0 0.7267755013 0.8986093290 0.0225346782 0.0443061211
0 0.8269154818 0.8701452910 0.0138230648 0.0491373435
0 0.8500321130 0.6897199582 0.0164579319 0.0535282630
0 0.7857247653 0.5608589810 0.0190727700 0.0608589810
0 0.4384732144 0.9188859339 0.0239045666 0.0761651907
0 0.4580643584 0.3861067640 0.0210289515 0.0678142932
0 0.3577722456 0.0844758841 0.0191215331 0.0479926587
0 0.4306474554 0.0737222089 0.0283180434 0.0332647274
0 0.1204096369 0.5904607771 0.0206670347 0.0377175286
0 0.4397251565 0.2126586681 0.0293427230 0.0565119110
0 0.3681285068 0.4139563406 0.0228881352 0.0452661849
0 0.3237592099 0.0709894133 0.0224960876 0.0565119110
0 0.2935005869 0.1396278908 0.0166275430 0.0460789428
0 0.1851770344 0.0596418014 0.0171165884 0.0512954269
0 0.1695275822 0.0309511389 0.0132042254 0.0443401148
0 0.1875660777 0.1140196276 0.0199384934 0.0503471123
0 0.2494865023 0.0735524257 0.0264084507 0.0339071466
0 0.2235872383 0.1175299496 0.0293830056 0.0659312329
0 0.1201339984 0.1704920883 0.0141823161 0.0591201530
0 0.1903120110 0.9212310902 0.0185837246 0.0460789428
0 0.6764231221 0.8025560772 0.0234741784 0.0452095288
0 0.6140698357 0.9707876891 0.0161384977 0.0391236307
0 0.3455839202 0.1535385150 0.0259194053 0.0634672231
0 0.4053668915 0.0724327410 0.0291024406 0.0435310069
0 0.7463329370 0.1660839583 0.0263611009 0.0331598526
0 0.7514915884 0.1300643366 0.0298317684 0.0339071466
0 0.7739876761 0.3209007129 0.0171165884 0.0695531212
0 0.7479113805 0.2752564771 0.0215179969 0.0530342549
0 0.7501997171 0.3213354199 0.0288536776 0.0634672231
0 0.7568516530 0.3496496714 0.0171554576 0.0659588732
0 0.6607736698 0.3395931142 0.0176056338 0.0582507390
0 0.8326890231 0.5214682443 0.0142141182 0.0603247689
0 0.7071778576 0.4543105346 0.0288536776 0.0825943314
0 0.6869375978 0.6165014780 0.0200508607 0.0399930447
0 0.7813233568 0.9299252304 0.0200508607 0.0478177708
0 0.5874168623 0.9846983133 0.0156494523 0.0252130064
0 0.6018437011 0.9846983133 0.0141823161 0.0286906625
0 0.2074285994 0.0231264128 0.0176056338 0.0408624587
0 0.2211183365 0.3518161707 0.0192678227 0.0656533219
0 0.0651655094 0.7230165048 0.0272883084 0.0304531104
0 0.2074155054 0.7276731388 0.0225702530 0.0564521228
0 0.1651095660 0.7262416287 0.0170833729 0.0569933553
0 0.0145818210 0.4289447525 0.0152727742 0.0380642522
0 0.1201339984 0.4695705095 0.0180946792 0.0399930447
0 0.1036290701 0.9228083480 0.0154056363 0.0561887704
0 0.0886520552 0.9084730678 0.0144508671 0.0507290514
0 0.0519121674 0.9577464789 0.0146713615 0.0512954269
0 0.1179897314 0.6532970569 0.0159623486 0.0516353636
0 0.1665933099 0.9268822813 0.0180946792 0.0591201530
0 0.1531233544 0.9510955647 0.0128357030 0.0472089750
0 0.1633260927 0.8549534488 0.0138230648 0.0313333793
0 0.1499406772 0.7075164550 0.0171667677 0.0394460555
0 0.1400827391 0.2552692520 0.0227808930 0.0739187857
0 0.1061962050 0.2674317510 0.0185837246 0.0773778473
0 0.1019262452 0.3929515148 0.0239632238 0.0695531212
0 0.3883753912 0.1704920883 0.0205399061 0.0695531212
0 0.3734595070 0.3130759868 0.0210289515 0.0556424970
0 0.3155076291 0.0174752217 0.0205399061 0.0330377326
0 0.3524305556 0.2196139802 0.0229851330 0.0634672231
0 0.6656641236 0.1565814641 0.0312989045 0.0521648409
0 0.6346097418 0.1522343940 0.0171165884 0.0521648409
0 0.8316950313 0.1174578334 0.0210289515 0.0347765606
0 0.0485518346 0.3218736531 0.0147973312 0.0454165812
0 0.0216410115 0.7867072984 0.0108583140 0.0361167355
0 0.1333382238 0.0335593810 0.0180946792 0.0547730829
0 0.7478237480 0.5795513824 0.0322769953 0.0739001913
0 0.1081506198 0.0690035812 0.0176021002 0.0395271795
0 0.0952753693 0.1104331692 0.0116409762 0.0360379647
0 0.0846905756 0.0830951239 0.0127399149 0.0391653424
0 0.1438526995 0.0815656086 0.0244522692 0.0278212485
0 0.6929997818 0.7743780172 0.0224960876 0.0469483568
0 0.7534477700 0.9373152495 0.0190727700 0.0539036689
0 0.7739876761 0.9838288993 0.0132042254 0.0286906625
0 0.7600730601 0.9873382519 0.0136932707 0.0253234962
0 0.8087098983 0.9147104851 0.0151604069 0.0521648409
0 0.8118886933 0.5604242740 0.0264084507 0.0512954269
0 0.8068484163 0.6064253214 0.0215179969 0.0434707007
0 0.8428006725 0.6215790066 0.0232699384 0.0449316178
0 0.8263155321 0.6212832551 0.0229851330 0.0443401148
0 0.7931384963 0.5163185096 0.0250974151 0.0517641276
0 0.8057809263 0.3729265983 0.0200614614 0.0750475162
0 0.8516879416 0.4114773204 0.0235830122 0.0455246285
0 0.7761883803 0.1144148844 0.0156494523 0.0582507390
0 0.7776555164 0.0474700052 0.0176056338 0.0547730829
0 0.8165346244 0.0726830117 0.0200508607 0.0547730829
0 0.8365854851 0.0544253173 0.0229851330 0.0426012867
0 0.8104215571 0.0209528778 0.0176056338 0.0417318727
0 0.8505232786 0.9738306381 0.0117370892 0.0417318727
0 0.8649501174 0.9720918101 0.0102699531 0.0382542167
0 0.8798660016 0.9594853069 0.0146713615 0.0460789428
0 0.7337028523 0.9525299948 0.0161384977 0.0443401148
0 0.7102418271 0.9362676262 0.0157985995 0.0415423322
0 0.7160357981 0.5260824204 0.0215179969 0.0399930447
0 0.8766586403 0.8017850388 0.0209718189 0.0401897960
0 0.9187451095 0.9755694662 0.0122261346 0.0452095288
0 0.9324383803 0.9381846635 0.0122261346 0.0399930447
0 0.9312157668 0.9833941923 0.0088028169 0.0295600765
0 0.9510221049 0.8925404278 0.0132042254 0.0443401148
0 0.9625146714 0.8938445488 0.0097809077 0.0365153886
0 0.9735181925 0.8938445488 0.0102699531 0.0486871848
0 0.9565503672 0.8469745900 0.0119286084 0.0262392165
0 0.9767112996 0.7600181423 0.0127438042 0.0470750605
0 0.9690955766 0.7126119010 0.0144813060 0.0301328184
0 0.9314790174 0.6353803259 0.0131667696 0.0412353519
0 0.8945373631 0.5873761085 0.0146713615 0.0495565989
0 0.8622603678 0.5082594331 0.0283646322 0.0339071466
0 0.8686903958 0.2649659823 0.0128600561 0.0481027175
0 0.8947818858 0.3304642671 0.0161384977 0.0504260129
0 0.8498282263 0.5636172347 0.0220840740 0.0281212717
0 0.9094970635 0.6435965396 0.0215179969 0.0286906625
0 0.9090507742 0.5269510806 0.0192459146 0.0365138810
0 0.8948847125 0.2834045951 0.0192784234 0.0397704144
0 0.9159561023 0.2494295243 0.0164290277 0.0326195073
0 0.9351281299 0.4608763693 0.0146713615 0.0434707007
0 0.9292719853 0.5211368557 0.0128357030 0.0336434381
0 0.8904328648 0.2387012327 0.0200821376 0.0414963702
0 0.8539643850 0.1131566033 0.0166631205 0.0555508170
0 0.9649815692 0.3962173074 0.0134939442 0.0351061962
0 0.9541352496 0.1560324147 0.0108902990 0.0418348839
0 0.9649139489 0.1606962440 0.0106670996 0.0395284645
0 0.9451852555 0.3105826022 0.0209655610 0.0419615876
0 0.9468652191 0.3748043818 0.0146713615 0.0486871848
0 0.0665580873 0.9750442999 0.0127151800 0.0339071466
0 0.0504450313 0.9038428099 0.0244522692 0.0269518345
0 0.0555354849 0.7721401556 0.0112395633 0.0413901377
0 0.0707881178 0.7861269164 0.0176642910 0.0319708158
0 0.1564975569 0.7827505333 0.0179385050 0.0428575701
0 0.1555897887 0.8855851156 0.0224960876 0.0234741784
0 0.2639133412 0.7008346375 0.0210289515 0.0434707007
0 0.2281430636 0.5336116463 0.0313102119 0.0492399914
0 0.1871434368 0.5464369065 0.0163682323 0.0441866282
0 0.1037513314 0.7036569664 0.0195611086 0.0360872148
0 0.1797436931 0.8341902770 0.0121006036 0.0365226113
0 0.2274810246 0.5937550733 0.0127183089 0.0472316374
0 0.1680160611 0.5977853841 0.0194181148 0.0427125388
0 0.2678257042 0.1331072857 0.0210289515 0.0799860894
0 0.2506221901 0.3414686363 0.0128452152 0.0606579605
0 0.2115854851 0.0809424448 0.0220070423 0.0625978091
0 0.4761159281 0.2957967602 0.0238840719 0.0495968030
0 0.5176920390 0.7197307561 0.0202116188 0.0553895790
0 0.7680308831 0.7833882795 0.0218305455 0.0486058060
0 0.7125375591 0.8400660384 0.0177554764 0.0367657057
0 0.6703100548 0.8512432620 0.0229851330 0.0452095288
0 0.7080418142 0.7974016582 0.0202522739 0.0476685130
0 0.7162803208 0.7647365676 0.0220070423 0.0443401148
0 0.7283661729 0.7522172570 0.0207483864 0.0572069396
0 0.6328245848 0.7078351792 0.0361893584 0.0399930447
0 0.6474616690 0.6330450670 0.0298317684 0.0452095288
0 0.6588174883 0.5217353504 0.0234741784 0.0591201530
0 0.9458871283 0.9720918101 0.0097809077 0.0295600765
0 0.9595448795 0.9677256830 0.0088738560 0.0330758467
0 0.9671598492 0.9597134766 0.0092933688 0.0351896353
0 0.8504670949 0.4684704243 0.0135809034 0.0474096990
0 0.9209458138 0.5521648409 0.0166275430 0.0330377326
0 0.9934489358 0.4850515385 0.0085540064 0.0264192669
0 0.6742224178 0.3448095983 0.0190727700 0.0565119110
0 0.7961261669 0.2728894598 0.0254303599 0.0686837072
0 0.9428141966 0.1092957458 0.0153721334 0.0358406657
0 0.7698307903 0.2409472894 0.0234741784 0.0773778473
0 0.7774109937 0.1922274387 0.0298317684 0.0765084333
0 0.8231367371 0.2596070249 0.0176056338 0.0669448792
0 0.8400088028 0.2656929230 0.0171165884 0.0669448792
0 0.8559027778 0.2400452095 0.0176056338 0.0695531212
0 0.8783988654 0.1774474005 0.0215179969 0.0643366371
0 0.8923366588 0.1613632412 0.0200508607 0.0478177708
0 0.8682162336 0.1224152445 0.0177802763 0.0429525547
0 0.8776732356 0.1164921040 0.0171324650 0.0610516119
0 0.5204526271 0.8452244546 0.0263314190 0.0507913678
0 0.5462628452 0.8765075287 0.0272960822 0.0553057875
0 0.5707963864 0.8665208262 0.0210289515 0.0625978091
0 0.4824237437 0.9327925455 0.0339298992 0.0299113445
0 0.4617177584 0.6057167887 0.0310141937 0.0432326212
0 0.4290424831 0.5290223465 0.0361893584 0.0365153886
0 0.2997948443 0.7542660003 0.0206665712 0.0461541409
0 0.2824970657 0.6391062424 0.0317879499 0.0747696053
0 0.1899084778 0.7658288631 0.0280989082 0.0654306916
0 0.2490488531 0.6734509475 0.0255331522 0.0521561225
0 0.2398593048 0.6363866852 0.0179130539 0.0489098151
0 0.1981981575 0.6252965691 0.0171165884 0.0408624587
0 0.2090265146 0.5996894640 0.0178671920 0.0412547692
0 0.0214540440 0.8327043473 0.0092575254 0.0260370955
0 0.0787706674 0.8402751510 0.0196398076 0.0288915342
0 0.1470576429 0.5038178834 0.0164579319 0.0631556412
0 0.1016417932 0.5477768129 0.0221900809 0.0433887849
0 0.1605992905 0.5431663028 0.0266818823 0.0463395610
0 0.3140404930 0.6417144844 0.0254303599 0.0747696053
0 0.5116077607 0.6606732380 0.0298317684 0.0565119110
0 0.2779242794 0.4787518733 0.0216642865 0.0590523086
0 0.2958387468 0.4294171509 0.0338042021 0.0364058324
0 0.2759480875 0.3056308567 0.0245585380 0.0720511413
0 0.0814994131 0.4530516432 0.0122261346 0.0417318727
0 0.0457991002 0.2413493306 0.0132042254 0.0443401148
0 0.1282368161 0.5394990366 0.0215851346 0.0470991222
0 0.1162216354 0.5104329682 0.0161384977 0.0330377326
0 0.1230908856 0.1166864169 0.0298317684 0.0391236307
0 0.0623595055 0.2577963320 0.0160565189 0.0431741954
0 0.0604704617 0.2135280821 0.0180946792 0.0478177708
0 0.0542552743 0.0801627362 0.0138975108 0.0432912899
0 0.0384266703 0.0927574295 0.0122261346 0.0365153886
0 0.1551837821 0.1704159518 0.0295088006 0.0381019436
0 0.1558445588 0.1102379280 0.0141618214 0.0464191701
0 0.1683049687 0.0718135976 0.0234741784 0.0495565989
0 0.1624364241 0.0139540949 0.0166275430 0.0279081899
0 0.4260288147 0.0303809723 0.0303146717 0.0327668133
0 0.4507286776 0.2787341332 0.0327660407 0.0547730829
0 0.4023131847 0.2152669101 0.0220070423 0.0669448792
0 0.4211414319 0.3113371588 0.0224960876 0.0556424970
0 0.6579881606 0.9130513115 0.0296402492 0.0314582133
0 0.6908499609 0.9221005043 0.0180946792 0.0495565989
0 0.8717967527 0.7547383064 0.0288536776 0.0365153886
0 0.8294943271 0.9347070075 0.0205399061 0.0556424970
0 0.8931320529 0.6742737303 0.0265321027 0.0494690394
0 0.4646664710 0.1783168145 0.0273865415 0.0747696053
0 0.8034727669 0.7835788501 0.0144670518 0.0368151510
0 0.8223900737 0.7891950174 0.0217219589 0.0522359186
0 0.8843396659 0.8483707964 0.0138377825 0.0394645975
0 0.8778720109 0.8930992650 0.0233985601 0.0278312995
0 0.9208330931 0.8295398237 0.0101321440 0.0379159995
0 0.9356076346 0.7540993122 0.0126960987 0.0439315404
0 0.8902383413 0.7196810404 0.0148761348 0.0429092900
0 0.8745193565 0.6590507441 0.0166932513 0.0470523981
0 0.8739797262 0.6979724730 0.0148104265 0.0360075437
0 0.8352360167 0.5810532574 0.0251766500 0.0282167565
0 0.9225250132 0.5988093148 0.0125065824 0.0231115792
0 0.9060737458 0.4592481026 0.0234741784 0.0347765606
0 0.9551902317 0.4848604529 0.0139876251 0.0298402668
0 0.9194779244 0.3085388612 0.0166260365 0.0396129336
0 0.8570586069 0.3384691579 0.0218734735 0.0716522786
0 0.8309105799 0.3810913005 0.0234741784 0.0695531212
0 0.8287384975 0.3465074684 0.0160939747 0.0478996867
0 0.7594131342 0.0845650869 0.0138487476 0.0570913528
0 0.8121332160 0.2296122413 0.0210289515 0.0712919492
0 0.8005901195 0.1511305398 0.0323780553 0.0717608297
0 0.7967282864 0.0861589289 0.0322769953 0.0799860894
0 0.2536239535 0.9810615997 0.0170777192 0.0324864336
0 0.2288098473 0.9493179372 0.0193392007 0.0574883684
0 0.2824970657 0.9760041732 0.0171165884 0.0408624587
0 0.3010807903 0.9529647018 0.0171165884 0.0591201530
0 0.3212814742 0.8781950965 0.0347222222 0.0417318727
0 0.3349723539 0.9872718097 0.0157780411 0.0236045287
0 0.3604440045 0.9412023749 0.0174940341 0.0443905902
0 0.3548860385 0.9866867065 0.0220275543 0.0247747352
0 0.3830717300 0.9830228372 0.0132801109 0.0285639588
0 0.3504000322 0.9018974446 0.0296830847 0.0430143614
0 0.3475513428 0.8592003575 0.0260005266 0.0292953379
0 0.3649124539 0.8201246270 0.0195826751 0.0529518460
0 0.3800620253 0.8857628098 0.0195626265 0.0631118347
0 0.4114892954 0.9148732660 0.0192661105 0.0435140119
0 0.2141939627 0.7878398630 0.0244861914 0.0613715835
0 0.2086837216 0.9200902984 0.0254303599 0.0391236307
0 0.2431108912 0.8629393933 0.0168897336 0.0410519206
0 0.2693366502 0.9266646093 0.0229709860 0.0498361520
0 0.2910553599 0.9051469310 0.0215179969 0.0469483568
0 0.2666476994 0.8610818559 0.0188043905 0.0561699140
0 0.4556191315 0.9855829421 0.0210289515 0.0269822640
0 0.4914971580 0.9907672146 0.0236077967 0.0165528600
0 0.5179123881 0.9863789401 0.0214751185 0.0253294090
0 0.5610084116 0.9841965157 0.0312989045 0.0316069686
0 0.3283576442 0.8016923288 0.0208543090 0.0602625466
0 0.1218460106 0.7276776695 0.0197151721 0.0560983111
0 0.1265965353 0.7894751654 0.0178847854 0.0557219001
0 0.1349060665 0.8278889422 0.0212572198 0.0412177626
0 0.1013591080 0.7797319491 0.0143257789 0.0451557558
0 0.0658651552 0.6948560341 0.0166720660 0.0396749296
0 0.1416796345 0.5991981819 0.0153176663 0.0431050112
0 0.3971409503 0.3164969867 0.0214434812 0.0313030250
0 0.4065650902 0.2690558074 0.0208613942 0.0507070618
0 0.3287118545 0.5373848026 0.0283646322 0.0573813250
0 0.3987411039 0.4155052703 0.0305123330 0.0403161853
0 0.4123963850 0.5027045575 0.0314144444 0.0415392419
0 0.0388058218 0.6253122101 0.0099766672 0.0385356455
0 0.1044036275 0.5047099122 0.0182565165 0.0396060801
0 0.0593157583 0.4812885416 0.0133129279 0.0478558849
0 0.0812729116 0.2138087571 0.0127512223 0.0472564208
0 0.2387059492 0.2707076327 0.0460133755 0.0508918781
0 0.2713412480 0.2180992901 0.0378409466 0.0586990149
0 0.2382479693 0.1724704173 0.0367908307 0.0317779063
0 0.4646664710 0.1239784385 0.0215179969 0.0756390193
0 0.4820986792 0.1256518152 0.0192149640 0.0448499413
0 0.2996136541 0.3743696748 0.0308098592 0.0739001913
0 0.3005917449 0.3126412798 0.0229851330 0.0565119110
0 0.4066261036 0.4552712647 0.0360434747 0.0432146960
0 0.6099129499 0.8960180838 0.0342331768 0.0391236307
0 0.5969790423 0.9313291079 0.0396642661 0.0293605636
0 0.6084458138 0.6786645801 0.0215179969 0.0704225352
0 0.6375440141 0.5769431403 0.0396126761 0.0512954269
0 0.6362797046 0.3191133887 0.0166586384 0.0468513644
0 0.5972864624 0.0820900210 0.0281872473 0.0585638286
0 0.7997823465 0.4122688389 0.0193222396 0.0453688376
0 0.8715113217 0.2100081914 0.0144813060 0.0421274355
0 0.9299645871 0.1915954654 0.0161956302 0.0543785503
0 0.8790599954 0.3114092749 0.0153052830 0.0401372770
0 0.8706885203 0.3851003452 0.0128357030 0.0471008133
0 0.8887684650 0.4174694926 0.0248876044 0.0392492685
0 0.9811393622 0.2476675188 0.0194798829 0.0326328988
0 0.0457736585 0.1535963085 0.0141823161 0.0347765606
0 0.1022838419 0.1591897061 0.0146713615 0.0573813250
0 0.1194004304 0.3004694836 0.0185837246 0.0739001913
0 0.2284162082 0.2322800357 0.0362720438 0.0592392577
0 0.2014045916 0.5532789064 0.0153385260 0.0439600037
0 0.1398996020 0.9863789401 0.0136118018 0.0253294090
0 0.1278633491 0.9755792522 0.0095444971 0.0364958165
0 0.4746256717 0.8913202608 0.0277431274 0.0401609528
0 0.4766480829 0.8408102939 0.0268974961 0.0556424970
0 0.4976770344 0.8590679882 0.0210289515 0.0469483568
0 0.3599922170 0.5931694550 0.0342331768 0.0356459746
0 0.3506764239 0.5511373048 0.0253454144 0.0309826603
0 0.3707450225 0.5123456790 0.0289017341 0.0246913580
0 0.3709750576 0.4683347355 0.0201293059 0.0549097769
0 0.3389178955 0.4737434907 0.0223682637 0.0374466093
0 0.3514524648 0.4039297513 0.0298317684 0.0669448792
0 0.3252885368 0.4008868023 0.0264084507 0.0539036689
0 0.3255330595 0.3322030951 0.0288536776 0.0278212485
0 0.6403844175 0.9624788106 0.0176056338 0.0399930447
0 0.6553941706 0.9925382542 0.0273865415 0.0130716397
0 0.7046038987 0.8995523960 0.0211502857 0.0418348839
0 0.7462572521 0.8128792814 0.0204528471 0.0451898423
0 0.7338859546 0.4082768214 0.0317879499 0.0808555034
0 0.9412411972 0.9360111285 0.0092918623 0.0443401148
0 0.7463820536 0.2140406846 0.0185837246 0.0565119110
0 0.8622375959 0.5897402141 0.0175600900 0.0307179217
0 0.7940034229 0.6391814405 0.0232030016 0.0336434381
0 0.7722254323 0.8553425903 0.0225972575 0.0325422490
0 0.7951553449 0.8318266924 0.0187598736 0.0374466093
0 0.8478335290 0.8799339245 0.0239632238 0.0365153886
0 0.8636868679 0.8386033392 0.0204586341 0.0390567913
0 0.8407074308 0.7801217963 0.0218242876 0.0343676064
0 0.8470789273 0.7339254208 0.0312568374 0.0331438340
0 0.7499456538 0.6573129277 0.0335865345 0.0400950626
0 0.7120174281 0.7069205356 0.0347222222 0.0504260129
0 0.7649158263 0.7419438078 0.0204908857 0.0238501691
0 0.7642180095 0.7180241063 0.0179370721 0.0245743374
0 0.7732855567 0.6936850892 0.0278508519 0.0291716042
0 0.0607538536 0.1189966460 0.0116409762 0.0495968030
0 0.0582450225 0.4256761579 0.0170600514 0.0267608649
0 0.0379736673 0.4231784771 0.0118416827 0.0317562264
0 0.0566393706 0.6085420681 0.0152536930 0.0413901377
0 0.1917148362 0.8563476772 0.0158558125 0.0335402840
0 0.2411889852 0.8952401342 0.0210741811 0.0285449226
0 0.2797246307 0.8292300007 0.0264932563 0.0285449226
0 0.4591880957 0.0565690018 0.0399405909 0.0356811532
0 0.2635677585 0.3339755941 0.0178628773 0.0549489760
0 0.9171684329 0.6938200243 0.0162572254 0.0356811532
0 0.8388929030 0.5048883180 0.0166586384 0.0524512952
0 0.8602681439 0.4761649897 0.0144508671 0.0321130379
0 0.8898723507 0.5082780275 0.0178628773 0.0392492685
0 0.8888688182 0.4761649897 0.0154543995 0.0292585456
0 0.8768264290 0.4622493399 0.0186657033 0.0349675302
0 0.8962949583 0.3842860201 0.0234826590 0.0328266610
0 0.8555515414 0.1637764933 0.0182642903 0.0581602797
0 0.1159327278 0.3675472471 0.0169497104 0.0462231584
0 0.0786598210 0.2873880990 0.0108609795 0.0348136446
0 0.0691153239 0.3192762273 0.0085571353 0.0272073021
0 0.0441021590 0.3634515242 0.0108609795 0.0292551635
0 0.0858181938 0.4866157627 0.0093799368 0.0280849570
0 0.0710077672 0.4864694869 0.0113546603 0.0242817857
0 0.0388362296 0.5022672752 0.0213928383 0.0277924054
0 0.0501086098 0.5723333918 0.0126711427 0.0245743374
0 0.2391061085 0.6002720730 0.0184307530 0.0245743374
0 0.6751908899 0.6290884091 0.0166205898 0.0336434381
0 0.9010498947 0.8811216430 0.0172788310 0.0266221988
0 0.9185755661 0.7731700895 0.0187598736 0.0225264759
0 0.9055753028 0.8224650401 0.0157977883 0.0204786145
0 0.9388164824 0.6725323270 0.0095444971 0.0301328184
0 0.8696188784 0.5672137382 0.0133293839 0.0348136446
0 0.8850875461 0.5676525657 0.0083925750 0.0406646773
0 0.9184932859 0.3622813177 0.0090508162 0.0327657832
0 0.9511585045 0.4535574279 0.0092153765 0.0280849570
0 0.9770767509 0.4417090867 0.0106964192 0.0260370955
0 0.9075500263 0.2095693640 0.0217219589 0.0260370955
