0 0.3878863459 0.6734480960 0.0234741784 0.0617283951
0 0.4478636632 0.6554115243 0.0215179969 0.0704225352
0 0.5314211659 0.7995131282 0.0171165884 0.0547730829
0 0.4497505869 0.7190923318 0.0249413146 0.0417318727
0 0.4317820559 0.7409462843 0.0232374296 0.0663126694
0 0.3865619657 0.7333271017 0.0366784038 0.0460789428
0 0.3937548905 0.7977743001 0.0224960876 0.0652060511
0 0.4228530908 0.8312467397 0.0249413146 0.0521648409
0 0.4443710876 0.8442879499 0.0268974961 0.0399930447
0 0.4693124022 0.5630325161 0.0210289515 0.0530342549
0 0.4698940270 0.4681367302 0.0192678227 0.0485263684
0 0.6441461268 0.2669970440 0.0215179969 0.0695531212
0 0.6720217136 0.2717788211 0.0176056338 0.0634672231
0 0.4040248435 0.3652408277 0.0273865415 0.0486871848
0 0.7607834507 0.4126238915 0.0210289515 0.0652060511
0 0.3974227308 0.5791166754 0.0229851330 0.0365153886
0 0.4278817070 0.6113470590 0.0252176393 0.0537795387
0 0.3041327303 0.8121967730 0.0237278884 0.0415775894
0 0.2458918068 0.7592404136 0.0162847872 0.0629078833
0 0.2648914319 0.7525647713 0.0210289515 0.0356459746
0 0.7153022300 0.5891149365 0.0190727700 0.0617283951
0 0.6656641236 0.7377847331 0.0176056338 0.0634672231
0 0.3790835290 0.2804729612 0.0176056338 0.0443401148
0 0.2216197494 0.6403555853 0.0224784198 0.0479273270
0 0.6245382882 0.7654730775 0.0429439473 0.0567777191
0 0.7923060299 0.4624058847 0.0351695715 0.0456281541
0 0.6825999677 0.2220297882 0.0407183236 0.0735153233
0 0.2660944991 0.5016682228 0.0273474490 0.0363741781
0 0.6939757240 0.2951934695 0.0223900240 0.0531533148
0 0.7214152973 0.2800382542 0.0254303599 0.0660754651
0 0.0338174883 0.2696831815 0.0146713615 0.0565119110
0 0.5822818858 0.6956181534 0.0337441315 0.0434707007
0 0.5857052034 0.7764736568 0.0200508607 0.0591201530
0 0.6517263302 0.7782124848 0.0220070423 0.0434707007
0 0.6160260172 0.8069031473 0.0249413146 0.0295600765
0 0.5962196792 0.8816727526 0.0176056338 0.0347765606
0 0.7504513069 0.6595374717 0.0347222222 0.0321683186
0 0.6502591941 0.3930620762 0.0308098592 0.0660754651
0 0.7825459703 0.3808902800 0.0166275430 0.0625978091
0 0.1793084898 0.6934446183 0.0161384977 0.0565119110
0 0.1980961011 0.1833968558 0.0293858325 0.0363862329
0 0.1876222613 0.1517996870 0.0239632238 0.0391236307
0 0.1683049687 0.1244131455 0.0136932707 0.0660754651
0 0.2372603678 0.1300643366 0.0322769953 0.0582507390
0 0.2378713211 0.3260485987 0.0168713590 0.0572441284
0 0.1670823552 0.4873934968 0.0161384977 0.0739001913
0 0.2074285994 0.6738828030 0.0322769953 0.0399930447
0 0.0396860329 0.8473308990 0.0127151800 0.0391236307
0 0.0761199139 0.9447052686 0.0132042254 0.0443401148
0 0.1280233888 0.8777923015 0.0171950336 0.0470272574
0 0.1731954225 0.6434533125 0.0146713615 0.0434707007
0 0.1862395774 0.4682907622 0.0169476840 0.0616796476
0 0.2110596907 0.4630825702 0.0288536776 0.0452095288
0 0.2030271909 0.9677447400 0.0195618153 0.0591201530
0 0.1827318075 0.9747000522 0.0171165884 0.0486871848
0 0.3741930751 0.1465832029 0.0156494523 0.0565119110
0 0.4101379108 0.1374543558 0.0288536776 0.0539036689
0 0.4370354069 0.1357155277 0.0220070423 0.0678142932
0 0.6447542407 0.8675489281 0.0222579506 0.0438971013
0 0.7253276604 0.8990610329 0.0254303599 0.0452095288
0 0.8485934183 0.6908086879 0.0152600849 0.0513508036
0 0.7853625749 0.5647693339 0.0183483891 0.0530382753
0 0.4385025430 0.9168840202 0.0220070423 0.0878108155
0 0.4580643584 0.3861067640 0.0210289515 0.0678142932
0 0.3573210094 0.0873198227 0.0210289515 0.0504260129
0 0.4397251565 0.2126586681 0.0293427230 0.0565119110
0 0.3683245305 0.4156668405 0.0244522692 0.0521648409
0 0.3242252871 0.0710313763 0.0187540424 0.0528598696
0 0.2916726737 0.1369962801 0.0202833693 0.0513421642
0 0.1851770344 0.0596418014 0.0171165884 0.0512954269
0 0.1695275822 0.0309511389 0.0132042254 0.0443401148
0 0.1868134283 0.1156252795 0.0184331947 0.0471358085
0 0.2494865023 0.0735524257 0.0264084507 0.0339071466
0 0.2218554382 0.1191966615 0.0259194053 0.0625978091
0 0.1198894757 0.1761432794 0.0166275430 0.0704225352
0 0.1933226083 0.9212310902 0.0185837246 0.0460789428
0 0.6764231221 0.8025560772 0.0234741784 0.0452095288
0 0.6140698357 0.9707876891 0.0161384977 0.0391236307
0 0.3455839202 0.1535385150 0.0259194053 0.0634672231
0 0.7514915884 0.1300643366 0.0298317684 0.0339071466
0 0.7739876761 0.3209007129 0.0171165884 0.0695531212
0 0.7483127934 0.2752564771 0.0215179969 0.0530342549
0 0.7510025430 0.3213354199 0.0288536776 0.0634672231
0 0.7571156103 0.3613284646 0.0166275430 0.0426012867
0 0.6607736698 0.3395931142 0.0176056338 0.0582507390
0 0.7074775039 0.4591375413 0.0308098592 0.0765084333
0 0.6785271853 0.6308481937 0.0179013972 0.0304322594
0 0.6869375978 0.6165014780 0.0200508607 0.0399930447
0 0.7803452660 0.9225352113 0.0180946792 0.0625978091
0 0.5874168623 0.9846983133 0.0156494523 0.0252130064
0 0.6018437011 0.9846983133 0.0141823161 0.0286906625
0 0.2074285994 0.0231264128 0.0176056338 0.0408624587
0 0.2218554382 0.3513302034 0.0239632238 0.0695531212
0 0.0681962480 0.7277211402 0.0288536776 0.0312989045
0 0.2076698514 0.7286359663 0.0210102619 0.0456182408
0 0.1646371283 0.7286558859 0.0161384977 0.0521648409
0 0.0153380039 0.4220786433 0.0115286089 0.0371671979
0 0.1213449511 0.4679691293 0.0205165846 0.0431958051
0 0.1022838419 0.1644061902 0.0146713615 0.0573813250
0 0.1033781870 0.9173003840 0.0153052830 0.0569657149
0 0.0898562942 0.9118627773 0.0138487476 0.0532267321
0 0.0508179673 0.9618748110 0.0124829613 0.0430387626
0 0.1183378874 0.6579260405 0.0158183567 0.0406076651
0 0.1674205174 0.9294646420 0.0164402641 0.0642848743
0 0.1529784843 0.9451166070 0.0164579319 0.0608122438
0 0.1626954344 0.8483603756 0.0191017452 0.0637873484
0 0.1492321987 0.7108328986 0.0185837246 0.0460789428
0 0.1404293818 0.2530864198 0.0234741784 0.0695531212
0 0.1060248271 0.2702729256 0.0182409688 0.0716954980
0 0.1021269517 0.3947355725 0.0239632238 0.0695531212
0 0.3885760977 0.1676375961 0.0205399061 0.0695531212
0 0.3734595070 0.3130759868 0.0210289515 0.0556424970
0 0.3155076291 0.0174752217 0.0205399061 0.0330377326
0 0.6656641236 0.1565814641 0.0312989045 0.0521648409
0 0.6346097418 0.1522343940 0.0171165884 0.0521648409
0 0.8316950313 0.1174578334 0.0210289515 0.0347765606
0 0.0220803991 0.7856025039 0.0117370892 0.0356459746
0 0.1330650792 0.0379660034 0.0175483901 0.0459598381
0 0.7483127934 0.5852025735 0.0303208138 0.0625978091
0 0.1078495600 0.0659003260 0.0169999808 0.0394688835
0 0.0953322597 0.1143060820 0.0115271954 0.0354283698
0 0.0854117762 0.0844201009 0.0141823161 0.0365153886
0 0.1417505818 0.0834242951 0.0202480336 0.0258296371
0 0.6953520759 0.7820399167 0.0218056291 0.0479876332
0 0.7541813380 0.9325334724 0.0205399061 0.0634672231
0 0.7801785389 0.9767074571 0.0255859511 0.0405301986
0 0.7576046557 0.9851330203 0.0136932707 0.0260824204
0 0.8402049661 0.6245366356 0.0214212780 0.0430498379
0 0.7937940141 0.5121717962 0.0264084507 0.0434707007
0 0.7761883803 0.1144148844 0.0156494523 0.0582507390
0 0.7776555164 0.0474700052 0.0176056338 0.0547730829
0 0.8165346244 0.0726830117 0.0200508607 0.0547730829
0 0.8365854851 0.0544253173 0.0229851330 0.0426012867
0 0.8104215571 0.0209528778 0.0176056338 0.0417318727
0 0.8505232786 0.9738306381 0.0117370892 0.0417318727
0 0.8649501174 0.9720918101 0.0102699531 0.0382542167
0 0.8798660016 0.9594853069 0.0146713615 0.0460789428
0 0.7340612194 0.9525299948 0.0161384977 0.0443401148
0 0.7097534731 0.9341325912 0.0176317822 0.0478127453
0 0.7165248435 0.5221700574 0.0215179969 0.0495565989
0 0.8773702447 0.8001971007 0.0223950277 0.0370139197
0 0.9187451095 0.9755694662 0.0122261346 0.0452095288
0 0.9324383803 0.9381846635 0.0122261346 0.0399930447
0 0.9312157668 0.9833941923 0.0088028169 0.0295600765
0 0.9510221049 0.8925404278 0.0132042254 0.0443401148
0 0.9625146714 0.8938445488 0.0097809077 0.0365153886
0 0.9735181925 0.8938445488 0.0102699531 0.0486871848
0 0.9443846565 0.8473635648 0.0141823161 0.0312989045
0 0.9774305556 0.7621283255 0.0141823161 0.0512954269
0 0.9323157656 0.6296725978 0.0168713590 0.0437305198
0 0.8945373631 0.5873761085 0.0146713615 0.0495565989
0 0.8680883403 0.2578045136 0.0116559450 0.0404969726
0 0.8947818858 0.3304642671 0.0161384977 0.0504260129
0 0.8914532676 0.5097972406 0.0224960876 0.0391236307
0 0.9094532473 0.5291253695 0.0200508607 0.0408624587
0 0.8937861272 0.2838435738 0.0188664098 0.0349675302
0 0.9177705523 0.2492328552 0.0138487476 0.0435310069
0 0.9351281299 0.4608763693 0.0146713615 0.0434707007
0 0.9287850275 0.5236555995 0.0147003367 0.0378913745
0 0.8546801643 0.1105025213 0.0180946792 0.0608589810
0 0.9654489437 0.3926273692 0.0176056338 0.0495565989
0 0.9544454225 0.1557120501 0.0102699531 0.0556424970
0 0.9656934664 0.1635367762 0.0122261346 0.0452095288
0 0.9456426056 0.3139454008 0.0200508607 0.0486871848
0 0.9468652191 0.3748043818 0.0146713615 0.0486871848
0 0.9820764867 0.4278386368 0.0156494523 0.0417318727
0 0.0649862662 0.9749852421 0.0124549268 0.0307285246
0 0.0504450313 0.9038428099 0.0244522692 0.0269518345
0 0.0534047453 0.7687594919 0.0166275430 0.0486871848
0 0.0706877646 0.7829156126 0.0174635845 0.0298299466
0 0.1511883803 0.7695183446 0.0303208138 0.0591201530
0 0.2633670520 0.7015047898 0.0156551060 0.0421303960
0 0.2247844101 0.5366445444 0.0229745323 0.0328266610
0 0.1154463712 0.7155855277 0.0120423892 0.0431741954
0 0.2282953602 0.5945806861 0.0143469802 0.0455804118
0 0.2678257042 0.1331072857 0.0210289515 0.0799860894
0 0.2414172535 0.0344287950 0.0249413146 0.0339071466
0 0.2624462050 0.3308989741 0.0151604069 0.0791166754
0 0.2115854851 0.0809424448 0.0220070423 0.0625978091
0 0.6708305489 0.8489634374 0.0240261212 0.0480303501
0 0.7079414610 0.8040102098 0.0180445026 0.0411624819
0 0.7186697174 0.7662527653 0.0206727681 0.0485263684
0 0.7295538040 0.7527858940 0.0215179969 0.0460789428
0 0.7220787014 0.6981377927 0.0377968225 0.0432934953
0 0.6429945380 0.6916572941 0.0375144452 0.0425042943
0 0.6490365806 0.6317162233 0.0322769953 0.0478177708
0 0.6579351040 0.5184002893 0.0217094099 0.0524500308
0 0.9465719332 0.9794476557 0.0080282595 0.0221223150
0 0.9596426200 0.9686003099 0.0086783751 0.0313265929
0 0.9672897946 0.9596182110 0.0105283372 0.0353801665
0 0.8864603404 0.5635838150 0.0118416827 0.0485263684
0 0.9209458138 0.5521648409 0.0166275430 0.0330377326
0 0.9669160798 0.5326030256 0.0146713615 0.0460789428
0 0.7397544992 0.4313162928 0.0347222222 0.0765084333
0 0.6742224178 0.3448095983 0.0190727700 0.0565119110
0 0.7957501956 0.2714873412 0.0254303599 0.0686837072
0 0.9431973787 0.1126760563 0.0161384977 0.0426012867
0 0.7704329098 0.2395200433 0.0234741784 0.0773778473
0 0.7774109937 0.1922274387 0.0298317684 0.0765084333
0 0.8231367371 0.2596070249 0.0176056338 0.0669448792
0 0.8400088028 0.2656929230 0.0171165884 0.0669448792
0 0.8573699139 0.2404799165 0.0205399061 0.0704225352
0 0.8783988654 0.1771066344 0.0215179969 0.0650181693
0 0.8568808685 0.1657103113 0.0215179969 0.0669448792
0 0.8923366588 0.1613632412 0.0200508607 0.0478177708
0 0.8680587484 0.1249170734 0.0174653058 0.0479562125
0 0.8779098200 0.1152842984 0.0176056338 0.0634672231
0 0.0780760955 0.8764562685 0.0132042254 0.0417318727
0 0.5165052817 0.8425491219 0.0312989045 0.0539036689
0 0.5456179696 0.8812146769 0.0171455637 0.0582974763
0 0.5708490365 0.8805462835 0.0184642901 0.0526789510
0 0.4628091109 0.6050592697 0.0275841843 0.0379745644
0 0.2946055326 0.7410229234 0.0276402514 0.0726402948
0 0.2682326503 0.6249408854 0.0191705376 0.0509354784
0 0.2500253710 0.6742845929 0.0230706453 0.0501320203
0 0.1982480444 0.6278659253 0.0212953823 0.0366395188
0 0.2094515653 0.5936446841 0.0187172933 0.0404971038
0 0.0208577856 0.8255955486 0.0112480438 0.0304294905
0 0.0761199139 0.8368979308 0.0249413146 0.0356459746
0 0.1492502199 0.5053250352 0.0156854946 0.0675971909
0 0.2083194111 0.4192291765 0.0187582827 0.0363460288
0 0.3140404930 0.6417144844 0.0254303599 0.0747696053
0 0.5091625338 0.6464761595 0.0298317684 0.0565119110
0 0.2778511346 0.4695705095 0.0215179969 0.0486871848
0 0.2744830292 0.3114756005 0.0216284214 0.0837406289
0 0.0814994131 0.4530516432 0.0122261346 0.0417318727
0 0.0457991002 0.2413493306 0.0132042254 0.0443401148
0 0.1267361111 0.5395583377 0.0185837246 0.0373848026
0 0.1162216354 0.5104329682 0.0161384977 0.0330377326
0 0.1173322348 0.1113787198 0.0281406042 0.0365018197
0 0.0629156886 0.2587376109 0.0151604069 0.0495565989
0 0.0604704617 0.2135280821 0.0180946792 0.0478177708
0 0.0538538614 0.0817683881 0.0147003367 0.0400799861
0 0.0360181925 0.0931142410 0.0122261346 0.0365153886
0 0.1551724747 0.1700591403 0.0262649880 0.0373883205
0 0.1560954419 0.1105947395 0.0136600552 0.0471327932
0 0.1696713983 0.0718656117 0.0207413193 0.0496606270
0 0.1624364241 0.0139540949 0.0166275430 0.0279081899
0 0.4231781787 0.0309511389 0.0347222222 0.0356459746
0 0.4507286776 0.2787341332 0.0327660407 0.0547730829
0 0.4023131847 0.2152669101 0.0220070423 0.0669448792
0 0.4211414319 0.3000347766 0.0224960876 0.0782472613
0 0.6908499609 0.9221005043 0.0180946792 0.0495565989
0 0.8721981657 0.7615177255 0.0288536776 0.0365153886
0 0.8299833725 0.9434011476 0.0205399061 0.0556424970
0 0.4646664710 0.1783168145 0.0273865415 0.0747696053
0 0.8607699101 0.8213801470 0.0158558125 0.0485263684
0 0.8852561015 0.8467748258 0.0150529865 0.0362726563
0 0.8818126425 0.8943481053 0.0186028058 0.0289017341
0 0.9209458138 0.8321161537 0.0107589984 0.0452095288
0 0.9356302495 0.7614943568 0.0146452131 0.0386527400
0 0.8906433745 0.7310229033 0.0180946792 0.0434707007
0 0.8742592941 0.6589399381 0.0161731266 0.0472740101
0 0.8737529343 0.6990958094 0.0190727700 0.0382542167
0 0.8358773587 0.5782346976 0.0244522692 0.0373848026
0 0.9225178968 0.5966273269 0.0125052862 0.0263271630
0 0.9085080186 0.4592800146 0.0190070456 0.0298450232
0 0.9544454225 0.4821770127 0.0190727700 0.0339071466
0 0.9204387472 0.3098375452 0.0185476822 0.0422103017
0 0.8277229125 0.3444864199 0.0172953329 0.0539892422
0 0.7578491784 0.0909407060 0.0190727700 0.0634672231
0 0.8121332160 0.2296122413 0.0210289515 0.0712919492
0 0.7991735133 0.1491914450 0.0352112676 0.0756390193
0 0.7967282864 0.0861589289 0.0322769953 0.0799860894
0 0.1275794029 0.9724711404 0.0124455820 0.0374955560
0 0.1406484629 0.9873945521 0.0122261346 0.0199965223
0 0.2824970657 0.9760041732 0.0171165884 0.0408624587
0 0.3000224876 0.9585741811 0.0149999830 0.0588739028
0 0.3230878326 0.8781950965 0.0347222222 0.0417318727
0 0.3606282177 0.9408676641 0.0178624605 0.0450600117
0 0.3551008706 0.9862279669 0.0224572184 0.0256922144
0 0.3824450092 0.9828456574 0.0157731270 0.0289183183
0 0.3495733001 0.9004260682 0.0280296206 0.0459571141
0 0.3446788747 0.8581515040 0.0205679406 0.0313930449
0 0.3655467060 0.8170509255 0.0208528017 0.0515944610
0 0.3810397105 0.8755868545 0.0215179969 0.0834637454
0 0.4059810250 0.9090592940 0.0293427230 0.0669448792
0 0.2147642801 0.7921231090 0.0215179969 0.0608589810
0 0.2414048860 0.8789959122 0.0190975049 0.0624606125
0 0.2699313556 0.9294772058 0.0197519211 0.0434973360
0 0.2910553599 0.9101422924 0.0215179969 0.0469483568
0 0.2705016729 0.8663384001 0.0235017402 0.0713623064
0 0.5610084116 0.9794818292 0.0312989045 0.0321683186
0 0.3235772313 0.7853421823 0.0268982028 0.0763576679
0 0.1252689750 0.7895148670 0.0205399061 0.0556424970
0 0.1359880441 0.8261971027 0.0253505014 0.0353243417
0 0.1021492131 0.7736736913 0.0123441557 0.0468865430
0 0.0676715136 0.6979781350 0.0158692400 0.0394965239
0 0.3976672535 0.3122065728 0.0224960876 0.0452095288
0 0.4050029343 0.2748217701 0.0254303599 0.0608589810
0 0.3988898670 0.4165362546 0.0308098592 0.0434707007
0 0.4119163540 0.5026740763 0.0304543825 0.0416002042
0 0.0386868384 0.6225292306 0.0146291541 0.0453258198
0 0.0596821233 0.4838221149 0.0135837302 0.0427887384
0 0.0413976917 0.5113023822 0.0190727700 0.0660754651
0 0.0805213224 0.2096157190 0.0112480438 0.0556424970
0 0.2399603647 0.2715996615 0.0435045444 0.0526759357
0 0.2428274993 0.1730241938 0.0289674584 0.0328854595
0 0.4650770713 0.1336618512 0.0166586384 0.0632275060
0 0.4844584146 0.1125900608 0.0221040483 0.0524192504
0 0.2982866902 0.3692584065 0.0308098592 0.0739001913
0 0.3005917449 0.3126412798 0.0229851330 0.0565119110
0 0.3258405818 0.3320632690 0.0343591761 0.0333173848
0 0.3267556729 0.3608937576 0.0303208138 0.0417318727
0 0.6089182514 0.8924492147 0.0322437798 0.0319858924
0 0.5931034283 0.9316356643 0.0316628617 0.0321115302
0 0.6084458138 0.6786645801 0.0215179969 0.0704225352
0 0.6316754695 0.5882455225 0.0396126761 0.0512954269
0 0.6360768779 0.3317683881 0.0220070423 0.0721613632
0 0.6000461766 0.0768936390 0.0226678189 0.0510225414
0 0.7980491329 0.4073003639 0.0164579319 0.0567330336
0 0.8726762570 0.2084126108 0.0143794890 0.0510934012
0 0.8843529223 0.4228216656 0.0236833654 0.0313994148
0 0.9818319640 0.2513475917 0.0180946792 0.0399930447
0 0.1198894757 0.3000347766 0.0195618153 0.0799860894
0 0.2286423563 0.2326041814 0.0375370600 0.0548751009
0 0.1918551188 0.3211575167 0.0175823123 0.0425148479
0 0.0452842597 0.1341166603 0.0160869076 0.0350564818
0 0.0621821205 0.5682490002 0.0176056338 0.0565119110
0 0.1816657310 0.7806440800 0.0267215246 0.0500727192
0 0.1692830595 0.6030255608 0.0215179969 0.0512954269
0 0.1577904930 0.6169361850 0.0171165884 0.0756390193
0 0.1249592195 0.6039047681 0.0199113619 0.0403172032
0 0.5025745554 0.8960959793 0.0489045383 0.0452095288
0 0.4622212441 0.8408102939 0.0264084507 0.0486871848
0 0.4930311033 0.8486350200 0.0254303599 0.0556424970
0 0.6423906517 0.9744135978 0.0176056338 0.0417318727
0 0.6467282746 0.9118456201 0.0237762888 0.0310701028
0 0.4940091941 0.7030081725 0.0401017214 0.0304294905
0 0.5221293036 0.7108328986 0.0180946792 0.0721613632
0 0.5387568466 0.7169187967 0.0190727700 0.0617283951
0 0.2685592723 0.2122239611 0.0430359937 0.0625978091
0 0.4603855572 0.0532837717 0.0422988921 0.0466232060
0 0.3074383803 0.4426186750 0.0288536776 0.0382542167
0 0.3244987850 0.4041224798 0.0238508564 0.0439546578
0 0.3472955790 0.3895844201 0.0264084507 0.0678142932
0 0.4252983177 0.5291253695 0.0366784038 0.0356459746
0 0.3397153756 0.4660928534 0.0249413146 0.0591201530
0 0.3695471440 0.4765258216 0.0249413146 0.0608589810
0 0.3759047340 0.6017214397 0.0337441315 0.0382542167
0 0.3825068466 0.5160841593 0.0342331768 0.0304294905
0 0.7131653042 0.8933295456 0.0204123494 0.0476571784
0 0.9417302426 0.9355764215 0.0102699531 0.0486871848
0 0.8470381235 0.8775158982 0.0272628667 0.0309184731
0 0.7247912653 0.8317276814 0.0208734746 0.0528081068
0 0.7672733477 0.7035716303 0.0261840194 0.0293025749
0 0.8567310454 0.7327240400 0.0273865415 0.0339071466
0 0.7207625619 0.2277266651 0.0174716914 0.0401037981
0 0.7500453003 0.1691286662 0.0259611014 0.0346107186
0 0.7476718048 0.2272889460 0.0170600514 0.0296153572
0 0.8404978482 0.5108676752 0.0161384977 0.0634672231
0 0.8287201230 0.5247788020 0.0209476795 0.0547740880
0 0.8507678013 0.4639193184 0.0200508607 0.0565119110
0 0.8599059535 0.5086569513 0.0256119852 0.0399186671
0 0.8857345462 0.4804381847 0.0264084507 0.0460789428
0 0.2038575787 0.3769713837 0.0228805395 0.0467423107
0 0.2507391511 0.3430172486 0.0152204775 0.0668378357
0 0.2184034986 0.9284520008 0.0182536896 0.0492967798
0 0.2305469478 0.9612133301 0.0178720646 0.0443185051
0 0.6705001606 0.9475130236 0.0158558125 0.0438878185
0 0.8644172558 0.8944677126 0.0117370892 0.0417318727
0 0.6402337637 0.2091810120 0.0254303599 0.0478177708
0 0.1361661358 0.7788147927 0.0163512183 0.0394588325
0 0.1939470666 0.7433307085 0.0170510190 0.0276108171
0 0.4220968615 0.5696320330 0.0302754914 0.0311410810
0 0.4299442488 0.4034950443 0.0264084507 0.0643366371
0 0.4382470663 0.4346977103 0.0195399072 0.0276287713
0 0.4394583723 0.4648545666 0.0307653362 0.0340388151
0 0.4030652866 0.9519732814 0.0267604388 0.0325950744
0 0.5213957355 0.9268822813 0.0430359937 0.0347765606
0 0.5272642801 0.9651364980 0.0303208138 0.0365153886
0 0.5072134194 0.9668753260 0.0264084507 0.0417318727
0 0.4690016092 0.9507440966 0.0294752636 0.0303353502
0 0.8065964731 0.3687647185 0.0236487365 0.0635124527
0 0.8571716809 0.3322136487 0.0240558032 0.0660543580
0 0.8338957355 0.3739349678 0.0224960876 0.0712919492
0 0.8519904147 0.3961050252 0.0234741784 0.0652060511
0 0.8212699547 0.4198171617 0.0177844322 0.0552489992
0 0.8104215571 0.7773430708 0.0273865415 0.0504260129
0 0.8416175908 0.7765331867 0.0256361016 0.0331567924
0 0.7719364110 0.7906805463 0.0208387845 0.0411393421
0 0.7550269660 0.7889700692 0.0144064360 0.0491204482
0 0.7762724058 0.7391649971 0.0285326832 0.0331900185
0 0.7976595752 0.7255575602 0.0184901207 0.0374955560
0 0.8090571361 0.7366605863 0.0178110640 0.0274613000
0 0.0615566795 0.1173909941 0.0116409762 0.0442446300
0 0.0781149647 0.2842003854 0.0122430957 0.0367515878
0 0.0377729608 0.3457503747 0.0122430957 0.0310426033
0 0.0388768465 0.4253193463 0.0136480411 0.0328266610
0 0.0570407836 0.4253193463 0.0182642903 0.0256904303
0 0.1130378934 0.5562691786 0.0212748876 0.0313994148
0 0.1801742132 0.8347605795 0.0148522800 0.0438878185
0 0.1912130700 0.8600941982 0.0140494541 0.0296153572
0 0.2861472383 0.8208449297 0.0238840719 0.0231927496
0 0.2522278420 0.9426960679 0.0170600514 0.0599443374
0 0.3509754335 0.5553771498 0.0272960822 0.0438878185
0 0.3228577331 0.5319277004 0.0293407316 0.0386922335
0 0.2419918112 0.6288803254 0.0182642903 0.0506672376
0 0.1645191073 0.5386070078 0.0234826590 0.0406765147
0 0.1873996468 0.5593020766 0.0186657033 0.0513808606
0 0.2000441554 0.5441375865 0.0242854849 0.0488831799
0 0.4172085742 0.0686862199 0.0272960822 0.0317562264
0 0.9155627810 0.6977449511 0.0158558125 0.0338970956
0 0.9226878613 0.7170127739 0.0116409762 0.0281881110
0 0.9410525048 0.6718761150 0.0110388568 0.0306857918
0 0.8991048491 0.8823949190 0.0142501606 0.0249768073
0 0.7658357418 0.8575965175 0.0291024406 0.0303289802
0 0.8116971741 0.8668736174 0.0148522800 0.0446014415
0 0.8273522800 0.8740098480 0.0152536930 0.0488831799
0 0.8069805716 0.9148647684 0.0210741811 0.0449582531
0 0.8956928388 0.6891814743 0.0182642903 0.0367515878
0 0.8890695247 0.6465424963 0.0170600514 0.0442446300
0 0.9047246307 0.6390494541 0.0186657033 0.0385356455
0 0.8135035324 0.5605509170 0.0230812460 0.0267608649
0 0.8810412653 0.3753657318 0.0315109184 0.0360379647
0 0.9254977521 0.2228288018 0.0128452152 0.0431741954
0 0.8798370263 0.3068579176 0.0142501606 0.0413901377
0 0.0695550248 0.3209090194 0.0112791932 0.0283085633
0 0.1167728238 0.3722182905 0.0145966030 0.0393174491
0 0.0807236377 0.3688763073 0.0106157113 0.0452150664
0 0.0855891720 0.4854525438 0.0115003539 0.0271290399
0 0.0695550248 0.4858457183 0.0090675867 0.0255563419
0 0.4732837933 0.3067547378 0.0181351734 0.0463945899
0 0.8212800778 0.8233860187 0.0163658882 0.0369584021
0 0.9210931942 0.7725348416 0.0154812456 0.0204450735
0 0.9676884289 0.6499960683 0.0075194621 0.0365652276
0 0.9760925336 0.6633640009 0.0079617834 0.0263426909
0 0.9045470630 0.2098372258 0.0187986553 0.0275222144
0 0.9185907643 0.3637650389 0.0123849965 0.0326334827
