0 0.3593949553 0.1328224777 0.0175606641 0.0588903079
0 0.3442289272 0.1714914148 0.0183588761 0.0553426990
0 0.3985073436 0.1491414786 0.0231481481 0.0617283951
0 0.3719667944 0.1739747410 0.0211526181 0.0560522208
0 0.4308349298 0.1317581950 0.0247445722 0.0553426990
0 0.4645593870 0.1182772811 0.0275383142 0.0510855683
0 0.4954901022 0.1094082588 0.0263409962 0.0560522208
0 0.3927203065 0.2055484603 0.0331257982 0.0482474812
0 0.0925925926 0.3754789272 0.0155651341 0.0503760465
0 0.5658482143 0.8633156966 0.0337301587 0.0405643739
0 0.4229910714 0.1737213404 0.0277777778 0.0511463845
0 0.4574652778 0.1604938272 0.0252976190 0.0511463845
0 0.4904513889 0.1578483245 0.0287698413 0.0546737213
0 0.4480406746 0.2028218695 0.0213293651 0.0476190476
0 0.4696180556 0.2111992945 0.0188492063 0.0573192240
0 0.4934275794 0.2059082892 0.0218253968 0.0555555556
0 0.5189732143 0.1843033510 0.0193452381 0.0687830688
0 0.5536954365 0.1904761905 0.0183531746 0.0652557319
0 0.5792410714 0.2142857143 0.0238095238 0.0617283951
0 0.3602430556 0.2200176367 0.0282738095 0.0343915344
0 0.4244791667 0.2283950617 0.0208333333 0.0529100529
0 0.4053819444 0.2376543210 0.0272817460 0.0396825397
0 0.4443204365 0.2420634921 0.0178571429 0.0502645503
0 0.4599454365 0.2636684303 0.0183531746 0.0599647266
0 0.4782986111 0.2557319224 0.0193452381 0.0476190476
0 0.5026041667 0.2605820106 0.0312500000 0.0502645503
0 0.5244295635 0.2566137566 0.0213293651 0.0670194004
0 0.5479910714 0.2455908289 0.0198412698 0.0537918871
0 0.5660962302 0.2676366843 0.0173611111 0.0626102293
0 0.5824652778 0.2848324515 0.0193452381 0.0705467372
0 0.6268601190 0.3289241623 0.0188492063 0.0687830688
0 0.6092509921 0.4047619048 0.0203373016 0.0564373898
0 0.3604910714 0.2579365079 0.0248015873 0.0361552028
0 0.3059275794 0.2724867725 0.0208333333 0.0564373898
0 0.3287450397 0.2702821869 0.0188492063 0.0485008818
0 0.3483382937 0.2808641975 0.0223214286 0.0520282187
0 0.3547867063 0.3209876543 0.0332341270 0.0440917108
0 0.3805803571 0.2764550265 0.0173611111 0.0573192240
0 0.3867807540 0.3284832451 0.0198412698 0.0555555556
0 0.3994295635 0.2843915344 0.0193452381 0.0661375661
0 0.4224950397 0.2892416226 0.0218253968 0.0599647266
0 0.4433283730 0.3143738977 0.0178571429 0.0608465608
0 0.4691220238 0.3306878307 0.0287698413 0.0511463845
0 0.3575148810 0.4603174603 0.0228174603 0.0546737213
0 0.4832589286 0.3108465608 0.0213293651 0.0573192240
0 0.4983878968 0.3037918871 0.0198412698 0.0520282187
0 0.4973958333 0.3677248677 0.0188492063 0.0617283951
0 0.5174851190 0.3302469136 0.0213293651 0.0608465608
0 0.5291418651 0.3355379189 0.0138888889 0.0379188713
0 0.5246775794 0.3664021164 0.0287698413 0.0467372134
0 0.5584077381 0.3390652557 0.0277777778 0.0502645503
0 0.5440228175 0.3046737213 0.0238095238 0.0643738977
0 0.4043898810 0.3399470899 0.0262896825 0.0502645503
0 0.4272073413 0.3408289242 0.0203373016 0.0626102293
0 0.4497767857 0.3571428571 0.0277777778 0.0423280423
0 0.2278025794 0.3130511464 0.0292658730 0.0388007055
0 0.2682291667 0.3408289242 0.0228174603 0.0661375661
0 0.2883184524 0.3183421517 0.0223214286 0.0546737213
0 0.3086557540 0.3403880071 0.0193452381 0.0599647266
0 0.2912946429 0.3549382716 0.0213293651 0.0343915344
0 0.2818700397 0.3783068783 0.0252976190 0.0370370370
0 0.2543402778 0.3950617284 0.0208333333 0.0511463845
0 0.2208581349 0.4096119929 0.0193452381 0.0520282187
0 0.2419394841 0.4373897707 0.0267857143 0.0405643739
0 0.2565724206 0.4722222222 0.0243055556 0.0537918871
0 0.2302827381 0.4854497354 0.0243055556 0.0555555556
0 0.2540922619 0.5114638448 0.0262896825 0.0440917108
0 0.2230902778 0.5771604938 0.0178571429 0.0555555556
0 0.2059771825 0.5542328042 0.0203373016 0.0449735450
0 0.2149057540 0.6737213404 0.0312500000 0.0423280423
0 0.2399553571 0.6626984127 0.0287698413 0.0343915344
0 0.2548363095 0.6190476190 0.0178571429 0.0564373898
0 0.2744295635 0.6137566138 0.0163690476 0.0599647266
0 0.2923784024 0.6474339866 0.0270983540 0.0285540403
0 0.2903025794 0.7045855379 0.0282738095 0.0440917108
0 0.2952628968 0.7473544974 0.0252976190 0.0449735450
0 0.3183283730 0.7870370370 0.0248015873 0.0449735450
0 0.3408978175 0.7998236332 0.0183531746 0.0652557319
0 0.3270089286 0.8249559083 0.0193452381 0.0414462081
0 0.3361855159 0.8602292769 0.0297619048 0.0467372134
0 0.3709077381 0.8218694885 0.0277777778 0.0511463845
0 0.3723958333 0.7698412698 0.0317460317 0.0405643739
0 0.3505704365 0.7936507937 0.0218253968 0.0388007055
0 0.3416418651 0.7460317460 0.0238095238 0.0493827160
0 0.3227926587 0.7429453263 0.0218253968 0.0537918871
0 0.3148561508 0.6882716049 0.0188492063 0.0573192240
0 0.3327132937 0.6781305115 0.0148809524 0.0582010582
0 0.3545386905 0.7094356261 0.0238095238 0.0626102293
0 0.3823164683 0.6895943563 0.0317460317 0.0511463845
0 0.3714037698 0.6358024691 0.0218253968 0.0582010582
0 0.3550347222 0.6313932981 0.0168650794 0.0564373898
0 0.3391617063 0.6067019400 0.0188492063 0.0546737213
0 0.3270089286 0.6247795414 0.0262896825 0.0485008818
0 0.3193204365 0.5868606702 0.0198412698 0.0520282187
0 0.3210565476 0.5335097002 0.0173611111 0.0599647266
0 0.3513144841 0.5361552028 0.0203373016 0.0564373898
0 0.3371775794 0.5533509700 0.0178571429 0.0590828924
0 0.3532986111 0.5776014109 0.0203373016 0.0511463845
0 0.3002402580 0.6021736587 0.0177725118 0.0418348839
0 0.2898065476 0.5771604938 0.0203373016 0.0485008818
0 0.3027033730 0.4960317460 0.0262896825 0.0343915344
0 0.3299851190 0.4708994709 0.0292658730 0.0582010582
0 0.3748759921 0.5026455026 0.0228174603 0.0634920635
0 0.3909970238 0.5238095238 0.0262896825 0.0564373898
0 0.3890128968 0.5864197531 0.0223214286 0.0687830688
0 0.4125744048 0.5568783069 0.0198412698 0.0626102293
0 0.4371279762 0.5454144621 0.0352182540 0.0414462081
0 0.3890128968 0.4188712522 0.0183531746 0.0634920635
0 0.2826140873 0.4457671958 0.0238095238 0.0467372134
0 0.2781498016 0.4907407407 0.0188492063 0.0590828924
0 0.2426835317 0.5656966490 0.0223214286 0.0485008818
0 0.2305586704 0.6126019913 0.0189050393 0.0426270395
0 0.2602926587 0.5767195767 0.0138888889 0.0370370370
0 0.2689541135 0.5568960689 0.0183913761 0.0361196787
0 0.2960069444 0.5617283951 0.0257936508 0.0299823633
0 0.2994791667 0.5348324515 0.0218253968 0.0432098765
0 0.3728918651 0.5767195767 0.0218253968 0.0582010582
0 0.3017113095 0.4735449735 0.0223214286 0.0229276896
0 0.3004712302 0.4338624339 0.0158730159 0.0599647266
0 0.2823660714 0.4135802469 0.0233134921 0.0370370370
0 0.3391617063 0.4179894180 0.0228174603 0.0458553792
0 0.3218005952 0.3738977072 0.0168650794 0.0670194004
0 0.3369295635 0.3624338624 0.0213293651 0.0740740741
0 0.3714037698 0.4056437390 0.0188492063 0.0617283951
0 0.3728752725 0.3636945128 0.0188823916 0.0430856745
0 0.4128224206 0.4805996473 0.0282738095 0.0405643739
0 0.4103422619 0.4365079365 0.0233134921 0.0458553792
0 0.4095982143 0.3849206349 0.0178571429 0.0414462081
0 0.4269593254 0.4047619048 0.0178571429 0.0564373898
0 0.4487847222 0.3968253968 0.0287698413 0.0546737213
0 0.4507688492 0.4982363316 0.0327380952 0.0335097002
0 0.4353918651 0.5194003527 0.0218253968 0.0370370370
0 0.4582093254 0.4642857143 0.0396825397 0.0396825397
0 0.4515128968 0.4365079365 0.0282738095 0.0282186949
0 0.4825148810 0.4179894180 0.0148809524 0.0458553792
0 0.4983878968 0.4387125220 0.0188492063 0.0573192240
0 0.5626240079 0.3985890653 0.0193452381 0.0564373898
0 0.5851934524 0.3897707231 0.0198412698 0.0652557319
0 0.4542410714 0.9748677249 0.0188492063 0.0449735450
0 0.4472966270 0.9325396825 0.0218253968 0.0502645503
0 0.4207589286 0.9616402116 0.0243055556 0.0485008818
0 0.3971974206 0.9757495591 0.0287698413 0.0308641975
0 0.3882688492 0.9250440917 0.0198412698 0.0458553792
0 0.4025288886 0.9453200686 0.0215756344 0.0247037782
0 0.3627232143 0.8932980600 0.0193452381 0.0493827160
0 0.3854612047 0.8757855777 0.0264486223 0.0456069752
0 0.5313740079 0.4109347443 0.0233134921 0.0511463845
0 0.5234375000 0.4519400353 0.0193452381 0.0432098765
0 0.5425347222 0.4365079365 0.0178571429 0.0511463845
0 0.5643155810 0.4603733512 0.0227283842 0.0636038453
0 0.6102430556 0.4977954145 0.0193452381 0.0555555556
0 0.6325644841 0.4982363316 0.0193452381 0.0546737213
0 0.5926339286 0.4585537919 0.0178571429 0.0599647266
0 0.5730406746 0.4841890851 0.0203373016 0.0564373898
0 0.6142113095 0.5436507937 0.0233134921 0.0449735450
0 0.6335565476 0.5705467372 0.0332341270 0.0405643739
0 0.6454613095 0.6891534392 0.0233134921 0.0520282187
0 0.6226438492 0.7041446208 0.0183531746 0.0520282187
0 0.6094990079 0.7310405644 0.0198412698 0.0564373898
0 0.5757688492 0.7050264550 0.0188492063 0.0626102293
0 0.5866718503 0.6636021883 0.0327187006 0.0555994383
0 0.6161954365 0.6609347443 0.0243055556 0.0502645503
0 0.6196676587 0.6203703704 0.0223214286 0.0590828924
0 0.4651537698 0.6732804233 0.0208333333 0.0537918871
0 0.4966517857 0.6384479718 0.0233134921 0.0529100529
0 0.5130208333 0.6613756614 0.0193452381 0.0511463845
0 0.5321180556 0.6578483245 0.0158730159 0.0476190476
0 0.5551835317 0.6468253968 0.0173611111 0.0537918871
0 0.5512152778 0.5806878307 0.0183531746 0.0643738977
0 0.5720486111 0.5467372134 0.0282738095 0.0511463845
0 0.4398561508 0.6362433862 0.0208333333 0.0555555556
0 0.5288938492 0.8439153439 0.0292658730 0.0335097002
0 0.5110367063 0.8990299824 0.0183531746 0.0555555556
0 0.4773065476 0.9201940035 0.0312500000 0.0379188713
0 0.4274553571 0.9237213404 0.0178571429 0.0502645503
0 0.4768105159 0.8306878307 0.0203373016 0.0546737213
0 0.4438244048 0.8558201058 0.0188492063 0.0537918871
0 0.5343501984 0.7314814815 0.0163690476 0.0520282187
0 0.5589037698 0.7460317460 0.0178571429 0.0564373898
0 0.5301339286 0.5339506173 0.0188492063 0.0573192240
0 0.4854910714 0.7861552028 0.0277777778 0.0379188713
0 0.4616815476 0.7332451499 0.0208333333 0.0537918871
0 0.4133184524 0.7394179894 0.0183531746 0.0520282187
0 0.4373759921 0.7067901235 0.0178571429 0.0537918871
0 0.5107886905 0.8126102293 0.0297619048 0.0291005291
0 0.5569196429 0.8209876543 0.0337301587 0.0352733686
0 0.5398065476 0.7627865961 0.0233134921 0.0476190476
0 0.4822668651 0.8871252205 0.0193452381 0.0476190476
0 0.4646577381 0.8813932981 0.0198412698 0.0520282187
0 0.4983878968 0.8443562610 0.0307539683 0.0343915344
0 0.5100446429 0.7857142857 0.0282738095 0.0423280423
0 0.5546875000 0.7888007055 0.0262896825 0.0361552028
0 0.5757688492 0.7469135802 0.0228174603 0.0405643739
0 0.5663442460 0.6044973545 0.0128968254 0.0661375661
0 0.5792410714 0.6111111111 0.0138888889 0.0511463845
0 0.5998263889 0.6212522046 0.0223214286 0.0573192240
0 0.4128224206 0.8395061728 0.0213293651 0.0546737213
0 0.3994295635 0.7826278660 0.0213293651 0.0432098765
0 0.3939732143 0.7438271605 0.0223214286 0.0502645503
0 0.4358878968 0.7760141093 0.0218253968 0.0529100529
0 0.4835069444 0.7451499118 0.0158730159 0.0511463845
0 0.5013640873 0.7473544974 0.0158730159 0.0573192240
0 0.4157986111 0.6931216931 0.0213293651 0.0440917108
0 0.4182787698 0.6353615520 0.0163690476 0.0502645503
0 0.4009176587 0.6441798942 0.0193452381 0.0502645503
0 0.4894593254 0.5692239859 0.0208333333 0.0555555556
0 0.4748263889 0.6084656085 0.0243055556 0.0458553792
0 0.4753224206 0.5467372134 0.0262896825 0.0370370370
0 0.3570764867 0.3804555729 0.0136932707 0.0495565989
0 0.3118397887 0.4313162928 0.0161384977 0.0399930447
0 0.5626329809 0.6740903704 0.0182688581 0.0334528675
0 0.4976770344 0.6873587202 0.0220070423 0.0426012867
0 0.4839837637 0.7095287776 0.0210289515 0.0399930447
0 0.5226183490 0.5804207964 0.0171165884 0.0565119110
0 0.2194591158 0.0683359416 0.0171165884 0.0430359937
0 0.3231367371 0.3098156842 0.0288536776 0.0343418536
0 0.2498025276 0.3352202914 0.0222156398 0.0339359897
0 0.2665876777 0.5280118191 0.0222156398 0.0210637177
0 0.2461822012 0.5438096074 0.0146458662 0.0339359897
0 0.2995820169 0.6293809607 0.0144813060 0.0298402668
0 0.5931575829 0.7001784565 0.0164560295 0.0286700603
0 0.6366015008 0.5912029723 0.0256714060 0.0392019191
