0 0.1610771988 0.2467771353 0.0312682214 0.0467896447
0 0.2177211934 0.0616140832 0.0180041152 0.0560128029
0 0.2030903133 0.3349919075 0.0361380983 0.0382398454
0 0.2317975988 0.3040137535 0.0242947860 0.0378400355
0 0.3202803498 0.2119341564 0.0315072016 0.0617283951
0 0.2704475309 0.3382487426 0.0244341564 0.0697302241
0 0.2404256687 0.4284179241 0.0278935185 0.0585733882
0 0.2106008684 0.6651806127 0.0225051440 0.0537265661
0 0.2313226988 0.5005808908 0.0366512346 0.0377229081
0 0.2315457819 0.6268861454 0.0250771605 0.0548696845
0 0.2241512346 0.5703017833 0.0261952852 0.0800411491
0 0.2348001701 0.5466742252 0.0252976190 0.0736961451
0 0.2586096939 0.5733182162 0.0193452381 0.0665154951
0 0.2613732993 0.6313303099 0.0218962585 0.0631141345
0 0.2625531463 0.6885865457 0.0259566327 0.0642479214
0 0.2556335034 0.4669312169 0.0172193878 0.0691609977
0 0.2741284014 0.4909297052 0.0231717687 0.0650037793
0 0.2748724490 0.6035525321 0.0191326531 0.0763416478
0 0.2921981293 0.6472033258 0.0231717687 0.0427059713
0 0.2958120748 0.6840513983 0.0303996599 0.0325018896
0 0.2977253401 0.7460317460 0.0231717687 0.0453514739
0 0.2916666667 0.7552910053 0.0225340136 0.0381708239
0 0.3377976190 0.8633786848 0.0340136054 0.0472411187
0 0.3179209184 0.7853363568 0.0201955782 0.0619803477
0 0.3428996599 0.7989417989 0.0255102041 0.0687830688
0 0.3278061224 0.8233182162 0.0238095238 0.0464852608
0 0.3217474490 0.7356386999 0.0218962585 0.0578231293
0 0.3416241497 0.7379062736 0.0204081633 0.0638699924
0 0.3666028912 0.7670068027 0.0363520408 0.0427059713
0 0.3700042517 0.8159486017 0.0214710884 0.0718065004
0 0.3717049320 0.9606953893 0.0172193878 0.0521541950
0 0.3906250000 0.9249811036 0.0184948980 0.0631141345
0 0.4002976190 0.9631519274 0.0344387755 0.0532879819
0 0.4279336735 0.9640967498 0.0212585034 0.0582010582
0 0.4547193878 0.9654195011 0.0165816327 0.0608465608
0 0.3628353043 0.6920290519 0.0379729489 0.0762518266
0 0.3105867347 0.2726757370 0.0267857143 0.0608465608
0 0.3265306122 0.2779667423 0.0161564626 0.0653817082
0 0.2913477891 0.3195389267 0.0180697279 0.0653817082
0 0.3119685374 0.3318216175 0.0261479592 0.0665154951
0 0.3070790816 0.4272486772 0.0210459184 0.0782312925
0 0.3307823129 0.4601284958 0.0314625850 0.0782312925
0 0.2512755102 0.4091080877 0.0174319728 0.0721844293
0 0.2678571429 0.4128873772 0.0170068027 0.0661375661
0 0.3787202381 0.2726757370 0.0201955782 0.0744520030
0 0.3999787415 0.2758881330 0.0214710884 0.0733182162
0 0.3584183673 0.2547241119 0.0335884354 0.0445956160
0 0.3577806122 0.2195767196 0.0378401361 0.0453514739
0 0.3449398348 0.1653496169 0.0303071121 0.0618614304
0 0.3601742737 0.1251935122 0.0273886494 0.0674489144
0 0.3765939296 0.1617576628 0.0307561063 0.0642560664
0 0.4001661279 0.1437978927 0.0285111351 0.0714399745
0 0.4337284483 0.1250399106 0.0287356322 0.0658524904
0 0.4232893319 0.1647509579 0.0316540948 0.0702426564
0 0.4643723060 0.1118694125 0.0303071121 0.0538793103
0 0.4982713721 0.1056832695 0.0249191810 0.0598659004
0 0.4944549210 0.1555715198 0.0370420259 0.0486909323
0 0.4575251437 0.1521791188 0.0282866379 0.0618614304
0 0.4487697557 0.1980763091 0.0202047414 0.0506864623
0 0.4699847342 0.2036637931 0.0190822557 0.0626596424
0 0.4944549210 0.2058588761 0.0199802443 0.0662515964
0 0.5141740748 0.1796469569 0.0242456897 0.0666507024
0 0.5555181394 0.1880986590 0.0226742098 0.0626596424
0 0.5478852371 0.2361909323 0.0217762213 0.0470945083
0 0.5249865302 0.2497605364 0.0249191810 0.0686462324
0 0.5050062859 0.2619332695 0.0365930316 0.0506864623
0 0.4801993534 0.2561462324 0.0202047414 0.0590676884
0 0.4620150862 0.2607359515 0.0233477011 0.0658524904
0 0.4458512931 0.2377873563 0.0224497126 0.0526819923
0 0.4256465517 0.2242177522 0.0215517241 0.0614623244
0 0.3953394397 0.2018678161 0.0350215517 0.0614623244
0 0.4049928161 0.2321998723 0.0309806034 0.0470945083
0 0.3470725575 0.2942608557 0.0332255747 0.0514846743
0 0.3220411279 0.3712883142 0.0213272270 0.0754310345
0 0.4238505747 0.2870769476 0.0246946839 0.0666507024
0 0.4379938937 0.3104246488 0.0202047414 0.0622605364
0 0.4275547773 0.3369651980 0.0181842672 0.0427043423
0 0.4222790948 0.3846583653 0.0278376437 0.0646551724
0 0.4040948276 0.3417544700 0.0251436782 0.0666507024
0 0.3826553520 0.3233955939 0.0276131466 0.0570721584
0 0.3446030891 0.3389607280 0.0350215517 0.0522828863
0 0.3703080101 0.3682950192 0.0226742098 0.0654533844
0 0.3485317888 0.3802681992 0.0307561063 0.0574712644
0 0.3405621408 0.4104007024 0.0260416667 0.0570721584
0 0.3717672414 0.4117975734 0.0188577586 0.0582694764
0 0.3907372486 0.4147908685 0.0262661638 0.0730363985
0 0.3557156968 0.4648786718 0.0213272270 0.0694444444
0 0.3822063578 0.4692688378 0.0401849856 0.0590676884
0 0.4186013037 0.4430628334 0.0267679809 0.0737054879
0 0.4494432471 0.4319524266 0.0273886494 0.0826149425
0 0.4519351652 0.3858955939 0.0314744971 0.0711206897
0 0.4534841954 0.3521312261 0.0269396552 0.0666507024
0 0.4675152658 0.3198036398 0.0352460489 0.0754310345
0 0.4974856322 0.2960568327 0.0269396552 0.0694444444
0 0.5195985991 0.3223978289 0.0217762213 0.0606641124
0 0.5438442888 0.2882742656 0.0226742098 0.0706417625
0 0.5572018678 0.3279853129 0.0309806034 0.0678480204
0 0.4995061063 0.3563218391 0.0224497126 0.0630587484
0 0.5327316810 0.3651021711 0.0390625000 0.0367177522
0 0.5620285560 0.3942369093 0.0231232040 0.0606641124
0 0.5323949353 0.4119971264 0.0271641523 0.0658524904
0 0.5028735632 0.4181832695 0.0226068606 0.0667305236
0 0.4785343450 0.4824872796 0.0266240682 0.0633061176
0 0.5064691520 0.4934231872 0.0261241959 0.0690078670
0 0.5312832801 0.5200567980 0.0176384452 0.0686309313
0 0.4847743610 0.5546680866 0.0274560703 0.0692225772
0 0.4425086528 0.5205005325 0.0297856763 0.0630102946
0 0.4123069755 0.5401727606 0.0196352503 0.0585729499
0 0.4080637646 0.4881079162 0.0314496805 0.0502899065
0 0.3779452875 0.5061531180 0.0231296592 0.0485149686
0 0.4479166667 0.5939419319 0.0253873534 0.0786339103
0 0.4727805695 0.5874278801 0.0269577052 0.0739810162
0 0.5225083752 0.5720733296 0.0217231993 0.0749115950
0 0.5844064070 0.3789782245 0.0219849246 0.0758421738
0 0.6101863484 0.3803740927 0.0206762982 0.0656058068
0 0.6264133166 0.3273310999 0.0259108040 0.0702587009
0 0.6345268007 0.3773497115 0.0248639028 0.0567653080
0 0.5829669179 0.2863856319 0.0269577052 0.0544388610
0 0.5663473618 0.2631211614 0.0261725293 0.0674669645
0 0.5800879397 0.2114740369 0.0248639028 0.0628140704
0 0.5904260888 0.4504001489 0.0256490787 0.0651405174
0 0.5638609715 0.4624976736 0.0211997487 0.0707239903
0 0.5738065327 0.4852968546 0.0217231993 0.0642099386
0 0.5502512563 0.5060022334 0.0217231993 0.0553694398
0 0.5717127303 0.5432253862 0.0400439698 0.0600223339
0 0.5524628350 0.5748650661 0.0183469430 0.0739810162
0 0.6095320352 0.4969290899 0.0188442211 0.0623487809
0 0.6300774707 0.5055369440 0.0164886935 0.0786339103
0 0.6145098705 0.5399493893 0.0300984087 0.0623487809
0 0.6345268007 0.5688163037 0.0353329146 0.0525777033
0 0.6408514493 0.6813830739 0.0311996779 0.0585972446
0 0.6161936393 0.6608069422 0.0201288245 0.0577026302
0 0.6216032609 0.6216675613 0.0244061997 0.0644122383
0 0.6023550725 0.6145106459 0.0251610306 0.0706745393
0 0.5871326490 0.6702003936 0.0319545089 0.0702272321
0 0.5550523349 0.6467167651 0.0206320451 0.0644122383
0 0.5103637545 0.6538777917 0.0201732263 0.0510407128
0 0.5314990202 0.6559161641 0.0186191626 0.0590445518
0 0.5038496377 0.6042225801 0.0223933172 0.0635176239
0 0.4883756039 0.6451511898 0.0206320451 0.0621757023
0 0.4663597021 0.6505188764 0.0239029791 0.0594918590
0 0.4328955314 0.6722132761 0.0208836554 0.0644122383
0 0.4198450969 0.6190231863 0.0324577295 0.0849883700
0 0.3888637279 0.5854356772 0.0193739936 0.0581499374
0 0.3766606280 0.5708981929 0.0133168821 0.0443896069
0 0.3483531666 0.5257887363 0.0239003751 0.0533667014
0 0.3543931159 0.5653068527 0.0233997585 0.0438361066
0 0.3556564571 0.6006979510 0.0224064748 0.0440281615
0 0.3735273676 0.6384331419 0.0324577295 0.0563607085
0 0.4076086957 0.7006172840 0.0221417069 0.0702272321
0 0.3010549363 0.4890894079 0.0341693206 0.0489502241
0 0.2826135551 0.3779208393 0.0190003577 0.0365601653
0 0.3003844778 0.3727547290 0.0250357654 0.0548402480
0 0.2875312947 0.4317676045 0.0176591559 0.0631855031
0 0.3150259299 0.5348911143 0.0181062232 0.0635828962
0 0.3325733190 0.5527738038 0.0183297568 0.0747099030
0 0.2980373748 0.5313145764 0.0221298283 0.0619933238
0 0.2867489270 0.5631060245 0.0290593705 0.0723255444
0 0.3171494993 0.5809887140 0.0152002861 0.0556350342
0 0.3041845494 0.6199332380 0.0160944206 0.0564298204
0 0.3410094758 0.6156016330 0.0196709585 0.0694166269
0 0.3161942829 0.6815245478 0.0199854651 0.0567039908
0 0.3960352067 0.7385874246 0.0436046512 0.0466551823
0 0.4402454780 0.7278208441 0.0230135659 0.0552684467
0 0.4336845930 0.7737582544 0.0264454134 0.0559862188
0 0.4003754845 0.7811154177 0.0252341731 0.0506029285
0 0.4683058786 0.7170542636 0.0238210594 0.0617283951
0 0.4893007106 0.7335630204 0.0270510336 0.0696238875
0 0.4794089147 0.7805770887 0.0318959948 0.0480907264
0 0.4985868863 0.7656833190 0.0197835917 0.0577806489
0 0.5094880491 0.7782443296 0.0230135659 0.0549095607
0 0.4136339662 0.8280590717 0.0283491561 0.0609470230
0 0.5380735759 0.7099742147 0.0273602321 0.0709095171
0 0.5201081224 0.7249179559 0.0250527426 0.0679793718
0 0.5662579114 0.6071261135 0.0217563291 0.0539146742
0 0.5769712553 0.6056610408 0.0240638186 0.0591889358
0 0.6229562236 0.6988396624 0.0217563291 0.0591889358
0 0.6082871835 0.7255039850 0.0280195148 0.0714955462
0 0.5758175105 0.6959095171 0.0290084388 0.0627051102
0 0.5570279536 0.7395686826 0.0224156118 0.0691514299
0 0.5723562764 0.7477730895 0.0253823840 0.0492264416
0 0.5398866034 0.7592006564 0.0276898734 0.0556727614
0 0.5580168776 0.7846929208 0.0441719409 0.0386779184
0 0.5548852848 0.8178035631 0.0385680380 0.0380918894
0 0.5679061181 0.8623417722 0.0309862869 0.0427801219
0 0.5278546941 0.8427097984 0.0372494726 0.0386779184
0 0.5102188819 0.8125293015 0.0356012658 0.0416080638
0 0.5095595992 0.9001406470 0.0210970464 0.0468823254
0 0.4795622363 0.9224097515 0.0290084388 0.0492264416
0 0.4494000527 0.9282700422 0.0234045359 0.0515705579
0 0.4261603376 0.9109821847 0.0197784810 0.0603609939
0 0.3819883966 0.8676160338 0.0329641350 0.0545007032
0 0.3963277954 0.8512072199 0.0293380802 0.0673933427
0 0.4118209388 0.8980895452 0.0220859705 0.0568448195
0 0.4424775844 0.8400726676 0.0253823840 0.0650492264
0 0.4352254747 0.8843178622 0.0214266878 0.0421940928
0 0.4602782173 0.8321612752 0.0187895570 0.0539146742
0 0.4584651899 0.7770745429 0.0178006329 0.0726676043
0 0.4643987342 0.8761134552 0.0210970464 0.0503984998
0 0.4851661392 0.8737693390 0.0230748945 0.0562587904
0 0.4868143460 0.8333333333 0.0395569620 0.0503984998
0 0.5371552230 0.6040036515 0.0194395540 0.0762910798
0 0.5036243557 0.7039900725 0.0187929553 0.0639557083
0 0.5633746819 0.6699886910 0.0151081425 0.0551314673
0 0.4845845882 0.4218878864 0.0265773034 0.0632792938
0 0.6081393868 0.4204957419 0.0314418991 0.0316396469
0 0.3237619786 0.6381110236 0.0198038878 0.0583181972
0 0.4261041120 0.5621607515 0.0174954591 0.0496784642
0 0.3947021928 0.5194718312 0.0147010455 0.0581022038
0 0.5121063057 0.4479602557 0.0188319178 0.0407687397
0 0.5178424471 0.4827027816 0.0185281772 0.0313190318
0 0.5916265004 0.5797513743 0.0213833390 0.0516224041
0 0.6028520395 0.6494511236 0.0242020518 0.0241912522
0 0.5043247006 0.8401458937 0.0221609149 0.0219449216
0 0.4500582400 0.6663288576 0.0197431397 0.0615580970
0 0.3602716803 0.7263312627 0.0159160080 0.0444946245
0 0.3377997350 0.6944420085 0.0166449854 0.0414707180
0 0.3446970768 0.6739615216 0.0136075793 0.0321830051
