0 0.3383048611 0.6401438637 0.0259012172 0.0657511444 0.3289726599 0.6240718343 2 0.3484699369 0.6683028758 2
0 0.2602411049 0.5989388265 0.0271535581 0.0549313358 0.2522985953 0.5828467165 2 0.2714854784 0.6222864208 2
0 0.2974602060 0.5294423637 0.0163857678 0.0574282147 0.3008695419 0.5135474523 2 0.2940787298 0.5531082858 2
0 0.3552992926 0.5405657943 0.0205992509 0.0607573866 0.3517267047 0.5233564414 2 0.3632218765 0.5612806834 2
0 0.3761118914 0.5361007074 0.0276217228 0.0574282147 0.3697341000 0.5189056747 2 0.3854052048 0.5575378502 2
0 0.3028441011 0.3729712859 0.0308988764 0.0790678319 0.2956470819 0.3457169213 2 0.3143464195 0.4083676937 2
0 0.3569039014 0.6664977600 0.0268406001 0.0645671624 0.3680496078 0.6462396247 2 0.3447681790 0.6910152210 2
0 0.3887523408 0.6688514357 0.0201310861 0.0682480233 0.3894398405 0.6440022686 2 0.3884465802 0.6943274604 2
0 0.3667485955 0.7187890137 0.0163857678 0.0649188514 0.3721164969 0.7001909805 2 0.3661235428 0.7455417953 2
0 0.3836025281 0.7408447774 0.0306882022 0.0419059509 0.3717320897 0.7479658585 2 0.3967327990 0.7369765357 2
0 0.4197630748 0.6943809069 0.0414069389 0.0584040734 0.4342696202 0.6818424101 2 0.4022979848 0.7121335670 2
0 0.4294826779 0.7321057012 0.0201310861 0.0832292967 0.4271611081 0.7046616071 2 0.4315794188 0.7676796967 2
0 0.4505500936 0.7063046192 0.0313670412 0.0332917187 0.4595794500 0.6987079413 2 0.4369909497 0.7149589025 2
0 0.4587943436 0.7515993592 0.0365168539 0.0382854765 0.4460135738 0.7596669748 2 0.4703741105 0.7415951589 2
0 0.5088366105 0.7579067832 0.0234082397 0.0665834374 0.5004691197 0.7855179569 2 0.5185845872 0.7323598513 2
0 0.1488178839 0.5082188931 0.0159176030 0.0765709530 0.1482035766 0.4877686043 2 0.1495965637 0.5447262989 2
0 0.1698852996 0.4807532251 0.0177902622 0.0815647108 0.1692356831 0.4542209528 2 0.1699776002 0.5167398288 2
0 0.1616924157 0.5764669164 0.0294943820 0.0382854765 0.1735924612 0.5683041911 2 0.1501503946 0.5776494459 2
0 0.2045294944 0.5856221390 0.0299625468 0.0382854765 0.2153916392 0.5756553104 2 0.1922269535 0.5900239906 2
0 0.3894545880 0.7882854765 0.0177902622 0.0607573866 0.3923177216 0.7677356463 2 0.3881175627 0.8109653522 2
0 0.4411867978 0.8249063670 0.0285580524 0.0507698710 0.4313113034 0.8412260995 2 0.4456633593 0.8175086323 2
0 0.4568703184 0.8299001248 0.0177902622 0.0557636288 0.4600991110 0.8133838469 2 0.4527950135 0.8536014706 2
0 0.5696980337 0.8207449022 0.0365168539 0.0424469413 0.5855747738 0.8204921082 2 0.5526814612 0.8183370259 2
0 0.5742219305 0.8761602345 0.0220037453 0.0657511444 0.5785223845 0.8532834295 2 0.5724220094 0.9011295080 2
0 0.4973665730 0.9077195173 0.0463483146 0.0532667499 0.5164015311 0.9075766634 2 0.4788942245 0.9135707780 2
0 0.3604283708 0.8648564295 0.0187265918 0.0707449022 0.3637318700 0.8342933504 2 0.3619300714 0.8855445086 2
0 0.3765800562 0.8927382439 0.0201310861 0.0549313358 0.3721664977 0.8757578523 2 0.3751644482 0.9132433369 2
0 0.3676150750 0.9344668144 0.0415895908 0.0505465729 0.3819911301 0.9436302069 2 0.3506386689 0.9315779171 2
0 0.4697448502 0.5510819809 0.0266853933 0.0774032459 0.4655998657 0.5234000567 2 0.4782730200 0.5817278585 2
0 0.4844556442 0.6086903566 0.0399809879 0.0581387087 0.4740143797 0.5956072668 2 0.5004321475 0.6273842454 2
0 0.4290145131 0.5698085726 0.0191947566 0.0549313358 0.4288755475 0.5512292741 2 0.4350713119 0.5917349163 2
0 0.4458684457 0.6006034124 0.0220037453 0.0599250936 0.4442206934 0.5834359972 2 0.4520698728 0.6262673222 2
0 0.0360937050 0.1106389449 0.0182584270 0.0516021640 0.0401307806 0.0875322417 2 0.0342636986 0.1211132135 2
0 0.0586961610 0.1187057844 0.0220037453 0.0449438202 0.0519518929 0.1081559058 2 0.0621721787 0.1338837718 2
0 0.1025888613 0.1016677871 0.0184790046 0.0380934089 0.1076853921 0.0886059212 2 0.0975709927 0.1145787000 2
0 0.1018759058 0.1048187144 0.0245759235 0.0433490771 0.1114861164 0.0853061975 2 0.0975124668 0.1208872068 2
0 0.1012991573 0.1628173117 0.0163857678 0.0615896796 0.1031837780 0.1399940727 2 0.1002706180 0.1929787259 2
0 0.0982560861 0.2257354589 0.0177902622 0.0799001248 0.0988011075 0.1950932959 2 0.0935683212 0.2493592280 2
0 0.1094920412 0.2489596338 0.0215355805 0.0807324178 0.1041770612 0.2777334955 2 0.1139686897 0.2231591338 2
0 0.0494417765 0.4466925969 0.0279524323 0.0305347482 0.0579326564 0.4480881279 2 0.0401885576 0.4463356243 2
0 0.1080670759 0.4541579124 0.0147942930 0.0618738772 0.1095544797 0.4312293585 2 0.1092354997 0.4820571878 2
0 0.1013853982 0.3862770221 0.0159176030 0.0649188514 0.1042792986 0.3645296268 2 0.1029801867 0.4107202714 2
0 0.1136019879 0.6723806780 0.0187896139 0.0455520343 0.1178159159 0.6570267755 2 0.1073426637 0.6888813450 2
0 0.1233029026 0.6126716604 0.0220037453 0.0574282147 0.1179528921 0.5943187275 2 0.1309420098 0.6354823080 2
0 0.1093957260 0.5619017894 0.0187265918 0.0624219725 0.1132405218 0.5474510624 2 0.1136419480 0.5906973800 2
0 0.1637991573 0.6313982522 0.0252808989 0.0632542655 0.1725275539 0.6533735859 2 0.1569927195 0.6167548488 2
0 0.2356624532 0.6189138577 0.0191947566 0.0699126092 0.2366727019 0.5930063972 2 0.2323805525 0.6499426707 2
0 0.2302785581 0.5319392426 0.0327715356 0.0457761132 0.2445141291 0.5340740795 2 0.2199475904 0.5394037692 2
0 0.2007841760 0.5053058677 0.0346441948 0.0474406991 0.2157029053 0.5062101577 2 0.1917994679 0.5176910820 2
0 0.4182467228 0.2884935497 0.0285580524 0.0882230545 0.4182264640 0.2672138751 2 0.4214363908 0.3248498939 2
0 0.4685744382 0.2780898876 0.0252808989 0.0590928007 0.4792772426 0.3060729661 2 0.4619711320 0.2595493492 2
0 0.4498478464 0.3504993758 0.0252808989 0.0657511444 0.4545449406 0.3343476212 2 0.4449390057 0.3700858467 2
0 0.3821980337 0.2685185185 0.0210674157 0.0665834374 0.3836499199 0.2505203177 2 0.3790470060 0.2985413608 2
0 0.3447448502 0.3093008739 0.0191947566 0.0682480233 0.3479369407 0.2901905445 2 0.3461987350 0.3376463175 2
0 0.3314021536 0.3575738660 0.0215355805 0.0599250936 0.3292026269 0.3809120930 2 0.3349804952 0.3409878715 2
0 0.3714302434 0.3047232626 0.0210674157 0.0640865585 0.3698788798 0.2840837429 2 0.3726769669 0.3340347797 2
0 0.4194064609 0.3735688887 0.0271535581 0.0766902677 0.4226201008 0.4035835646 2 0.4143242786 0.3495070938 2
0 0.2530735223 0.4388604023 0.0277071221 0.0619414836 0.2444586925 0.4652685547 2 0.2533925603 0.4230357249 2
0 0.2930126404 0.7803786933 0.0280898876 0.0615896796 0.2911854048 0.7615392629 2 0.2997007955 0.8085482033 2
0 0.2662348834 0.8451506818 0.0176055345 0.0518958898 0.2657405070 0.8250804667 2 0.2684064195 0.8663689172 2
0 0.2792017790 0.8523720350 0.0294943820 0.0341240117 0.2653865878 0.8537939089 2 0.2920252998 0.8513944515 2
0 0.3016736891 0.8648564295 0.0163857678 0.0607573866 0.3011781188 0.8448960953 2 0.2991885699 0.8904837851 2
0 0.3319199226 0.8377377707 0.0171944161 0.0573525517 0.3300063498 0.8177379066 2 0.3339543511 0.8565076968 2
0 0.3292100694 0.8697721598 0.0243445693 0.0524344569 0.3201121279 0.8562769008 2 0.3387430121 0.8883277170 2
0 0.2001113189 0.0468456027 0.0303039386 0.0422006906 0.2064665963 0.0311057488 2 0.1920983496 0.0596413050 2
0 0.5697405941 0.7259362568 0.0253660197 0.0689348105 0.5758204268 0.6978802710 2 0.5667817716 0.7472915862 2
0 0.6022354869 0.8823345818 0.0248127341 0.0757386600 0.6080092064 0.8586772733 2 0.5976753619 0.9061976486 2
0 0.5899054511 0.7275959399 0.0280898876 0.0632542655 0.5772432106 0.7059129236 2 0.6009669065 0.7431061484 2
0 0.6202598315 0.7500000000 0.0205992509 0.0840615897 0.6223386830 0.7185774950 2 0.6182096876 0.7840976862 2
0 0.6345388577 0.6634415314 0.0182584270 0.0823970037 0.6339338447 0.6390297385 2 0.6342039398 0.6961698518 2
0 0.6584475494 0.6773967885 0.0266853933 0.0624219725 0.6536507378 0.6607253574 2 0.6705709886 0.6972660334 2
0 0.6525632022 0.7470869746 0.0271535581 0.0699126092 0.6487976629 0.7241305858 2 0.6506940235 0.7752638747 2
0 0.6740987828 0.7383478985 0.0159176030 0.0674157303 0.6784280048 0.7183746133 2 0.6672311682 0.7580540350 2
0 0.6380500936 0.8465459842 0.0346441948 0.0474406991 0.6235396801 0.8410869283 2 0.6515886866 0.8502927561 2
0 0.6677785581 0.5743861839 0.0285580524 0.0724094881 0.6641804421 0.5489585571 2 0.6690543828 0.6018839915 2
0 0.6307935393 0.5419267582 0.0210674157 0.0690803163 0.6377019711 0.5166295142 2 0.6254740305 0.5693656531 2
0 0.1886482940 0.1230679498 0.0147637795 0.0685331000 0.1846362682 0.0981149861 2 0.1872544675 0.1515317943 2
0 0.1755249344 0.1310877807 0.0164041995 0.0670749490 0.1740484503 0.1092688985 2 0.1730722625 0.1572105664 2
0 0.1630167323 0.1186934966 0.0192749344 0.0656167979 0.1604870530 0.0958634348 2 0.1609645362 0.1465827579 2
0 0.1486630577 0.1493146690 0.0168143045 0.0641586468 0.1492270449 0.1267844430 2 0.1477097095 0.1753391757 2
0 0.1369750656 0.1321813940 0.0164041995 0.0648877224 0.1416614790 0.1141384586 2 0.1325227891 0.1602237803 2
0 0.1248769685 0.0789588801 0.0258366142 0.0342665500 0.1163380856 0.0696054699 2 0.1352086507 0.0853808629 2
0 0.1240567585 0.1055701371 0.0250164042 0.0277048702 0.1159676498 0.1085193325 2 0.1330757525 0.0997856791 2
0 0.1199557087 0.1496792068 0.0184547244 0.0634295713 0.1202533398 0.1269947242 2 0.1170223704 0.1745874168 2
0 0.1338992782 0.2265966754 0.0200951444 0.0481189851 0.1283413476 0.2139008578 2 0.1373578214 0.2448700623 2
0 0.1234416010 0.2623213765 0.0155839895 0.0481189851 0.1249973473 0.2482249416 2 0.1228088828 0.2824622531 2
0 0.0530407475 0.3308142702 0.0164675245 0.0544662309 0.0532266073 0.3129207393 2 0.0527311795 0.3513218982 2
0 0.0335094975 0.3876633987 0.0126378676 0.0510620915 0.0342106273 0.3690412800 2 0.0324895409 0.4066006826 2
0 0.0294883578 0.4308959695 0.0153186275 0.0449346405 0.0262182867 0.4154071791 2 0.0293246190 0.4476694372 2
0 0.0794373580 0.5318010278 0.0172334559 0.0476579521 0.0792246737 0.5179591144 2 0.0754753593 0.5504531727 2
0 0.0669205271 0.6802185640 0.0168504902 0.0462962963 0.0646396766 0.6647096042 2 0.0693561492 0.7003451751 2
0 0.0474877451 0.6913126362 0.0137867647 0.0456154684 0.0507325357 0.6836462602 2 0.0517792193 0.7070388081 2
0 0.0593596814 0.7694524368 0.0247429135 0.0407164677 0.0509747029 0.7550186573 2 0.0691214347 0.7863369580 2
0 0.0716145833 0.8298611111 0.0153186275 0.0476579521 0.0695174375 0.8123546745 2 0.0715115344 0.8493466166 2
0 0.0589767157 0.8206699346 0.0130208333 0.0415305011 0.0575218721 0.8117271767 2 0.0596373488 0.8391276366 2
0 0.0400199142 0.8553921569 0.0134037990 0.0428921569 0.0368179446 0.8419946002 2 0.0402512592 0.8740388701 2
0 0.0260314007 0.8631439140 0.0126378676 0.0381263617 0.0230226473 0.8467380250 2 0.0300213675 0.8760659956 2
0 0.0578278186 0.8666258170 0.0222120098 0.0435729847 0.0510662872 0.8473683860 2 0.0639210794 0.8826635193 2
0 0.0738121650 0.7567211746 0.0165513946 0.0431196477 0.0706763930 0.7442287488 2 0.0756546586 0.7758851525 2
0 0.0671182930 0.5733383434 0.0264254858 0.0541339818 0.0770100613 0.5778053433 2 0.0566033483 0.5667640300 2
0 0.0299499323 0.5314578317 0.0157015931 0.0422113290 0.0294783098 0.5216858817 2 0.0297854750 0.5472147256 2
0 0.0610632184 0.2138409962 0.0179597701 0.0510855683 0.0637964447 0.1980494094 2 0.0573746150 0.2325800814 2
0 0.0853089080 0.2046615581 0.0179597701 0.0550766284 0.0905057406 0.1879925061 2 0.0798849645 0.2277146540 2
0 0.0805944684 0.6161398467 0.0202047414 0.0542784163 0.0799713654 0.5951482134 2 0.0857972546 0.6385077504 2
0 0.0992277299 0.6333014049 0.0197557471 0.0534802043 0.0951399944 0.6178073664 2 0.1057447972 0.6553403688 2
0 0.0973421219 0.6897666012 0.0179597701 0.0518837803 0.0943860495 0.6787622729 2 0.1045799035 0.7131612863 2
0 0.1196569684 0.8915229885 0.0157147989 0.0542784163 0.1223211655 0.8835216618 2 0.1176802029 0.9163485177 2
0 0.1302083333 0.9078863346 0.0143678161 0.0502873563 0.1298419703 0.8942931353 2 0.1308482866 0.9321875532 2
0 0.1421138765 0.9282279489 0.0130352242 0.0686718162 0.1407231027 0.9025361884 2 0.1430863652 0.9518066316 2
0 0.1398617098 0.8579980843 0.0166127874 0.0558748404 0.1363599902 0.8369311733 2 0.1383929526 0.8822888218 2
0 0.1578214799 0.8839399745 0.0246946839 0.0518837803 0.1480641319 0.8670626438 2 0.1659033764 0.9044820585 2
0 0.1618624282 0.8504150702 0.0237966954 0.0375159642 0.1729547934 0.8484033798 2 0.1520704618 0.8549553270 2
0 0.1364942529 0.7857598978 0.0143678161 0.0598659004 0.1383817870 0.7641858461 2 0.1354382058 0.8116320142 2
0 0.1486170977 0.7921455939 0.0134698276 0.0566730524 0.1491063214 0.7757265381 2 0.1502404239 0.8140340024 2
0 0.1611889368 0.8081098340 0.0161637931 0.0470945083 0.1619202514 0.7946181407 2 0.1630340244 0.8284311448 2
0 0.1674509100 0.7829661558 0.0197557471 0.0606641124 0.1682938342 0.7651946316 2 0.1699864192 0.8021128244 2
0 0.1560255029 0.7666028097 0.0193067529 0.0534802043 0.1543513003 0.7474765452 2 0.1574014766 0.7872219841 2
0 0.1688351024 0.7314194180 0.0273886494 0.0494891443 0.1582650555 0.7251207996 2 0.1813008679 0.7380987221 2
0 0.1939655172 0.7223020434 0.0251436782 0.0367177522 0.1855236702 0.7221144171 2 0.2040933290 0.7240144302 2
0 0.1794710617 0.6751052002 0.0215517241 0.0614623244 0.1757633160 0.6576961758 2 0.1856028537 0.6966567695 2
0 0.1858836207 0.6081577267 0.0269396552 0.0399106003 0.1754867609 0.6088573239 2 0.1974863176 0.6207324055 2
0 0.1355962644 0.5566730524 0.0188577586 0.0646551724 0.1333173717 0.5371050348 2 0.1404922766 0.5808079165 2
0 0.2139457615 0.6939655172 0.0345725575 0.0343231162 0.2233149912 0.6841000629 2 0.2001666988 0.7034920776 2
0 0.2617636494 0.7494412516 0.0170617816 0.0542784163 0.2634933762 0.7346253948 2 0.2629596068 0.7725823293 2
0 0.2443378334 0.7863614325 0.0294856378 0.0428882004 0.2547140411 0.7846519028 2 0.2319390571 0.7938993586 2
0 0.2259053357 0.7327876466 0.0327765805 0.0518837803 0.2155090778 0.7131830760 2 0.2352376132 0.7524889702 2
0 0.2118514291 0.7594470044 0.0360672567 0.0535364098 0.1980269250 0.7548448124 2 0.2241275275 0.7699084206 2
0 0.2260686063 0.8148946360 0.0148168103 0.0590676884 0.2316830754 0.8366354006 2 0.2202593638 0.8011810189 2
0 0.2171508897 0.8321099261 0.0273886494 0.0638569604 0.2124470731 0.8035157021 2 0.2183080703 0.8563577090 2
0 0.2150682471 0.9122765006 0.0134698276 0.0494891443 0.2205150479 0.8929999598 2 0.2125992124 0.9210145566 2
0 0.1893763783 0.8609171270 0.0226481055 0.0532296029 0.1832223641 0.8435957924 2 0.1949128691 0.8833008575 2
0 0.2809442862 0.4436516283 0.0336745690 0.0590676884 0.2733917110 0.4196114922 2 0.2931411784 0.4647039582 2
0 0.2701266613 0.4761088237 0.0262134675 0.0548274411 0.2633775492 0.4593209750 2 0.2762994734 0.4946149062 2
0 0.2065064814 0.1962300949 0.0166127874 0.0590676884 0.2114759708 0.1825164778 2 0.2021002195 0.2186592941 2
0 0.1910470546 0.4453224777 0.0175107759 0.0638569604 0.1929818249 0.4241373321 2 0.1899614237 0.4749420289 2
0 0.2120100625 0.4114821960 0.0175107759 0.0566730524 0.2108214837 0.3950219108 2 0.2108214837 0.4316810531 2
0 0.2229256466 0.3978288633 0.0184087644 0.0582694764 0.2260835922 0.3875431324 2 0.2176032350 0.4199569420 2
0 0.2051903736 0.3407567050 0.0152658046 0.0638569604 0.2052924283 0.3234954994 2 0.2030852120 0.3660392700 2
0 0.2195581897 0.2681194125 0.0215517241 0.0462962963 0.2138080428 0.2593482707 2 0.2293892470 0.2843530621 2
0 0.2227011494 0.2238186462 0.0206537356 0.0454980843 0.2196006205 0.2172587995 2 0.2295330936 0.2441868378 2
0 0.2354974856 0.2541507024 0.0148168103 0.0486909323 0.2363511265 0.2442959853 2 0.2310363821 0.2757907668 2
0 0.2363954741 0.3140166028 0.0184087644 0.0678480204 0.2413308097 0.2884353537 2 0.2336781586 0.3389044504 2
0 0.2489673132 0.3467432950 0.0184087644 0.0758301405 0.2530422700 0.3174167484 2 0.2469724254 0.3777473259 2
0 0.2783764368 0.3076309068 0.0224497126 0.0822158365 0.2800049848 0.2792914376 2 0.2776118977 0.3433729920 2
0 0.2642331178 0.2685185185 0.0300826149 0.0566730524 0.2754661641 0.2630968209 2 0.2516500103 0.2790429903 2
0 0.3001526580 0.2629310345 0.0291846264 0.0822158365 0.2945595430 0.2385800438 2 0.3101146091 0.2962800326 2
0 0.3109285201 0.3184067688 0.0291846264 0.0431034483 0.3228464714 0.3155378524 2 0.2987732931 0.3225080090 2
0 0.3336027299 0.4588920817 0.0269396552 0.0606641124 0.3363373546 0.4397471785 2 0.3272877680 0.4846762915 2
0 0.3628849638 0.4345813205 0.0233477011 0.0646551724 0.3656004371 0.4135420149 2 0.3581826124 0.4568715302 2
0 0.4185261599 0.4859777513 0.0371854850 0.0574031243 0.4318362713 0.4893764444 2 0.4015415717 0.4723160753 2
0 0.4063397989 0.5139687101 0.0341235632 0.0574712644 0.4184636736 0.5360608750 2 0.3959220574 0.4987546699 2
0 0.4437086723 0.4430361668 0.0291846264 0.0574712644 0.4549829808 0.4223250772 2 0.4370860071 0.4611751160 2
0 0.4501167385 0.4952107280 0.0255926724 0.0566730524 0.4568733469 0.4795248295 2 0.4405835101 0.5075680928 2
0 0.4705459770 0.4800446999 0.0251436782 0.0614623244 0.4703107633 0.4658161320 2 0.4728824606 0.5043791687 2
0 0.3957884339 0.3040389527 0.0184087644 0.0638569604 0.3950641475 0.2849190388 2 0.4011049499 0.3289084714 2
0 0.0929418103 0.9505906769 0.0170617816 0.0542784163 0.0915862652 0.9367605708 2 0.0954781885 0.9722989411 2
0 0.1066361351 0.9314335888 0.0166127874 0.0606641124 0.1062958929 0.9231360899 2 0.1077182721 0.9550362854 2
0 0.1584949713 0.9378192848 0.0143678161 0.0526819923 0.1571266482 0.9268160407 2 0.1619186309 0.9573143481 2
0 0.1748878745 0.9505576506 0.0127109809 0.0518837803 0.1756921059 0.9348836694 2 0.1702858424 0.9696542681 2
0 0.1836004483 0.9314801046 0.0166127874 0.0606641124 0.1837059169 0.9130703451 2 0.1848725625 0.9546964526 2
0 0.1995779454 0.9362228608 0.0237966954 0.0638569604 0.2004696133 0.9241485391 2 0.2032073998 0.9648242240 2
0 0.2267420977 0.9315416800 0.0152658046 0.0560910228 0.2306340849 0.9193758489 2 0.2233954988 0.9507791560 2
0 0.2494163075 0.9003033206 0.0291846264 0.0510855683 0.2386231652 0.8861639191 2 0.2596265704 0.9163989094 2
0 0.2076523462 0.8902240170 0.0165052817 0.0619457486 0.2068147453 0.8706746439 2 0.2061385910 0.9161522795 2
0 0.3173293232 0.9339598548 0.0308098592 0.0717266562 0.3133527490 0.9205696369 2 0.3201222343 0.9595784720 2
0 0.2741529304 0.9568579569 0.0263278388 0.0396825397 0.2798091274 0.9482246845 2 0.2648791310 0.9695934175 2
0 0.2394515043 0.6863328878 0.0237292329 0.0553935270 0.2393996513 0.6641109158 2 0.2368575532 0.6999423930 2
0 0.2052809897 0.6497059585 0.0278212520 0.0658831909 0.2113491212 0.6259950561 2 0.1984675481 0.6757597658 2
0 0.3167691257 0.5406041287 0.0307377049 0.0356709168 0.3031118718 0.5384077636 2 0.3303553097 0.5360387690 2
0 0.2953970193 0.0626239026 0.0408878505 0.0432675666 0.2837294072 0.0765045381 2 0.3099244174 0.0542705111 2
0 0.2237582868 0.0663546174 0.0313960280 0.0634473585 0.2115719240 0.0665077673 2 0.2353949329 0.0753880287 2
0 0.2455704829 0.1837140879 0.0413746106 0.0562478366 0.2330932141 0.1728756464 2 0.2631993695 0.1943415091 2
0 0.3762655763 0.1356870890 0.0214174455 0.0692281066 0.3773918190 0.1083185881 2 0.3776187468 0.1615709778 2
0 0.4334598910 0.2101073036 0.0355334891 0.0640359986 0.4204597776 0.2023244031 2 0.4472515074 0.2271766665 2
0 0.4726440810 0.1400138456 0.0223909657 0.0726895119 0.4740692869 0.1182493081 2 0.4747304747 0.1711443281 2
0 0.4590147975 0.1806853583 0.0243380062 0.0692281066 0.4642743886 0.1599572272 2 0.4575995409 0.2110051196 2
0 0.4685066199 0.2161647629 0.0277453271 0.0398061613 0.4781299558 0.2149314413 2 0.4607501635 0.2294789712 2
0 0.3271028037 0.2321737625 0.0330996885 0.0406715126 0.3405371956 0.2384772384 2 0.3132730013 0.2306824071 2
0 0.2813473520 0.1971270336 0.0282320872 0.0363447560 0.2940163905 0.1966902775 2 0.2714484211 0.2018021522 2
0 0.2891355140 0.1551574939 0.0233644860 0.0510557286 0.2824331448 0.1412213032 2 0.2984996328 0.1688913659 2
0 0.3120963453 0.1213349205 0.0262850467 0.0493250260 0.3186521191 0.1075837012 2 0.3031302578 0.1377650982 2
0 0.3473324743 0.1470318282 0.0160630841 0.0475943233 0.3436253995 0.1351498887 2 0.3526044028 0.1645496455 2
0 0.3440285464 0.1124020655 0.0274877789 0.0378383191 0.3329221084 0.1063125502 2 0.3534962279 0.1231486047 2
0 0.3071626186 0.1777471886 0.0219042056 0.0692281066 0.3076156232 0.1548163869 2 0.3080694788 0.2060516406 2
0 0.4337826341 0.1123037910 0.0262850467 0.0623052960 0.4415556547 0.1018485718 2 0.4256668952 0.1395932201 2
0 0.4142328660 0.1127552786 0.0311526480 0.0406715126 0.4003384742 0.1222737399 2 0.4272691305 0.1007055135 2
0 0.3636154731 0.1886747647 0.0301791277 0.0354794046 0.3500456196 0.1903595802 2 0.3728544215 0.1872021935 2
0 0.3657153336 0.2264156544 0.0337562486 0.0331499996 0.3532181143 0.2258000978 2 0.3787469387 0.2225079523 2
0 0.5343092330 0.6420971531 0.0220352564 0.0455049066 0.5270920912 0.6466476438 2 0.5375807634 0.6400344157 2
0 0.5353372083 0.6936399063 0.0418447293 0.0364039253 0.5462443846 0.6928767982 2 0.5155822984 0.6937512962 2
0 0.6612802707 0.5091009813 0.0369480057 0.0704336815 0.6481967526 0.4907453990 2 0.6721577580 0.5324315689 2
0 0.6465900997 0.6012978791 0.0262642450 0.0538144983 0.6495498729 0.6204779182 2 0.6389657277 0.5825317976 2
0 0.6868767806 0.6250395695 0.0240384615 0.0728078506 0.6861867014 0.6018267690 2 0.6861867014 0.6581045060 2
0 0.6972489316 0.5431900918 0.0395299145 0.0586815448 0.6839130591 0.5374313668 2 0.7148824496 0.5617110269 2
0 0.7273860399 0.5957581513 0.0302706553 0.0775561887 0.7158365584 0.5795599357 2 0.7313444064 0.6288234821 2
0 0.5482104701 0.1707818930 0.0280448718 0.0743906299 0.5538518954 0.1997538195 2 0.5472206155 0.1465832851 2
0 0.4893738027 0.4430076628 0.0299329502 0.0367177522 0.4798229423 0.4522405201 2 0.4988554540 0.4404493344 2
0 0.6473214286 0.2416225750 0.0238095238 0.0740740741 0.6451399156 0.2168082393 2 0.6471612610 0.2659194462 2
0 0.6109455151 0.0889104826 0.0394254501 0.0579681347 0.5943939631 0.1099087300 2 0.6227066338 0.0741009078 2
0 0.6711309524 0.1922398589 0.0347222222 0.0388007055 0.6571249847 0.1949709114 2 0.6835513388 0.1942275540 2
0 0.7031250000 0.2010582011 0.0233134921 0.0529100529 0.6957097746 0.1934297077 2 0.7099554470 0.2211510161 2
0 0.7239583333 0.2323633157 0.0282738095 0.0714285714 0.7208107135 0.2135174462 2 0.7287372751 0.2652638886 2
0 0.6986607143 0.2451499118 0.0312500000 0.0705467372 0.6880060743 0.2279056609 2 0.7077703405 0.2694305838 2
0 0.6785714286 0.2513227513 0.0317460317 0.0670194004 0.6742510113 0.2340737090 2 0.6840048050 0.2748228916 2
0 0.6785714286 0.3130511464 0.0218253968 0.0828924162 0.6794096131 0.2799209886 2 0.6742824545 0.3453341501 2
0 0.6618303571 0.3187830688 0.0248015873 0.0802469136 0.6606079244 0.2939771179 2 0.6699510321 0.3518524793 2
0 0.6855158730 0.3637566138 0.0148809524 0.0679012346 0.6834112674 0.3346416536 2 0.6840289007 0.3880051724 2
0 0.7011408730 0.3236331570 0.0262896825 0.0864197531 0.6996782211 0.3022294549 2 0.7042374779 0.3525384961 2
0 0.7234623016 0.3196649030 0.0233134921 0.0855379189 0.7229501312 0.2965431072 2 0.7251286923 0.3551913569 2
0 0.7576884921 0.2323633157 0.0332341270 0.0749559083 0.7489231363 0.2125867859 2 0.7714226357 0.2601008805 2
0 0.7586375840 0.0734669185 0.0243055556 0.0679012346 0.7514216777 0.0854378681 2 0.7697812195 0.0666223376 2
0 0.7757936508 0.0361552028 0.0208333333 0.0546737213 0.7708300704 0.0573715517 2 0.7792895893 0.0178241714 2
0 0.8010912698 0.0696649030 0.0218253968 0.0758377425 0.7968382866 0.0500750544 2 0.8050278742 0.1047826027 2
0 0.8167162698 0.0917107584 0.0243055556 0.0758377425 0.8142193949 0.0672866885 2 0.8195905368 0.1090173201 2
0 0.8418548352 0.1082619239 0.0339080832 0.0860123840 0.8292621276 0.0861245840 2 0.8510989551 0.1389782481 2
0 0.7817460317 0.1000881834 0.0238095238 0.0661375661 0.7802936469 0.0811410113 2 0.7802936469 0.1284126870 2
0 0.7676091270 0.1472663139 0.0352182540 0.0723104056 0.7572983724 0.1239782473 2 0.7787406761 0.1805730668 2
0 0.8042709605 0.1424295869 0.0277777778 0.0493827160 0.7956393664 0.1343513922 2 0.8159426581 0.1637382608 2
0 0.8261408730 0.1843033510 0.0322420635 0.0687830688 0.8160907757 0.2088668259 2 0.8358614589 0.1674902063 2
0 0.7996031746 0.1913580247 0.0228174603 0.0687830688 0.7928209511 0.1761020646 2 0.8047083872 0.2208155084 2
0 0.7864583333 0.2477954145 0.0282738095 0.0864197531 0.7826353275 0.2308636271 2 0.7945837248 0.2834086258 2
0 0.8008432540 0.2442680776 0.0282738095 0.0670194004 0.7980164826 0.2337383154 2 0.8120375611 0.2682017199 2
0 0.8201884921 0.2539682540 0.0203373016 0.0811287478 0.8165044110 0.2772100328 2 0.8250249800 0.2223677557 2
0 0.8392857143 0.2557319224 0.0218253968 0.0881834215 0.8328310578 0.2835641725 2 0.8441045066 0.2311474534 2
0 0.8487103175 0.3073192240 0.0218253968 0.0784832451 0.8459647230 0.3316929923 2 0.8557585004 0.2812901531 2
0 0.7971230159 0.3223104056 0.0406746032 0.0661375661 0.7838558351 0.3401538590 2 0.8039489710 0.2963045671 2
0 0.7492559524 0.2954144621 0.0362103175 0.0652557319 0.7381829260 0.3147083787 2 0.7584830091 0.2729210730 2
0 0.7673611111 0.3289241623 0.0218253968 0.0670194004 0.7619523758 0.3545918123 2 0.7695115659 0.2978030578 2
0 0.8278769841 0.3699294533 0.0198412698 0.0820105820 0.8291544423 0.3366212745 2 0.8263197460 0.4055823072 2
0 0.8129960317 0.3906525573 0.0198412698 0.0652557319 0.8109535103 0.3660486982 2 0.8187886302 0.4101575209 2
0 0.8554067460 0.4065255732 0.0223214286 0.0934744268 0.8519285881 0.3697706547 2 0.8561798304 0.4423251903 2
0 0.7403273810 0.3840388007 0.0193452381 0.0731922399 0.7392515439 0.3566792953 2 0.7379200227 0.4108870020 2
0 0.6708829365 0.4462081129 0.0233134921 0.0705467372 0.6744246866 0.4232598890 2 0.6690344322 0.4745956454 2
0 0.6839697315 0.4841832714 0.0188492063 0.0687830688 0.6870690636 0.4618087531 2 0.6801868638 0.5058548321 2
0 0.7219742063 0.5061728395 0.0352182540 0.0458553792 0.7090404892 0.5093842283 2 0.7365229417 0.5114953631 2
0 0.7539682540 0.4576719577 0.0287698413 0.0599647266 0.7469550838 0.4410749936 2 0.7640819755 0.4781165938 2
0 0.7669890873 0.4000220459 0.0305059524 0.0582745444 0.7587458789 0.3864925712 2 0.7730725534 0.4173957387 2
0 0.7971230159 0.4122574956 0.0168650794 0.0679012346 0.7967512808 0.3890718153 2 0.7940336942 0.4428745400 2
0 0.7938988095 0.4611992945 0.0372023810 0.0582010582 0.7817153907 0.4637253560 2 0.8096677101 0.4735133735 2
0 0.8573908730 0.4656084656 0.0203373016 0.0634920635 0.8627638337 0.4500886397 2 0.8515598049 0.4919786169 2
0 0.8360615079 0.4514991182 0.0272817460 0.0440917108 0.8442320748 0.4459976363 2 0.8256228631 0.4688135280 2
0 0.7915390714 0.5810579084 0.0177834274 0.0356478855 0.7955473110 0.5858720611 2 0.7852340381 0.5858720611 2
0 0.7579365079 0.5559964727 0.0228174603 0.0396825397 0.7642545278 0.5424463998 2 0.7533537008 0.5683709567 2
0 0.8100198413 0.5498236332 0.0218253968 0.0608465608 0.8074466044 0.5294404288 2 0.8129812406 0.5701753515 2
0 0.8375496032 0.5762786596 0.0183531746 0.0520282187 0.8328652796 0.5598591461 2 0.8385442976 0.5950269912 2
0 0.8539186508 0.5559964727 0.0193452381 0.0626102293 0.8530850544 0.5380598164 2 0.8588940160 0.5807854257 2
0 0.8521825397 0.6335978836 0.0208333333 0.0520282187 0.8485740210 0.6289570742 2 0.8553888427 0.6531875512 2
0 0.7899305556 0.6278659612 0.0322420635 0.0476190476 0.7896695453 0.6194602444 2 0.8008446978 0.6434853784 2
0 0.7879464286 0.6741622575 0.0233134921 0.0679012346 0.7942410586 0.6593214896 2 0.7844824522 0.6966539924 2
0 0.7331349206 0.6679894180 0.0317460317 0.0449735450 0.7473531284 0.6609233934 2 0.7256717925 0.6805593202 2
0 0.7197420635 0.7054673721 0.0218253968 0.0599647266 0.7189695887 0.6966278112 2 0.7190786772 0.7352208921 2
0 0.7609126984 0.6829805996 0.0238095238 0.0767195767 0.7618642708 0.6550469323 2 0.7617247017 0.7133557956 2
0 0.8110119048 0.6728395062 0.0208333333 0.0617283951 0.8123203890 0.6499648635 2 0.8098498557 0.6964807628 2
0 0.6517857143 0.4122574956 0.0188492063 0.0696649030 0.6538085998 0.3963553324 2 0.6514006319 0.4355587384 2
0 0.6172982362 0.9141450337 0.0257554945 0.0742775743 0.6211491986 0.8960818983 2 0.6208814403 0.9410652840 2
0 0.6065841529 0.9744354494 0.0228937729 0.0498575499 0.6032948480 0.9574313569 2 0.6095865304 0.9968152275 2
0 0.6424565018 0.9059829060 0.0188873626 0.0681725682 0.6464348285 0.8798262516 2 0.6399542632 0.9318694126 2
0 0.6629086870 0.8056110389 0.0351427709 0.0264797267 0.6778526271 0.8011651459 2 0.6493473231 0.8085315936 2
0 0.6620449863 0.9042022792 0.0248683608 0.0676638177 0.6659908258 0.8830671838 2 0.6611091576 0.9294602282 2
0 0.6879578755 0.9146316646 0.0240384615 0.0671550672 0.6871908748 0.8997367924 2 0.6896342594 0.9401340837 2
0 0.7137526485 0.8545991046 0.0234661172 0.0590150590 0.7059296360 0.8363066053 2 0.7204743512 0.8759765875 2
0 0.7064560440 0.9050264550 0.0211767399 0.0651200651 0.7045162770 0.8823179195 2 0.7070778180 0.9267179639 2
0 0.6850883932 0.9868957941 0.0338420407 0.0262084118 0.6937290399 0.9826617456 2 0.6733529421 0.9942257983 2
0 0.7288804945 0.7655677656 0.0200320513 0.0722425722 0.7284486448 0.7352922400 2 0.7260830043 0.7920676121 2
0 0.7463200407 0.7584679415 0.0189602065 0.0623358123 0.7454601458 0.7334609641 2 0.7503641870 0.7785054905 2
0 0.7603308150 0.7436914937 0.0183150183 0.0834350834 0.7671503028 0.7235763120 2 0.7554077288 0.7718683741 2
0 0.7344438414 0.8084415584 0.0283677327 0.0614793564 0.7305386333 0.7873608747 2 0.7267096087 0.8328613308 2
0 0.7821812721 0.7300931962 0.0171703297 0.0752950753 0.7841266801 0.7069079294 2 0.7760339063 0.7586842632 2
0 0.7938547830 0.7677219625 0.0215729783 0.0797215364 0.8013194913 0.7362050101 2 0.7869466182 0.7970646911 2
0 0.8013179441 0.7045556452 0.0208915378 0.0531790871 0.7920624036 0.6982139680 2 0.8060376526 0.7131130604 2
0 0.8316163004 0.7777777778 0.0148809524 0.0722425722 0.8353424087 0.7525854962 2 0.8294221804 0.8064727295 2
0 0.8221351965 0.7180309007 0.0334293111 0.0444334867 0.8334643506 0.7144472209 2 0.8067800406 0.7180723305 2
0 0.8113191781 0.7840385708 0.0234661172 0.0773300773 0.8152584146 0.7588747507 2 0.8094282405 0.8188100671 2
0 0.7336368572 0.8152294620 0.0191775372 0.0670910286 0.7390730038 0.7980891899 2 0.7293964131 0.8321038723 2
0 0.7514880952 0.8418803419 0.0160256410 0.0579975580 0.7524163011 0.8207469325 2 0.7514313135 0.8591380495 2
0 0.7619443857 0.8121771391 0.0188873626 0.0671550672 0.7601985875 0.7925040926 2 0.7627874930 0.8415907454 2
0 0.7753819919 0.8262918393 0.0200320513 0.0600325600 0.7734354151 0.8074209193 2 0.7757625542 0.8459388590 2
0 0.7977272953 0.8643923307 0.0306776557 0.0352258852 0.8084885169 0.8723940767 2 0.7870910925 0.8621361354 2
0 0.8479349621 0.7363911413 0.0192248990 0.0621588763 0.8542501588 0.7172508440 2 0.8432473857 0.7610808208 2
0 0.7457646520 0.8861416361 0.0274725275 0.0468050468 0.7386939414 0.8789392295 2 0.7584483353 0.9048242975 2
0 0.7655347830 0.9055345157 0.0171703297 0.0712250712 0.7644945755 0.8769901584 2 0.7632549684 0.9318622575 2
0 0.7204020379 0.9452084325 0.0183150183 0.0610500611 0.7281999737 0.9172816591 2 0.7157295139 0.9708056640 2
0 0.7365339360 0.9408885150 0.0216026706 0.0667587150 0.7413268920 0.9161543757 2 0.7366136446 0.9697631397 2
0 0.7798191392 0.9253154253 0.0165979853 0.0539275539 0.7760223217 0.9021102354 2 0.7799113280 0.9508210213 2
0 0.8067193223 0.9125966626 0.0200320513 0.0610500611 0.8058443698 0.8927243353 2 0.8072966697 0.9350670697 2
0 0.8161630037 0.9446479446 0.0206043956 0.0620675621 0.8170263377 0.9199590313 2 0.8123151366 0.9702118436 2
0 0.8410599817 0.9777116402 0.0177426740 0.0427248677 0.8372478310 0.9655847068 2 0.8443731974 0.9976149250 2
0 0.8347641941 0.9370166870 0.0154532967 0.0427350427 0.8388778542 0.9229771474 2 0.8302482642 0.9463349166 2
0 0.8456387363 0.9395604396 0.0154532967 0.0457875458 0.8490216970 0.9228450154 2 0.8430954311 0.9563458068 2
0 0.8579441392 0.9232804233 0.0137362637 0.0437525438 0.8573100770 0.9087651065 2 0.8579418537 0.9366410804 2
0 0.8518744146 0.7803022866 0.0140698986 0.0689791239 0.8500045352 0.7610717429 2 0.8552492225 0.8048871538 2
0 0.8707670875 0.7573628106 0.0188873626 0.0539275539 0.8767317743 0.7341137764 2 0.8704384073 0.7769678056 2
0 0.8847000788 0.8352184880 0.0188873626 0.0691900692 0.8869373046 0.8038053424 2 0.8817291105 0.8513201276 2
0 0.8776701318 0.6511885792 0.0188475896 0.0551244111 0.8766725168 0.6331413780 2 0.8785332244 0.6666281698 2
0 0.8753819776 0.2965329759 0.0154532967 0.0742775743 0.8740847851 0.2765884575 2 0.8806280762 0.3172171447 2
0 0.8833823559 0.1825396825 0.0234661172 0.0742775743 0.8870907180 0.2094458248 2 0.8849646992 0.1505778172 2
0 0.8905804843 0.3280423280 0.0217490842 0.0620675621 0.8978059797 0.3106626077 2 0.8844821297 0.3510105378 2
0 0.8613982172 0.3409852256 0.0228937729 0.0579975580 0.8569335312 0.3146767762 2 0.8633974199 0.3663878856 2
0 0.8864152674 0.3758648759 0.0294697290 0.0437525438 0.8744682801 0.3741208934 2 0.8935430889 0.3855944625 2
0 0.9202469984 0.3827895356 0.0192943630 0.0889182834 0.9157331185 0.3412118984 2 0.9222506275 0.4056720029 2
0 0.9065353717 0.4154264539 0.0240384615 0.0539275539 0.9112169335 0.3980587119 2 0.8997385792 0.4280572219 2
0 0.8754006410 0.4409849410 0.0303342491 0.0457875458 0.8834751775 0.4245099016 2 0.8672017079 0.4555165545 2
0 0.8917124542 0.5035612536 0.0171703297 0.0590150590 0.8910231236 0.4857002276 2 0.8895200719 0.5244455607 2
0 0.8625228938 0.5081400081 0.0263278388 0.0579975580 0.8697546087 0.4894614932 2 0.8546667090 0.5254755007 2
0 0.8851304945 0.5595238095 0.0314789377 0.0386650387 0.8744503252 0.5509211004 2 0.8924185949 0.5679918648 2
0 0.9043040293 0.5081400081 0.0228937729 0.0335775336 0.9140771973 0.5049277719 2 0.8964848285 0.5144841204 2
0 0.9159412163 0.7223929661 0.0131705746 0.0465861658 0.9186876772 0.7020753166 2 0.9130374757 0.7403541591 2
0 0.9097097106 0.5938768774 0.0180990054 0.0296688406 0.9173814425 0.5933858546 2 0.9017092762 0.5940994580 2
0 0.8748056164 0.9421848332 0.0143086081 0.0508750509 0.8765952206 0.9271502426 2 0.8744400549 0.9619276169 2
0 0.9120389435 0.9629574460 0.0194597070 0.0549450549 0.9166791561 0.9420339245 2 0.9096612663 0.9850769818 2
0 0.9143200549 0.6332926333 0.0188873626 0.0437525438 0.9098099417 0.6188002406 2 0.9191322166 0.6425122835 2
0 0.9121841033 0.6734910389 0.0197252000 0.0346092654 0.9127002810 0.6626322810 2 0.9116792471 0.6848177075 2
0 0.9286066498 0.6428237005 0.0131639194 0.0641025641 0.9338155088 0.6232156135 2 0.9297749926 0.6626820473 2
0 0.9414034647 0.6363511050 0.0135456522 0.0523259531 0.9441533554 0.6248526697 2 0.9405143387 0.6557803519 2
0 0.9389308608 0.4079161579 0.0154532967 0.0569800570 0.9379522853 0.3886439252 2 0.9360864280 0.4255003657 2
0 0.9259512262 0.4400894689 0.0131937809 0.0413945957 0.9241589749 0.4280667029 2 0.9283653750 0.4550841547 2
0 0.9216569703 0.5158858284 0.0177426740 0.0579975580 0.9217852474 0.4905913224 2 0.9265381067 0.5409505073 2
0 0.9461259553 0.2131080110 0.0205763787 0.0651200651 0.9456391956 0.1881225501 2 0.9427938805 0.2359379825 2
0 0.9227055648 0.7716520667 0.0150539867 0.0477811379 0.9204503519 0.7561092891 2 0.9213519610 0.7836158950 2
0 0.9654193963 0.7764589399 0.0139872147 0.0484252215 0.9654757143 0.7555553001 2 0.9687378324 0.7943968664 2
0 0.9629693223 0.8871591372 0.0131639194 0.0468050468 0.9628881796 0.8702795838 2 0.9605373291 0.9043048924 2
0 0.8954692249 0.1369145039 0.0177426740 0.0641025641 0.8881825187 0.1582670830 2 0.9008767466 0.1216583925 2
0 0.8974358974 0.8993691494 0.0137362637 0.0386650387 0.8968433841 0.8869168061 2 0.8976171225 0.9150527495 2
0 0.9063072344 0.3239723240 0.0188873626 0.0620675621 0.9015753210 0.3497108305 2 0.9084522108 0.3123050590 2
0 0.4507211538 0.0528083028 0.0291895604 0.0447700448 0.4404138196 0.0429359340 2 0.4571438844 0.0622423635 2
0 0.4864926740 0.0706145706 0.0297619048 0.0417175417 0.4756794756 0.0574489894 2 0.4966259451 0.0821395137 2
0 0.3399725275 0.9812728938 0.0343406593 0.0356023606 0.3294008683 0.9739785332 2 0.3560336789 0.9948575725 2
0 0.2179591242 0.4712925963 0.0375666001 0.0506808007 0.2270923547 0.4905371241 2 0.2038747252 0.4539146341 2
0 0.1990511551 0.2497249725 0.0206270627 0.0834250092 0.1985504885 0.2198894695 2 0.1980951855 0.2832946350 2
0 0.2000825083 0.1562156216 0.0319719472 0.0907590759 0.2131469758 0.1213929085 2 0.1941066102 0.1890919861 2
0 0.7143659053 0.4375989919 0.0408124384 0.0490796577 0.6997902796 0.4371639203 2 0.7292169837 0.4395952117 2
0 0.3363021338 0.1747202932 0.0305207324 0.0352044753 0.3498016885 0.1640850951 2 0.3223116862 0.1837799064 2
0 0.6219053701 0.8210718113 0.0317460317 0.0493827160 0.6367927975 0.8320534222 2 0.6115402722 0.8168011848 2
0 0.7055629433 0.4734042553 0.0182845745 0.0620567376 0.7068029025 0.4534339551 2 0.7070129706 0.4989925504 2
0 0.3555689103 0.2660256410 0.0252403846 0.0320512821 0.3648905381 0.2679233160 2 0.3469247299 0.2636273982 2
0 0.1928490991 0.3698698699 0.0215840841 0.0625625626 0.1930469587 0.3491469325 2 0.1852539821 0.3892511393 2
0 0.9226405105 0.8661735048 0.0159540980 0.0602014913 0.9217184111 0.8450716279 2 0.9234954764 0.8905362958 2
0 0.9547339846 0.8225774997 0.0129309459 0.0478101552 0.9543105478 0.8045830343 2 0.9570443739 0.8396175293 2
0 0.9411848335 0.7022710492 0.0148277537 0.0396831919 0.9416305293 0.6864106066 2 0.9415069524 0.7164425177 2
0 0.9458085317 0.8962742504 0.0117807540 0.0573192240 0.9472654371 0.8762860082 2 0.9446349657 0.9143652130 2
0 0.2467170221 0.7292873442 0.0190067141 0.0544146042 0.2393964193 0.7118975022 2 0.2536659833 0.7445589487 2
0 0.7768871561 0.5193003368 0.0319098365 0.0486245128 0.0000000000 0.0000000000 0 0.0000000000 0.0000000000 0
0 0.1313499968 0.0336049192 0.0196297966 0.0469607205 0.1380144340 0.0200337019 2 0.1305017958 0.0437294782 2
0 0.1838172926 0.0766881490 0.0276271211 0.0409290683 0.1917588782 0.0678560869 2 0.1861849854 0.0816427205 2
0 0.0748355702 0.3685475443 0.0120977709 0.0501833461 0.0768518653 0.3521910823 2 0.0731294743 0.3756283593 2
0 0.0894876381 0.4815268585 0.0135712174 0.0504073789 0.0908108318 0.4709607826 2 0.0900353336 0.4971553863 2
0 0.0345096671 0.4871825934 0.0234588186 0.0337772522 0.0285964938 0.4825916445 2 0.0398246211 0.4940141902 2
0 0.1108962335 0.8071384019 0.0165956601 0.0380511086 0.1169869959 0.8195960040 2 0.1079912175 0.7994675190 2
0 0.0939672318 0.8304572497 0.0145173251 0.0461025025 0.0913330198 0.8189161831 2 0.0962962078 0.8447247610 2
0 0.0452212351 0.9324627290 0.0133288742 0.0435140621 0.0487788328 0.9241349130 2 0.0430401466 0.9431604673 2
0 0.0659173416 0.1362563475 0.0181466564 0.0449444253 0.0723539761 0.1285854646 2 0.0639785963 0.1420963654 2
0 0.1225044712 0.3783233504 0.0174487081 0.0577315279 0.1249279029 0.3613830245 2 0.1220197849 0.3924029499 2
0 0.0282447511 0.2888732985 0.0150252764 0.0443757267 0.0301834964 0.2740871341 2 0.0272753784 0.2999370720 2
0 0.0777290860 0.2714406203 0.0106498462 0.0391809158 0.0790603168 0.2655713717 2 0.0768415989 0.2816118808 2
0 0.0186119553 0.7752498233 0.0118263466 0.0499765466 0.0183211435 0.7575615725 2 0.0181272689 0.7827221787 2
0 0.2120520854 0.9859677921 0.0181757376 0.0280644159 0.2083611990 0.9814138947 2 0.2166008667 0.9947696959 2
0 0.1975551663 0.9824716741 0.0147344646 0.0350566518 0.1970541945 0.9745939917 2 0.1968990949 0.9925166153 2
0 0.1672232018 0.9787492831 0.0162854609 0.0425014339 0.1646283850 0.9688036056 2 0.1709874697 0.9878291599 2
0 0.0414038455 0.6421895984 0.0151454786 0.0639672223 0.0439242144 0.6198484139 2 0.0389610264 0.6597303874 2
0 0.0703764559 0.5682706772 0.0226833205 0.0251606062 0.0776467509 0.5643690600 2 0.0675652751 0.5702283792 2
0 0.0413340507 0.7645004032 0.0133385679 0.0341908512 0.0464523384 0.7542100599 2 0.0411789510 0.7729598815 2
0 0.0420630189 0.8064697908 0.0122838905 0.0397055046 0.0443584934 0.8180902685 2 0.0407601820 0.7942669658 2
0 0.0754559687 0.5055595252 0.0179915568 0.0369481779 0.0794885590 0.4903059939 2 0.0692519836 0.5142947362 2
0 0.0824936143 0.3298341346 0.0182242062 0.0206799503 0.0790038726 0.3307578390 2 0.0879221012 0.3317918365 2
0 0.0429625968 0.2372774571 0.0134936676 0.0521134748 0.0439707443 0.2206452624 2 0.0424197481 0.2457369355 2
0 0.3639125802 0.9807978045 0.0138135606 0.0384043910 0.3626451254 0.9956313605 2 0.3644871174 0.9740737535 2
0 0.1626122655 0.1787954037 0.0128441879 0.0495457143 0.1627334371 0.1639316894 2 0.1620064076 0.1932282856 2
0 0.3794255088 0.0381889749 0.0473053863 0.0540436035 0.3945895994 0.0550086678 2 0.3666716665 0.0395676382 2
0 0.4140055003 0.0542848695 0.0344127298 0.0392057391 0.4275209788 0.0631169317 2 0.4086182117 0.0557927826 2
0 0.4691176256 0.0224446394 0.0179915568 0.0448892788 0.4702058046 0.0082719801 2 0.4683446091 0.0343011442 2
0 0.2673826463 0.0359831135 0.0161303612 0.0435657620 0.2661061764 0.0221964800 2 0.2699836670 0.0508726777 2
0 0.1111870453 0.0572145292 0.0166732099 0.0485978832 0.1158400341 0.0491148820 2 0.1084728018 0.0694501664 2
0 0.1556286655 0.0621777172 0.0169058594 0.0435657620 0.1582296862 0.0759643508 2 0.1568337896 0.0544572025 2
0 0.3407430209 0.4130493287 0.0477416040 0.0663481739 0.3559549015 0.4129114624 2 0.3348710459 0.4159272885 2
0 0.4275540778 0.4361856945 0.0404713090 0.0383440745 0.4161082100 0.4343244990 2 0.4371920656 0.4343244990 2
0 0.4316982299 0.1744870807 0.0348974161 0.0357590807 0.4185559599 0.1703941739 2 0.4418209040 0.1721175030 2
0 0.2977989730 0.1033997515 0.0336857003 0.0521307081 0.3088910198 0.0898285341 2 0.2927709482 0.1095515844 2
0 0.4163428908 0.0784114782 0.0296628037 0.0358452472 0.4048597021 0.0801348074 2 0.4232777829 0.0784114782 2
0 0.0450409318 0.3597931319 0.0187360350 0.0322055759 0.0489494424 0.3668915938 2 0.0380304286 0.3529946672 2
0 0.0570960503 0.4004103579 0.0127957193 0.0437725615 0.0565144267 0.3903047555 2 0.0567083012 0.4144313642 2
0 0.0754022084 0.4434664080 0.0156650624 0.0515620094 0.0742151717 0.4249040846 2 0.0746804705 0.4601978664 2
0 0.0758437177 0.4547365333 0.0156650624 0.0545950688 0.0791783597 0.4405859327 2 0.0715784780 0.4659533384 2
0 0.3167753655 0.0241266087 0.0208415124 0.0435140621 0.3120867038 0.0329500542 2 0.3158090948 0.0139244999 2
0 0.2324384746 0.1766412422 0.0271424348 0.0392057391 0.2229313521 0.1734099999 2 0.2408647465 0.1833191428 2
0 0.3778778693 0.9802658128 0.0138038668 0.0394683745 0.3798584915 0.9699065363 2 0.3775319971 0.9980312687 2
0 0.5043074738 0.9732582393 0.0242343168 0.0534835215 0.5015859600 0.9594414475 2 0.5076445392 0.9921847021 2
0 0.4791750607 0.9762740653 0.0235072873 0.0474518693 0.4808157239 0.9697814226 2 0.4759688606 0.9930463667 2
0 0.5701985219 0.9837942431 0.0381690489 0.0290811801 0.5813372197 0.9794859201 2 0.5651493502 0.9857472059 2
0 0.5049118487 0.0427385640 0.0209384497 0.0477017520 0.5013864342 0.0591446579 2 0.5049537256 0.0343287175 2
0 0.6226426215 0.0604406014 0.0219621072 0.0765433894 0.6225281935 0.0854771279 2 0.6194262010 0.0455510372 2
0 0.8247975223 0.0398089043 0.0261730621 0.0558358658 0.8185489460 0.0270562683 2 0.8278549237 0.0508382112 2
0 0.8718813419 0.0643835786 0.0215588482 0.0523892074 0.8709150712 0.0489425491 2 0.8754129604 0.0721040934 2
0 0.8481890347 0.0562494648 0.0196976527 0.0377753759 0.8555981439 0.0641078459 2 0.8448304855 0.0526872607 2
0 0.9430259146 0.1047877145 0.0184197154 0.0542005420 0.9382605107 0.0945190608 2 0.9465430967 0.1234423772 2
0 0.9569994919 0.1556007227 0.0146087398 0.0542005420 0.9555813866 0.1348144993 2 0.9593282708 0.1732036283 2
0 0.9662093496 0.1584236676 0.0152439024 0.0575880759 0.9684794191 0.1774992521 2 0.9652407109 0.1502841157 2
0 0.6246610489 0.6413979060 0.0208415124 0.0689331677 0.6219395352 0.6240267478 2 0.6236359373 0.6584933316 2
0 0.9399826482 0.1778185720 0.0142691657 0.0443929600 0.9433948400 0.1667010307 2 0.9385867516 0.1890353770 2
0 0.9248604346 0.1509517953 0.0172160586 0.0430142966 0.9226114900 0.1387313233 2 0.9280399769 0.1616171350 2
0 0.9214482428 0.2107887685 0.0122528706 0.0438414946 0.9227665896 0.2002226926 2 0.9215257926 0.2175938509 2
0 0.9306427603 0.2127255833 0.0081396284 0.0307055902 0.9293281724 0.2027868543 2 0.9300230187 0.2193749318 2
0 0.9571614829 0.2102362821 0.0139589665 0.0475638857 0.9559982357 0.1949606922 2 0.9575492320 0.2177086375 2
0 0.9914065113 0.2946501982 0.0079973245 0.0336049192 0.9902349275 0.2849113203 2 0.9908553260 0.3020067459 2
0 0.9389372767 0.2725330660 0.0124079702 0.0499765466 0.9399066494 0.2603594686 2 0.9406821475 0.2848307431 2
0 0.9194528861 0.2849428264 0.0323770472 0.0465298882 0.9096622221 0.2703565681 2 0.9242028122 0.2924151818 2
0 0.9649911060 0.4300683234 0.0123595015 0.0581623602 0.9648699344 0.4126971652 2 0.9663239934 0.4458712521 2
0 0.9642557399 0.3421593670 0.0119426713 0.0441172273 0.9646434890 0.3269058356 2 0.9646434890 0.3564092314 2
0 0.9783698060 0.2954759996 0.0122528706 0.0534921381 0.9791595733 0.2788614518 2 0.9789114139 0.3055523743 2
0 0.9470229305 0.3828371322 0.0173711583 0.0295585423 0.9523583577 0.3933546792 2 0.9457821335 0.3765901328 2
0 0.9827125955 0.4383464046 0.0138038668 0.0537678708 0.9809289498 0.4186811506 2 0.9834105439 0.4457029523 2
0 0.9861070439 0.3863511385 0.0107204862 0.0458819164 0.9869011540 0.3728830313 2 0.9858092527 0.3924710803 2
0 0.9398676228 0.4532421279 0.0204596933 0.0309338666 0.9327927756 0.4437546090 2 0.9445523189 0.4595614749 2
0 0.9389115623 0.5130529547 0.0137672703 0.0404519794 0.9347048964 0.5002510930 2 0.9416841376 0.5231965435 2
0 0.9495716362 0.4839343282 0.0171134818 0.0441912380 0.9541129233 0.4730020958 2 0.9477073184 0.4906785910 2
0 0.9372384566 0.5480072631 0.0108034829 0.0360328556 0.9393895926 0.5353753677 2 0.9364258052 0.5582358350 2
0 0.9497930598 0.5522638991 0.0089487257 0.0392962085 0.9506932863 0.5398468411 2 0.9502343773 0.5602427971 2
0 0.9543798554 0.5114964623 0.0123140584 0.0390242624 0.9539591888 0.5014589325 2 0.9551829461 0.5222628076 2
0 0.9681471256 0.5237585111 0.0133848461 0.0509898899 0.9665791865 0.5068543427 2 0.9672675500 0.5348647889 2
0 0.9724744376 0.4730563203 0.0104827035 0.0235828241 0.9697095275 0.4781918413 2 0.9732840892 0.4725910214 2
0 0.9499960136 0.4281115499 0.0134602223 0.0444400991 0.9505421141 0.4421388437 2 0.9500687876 0.4194191717 2
0 0.9561218939 0.2742554766 0.0157159189 0.0532492312 0.9537124550 0.2573722359 2 0.9603390260 0.2895163644 2
0 0.9776154432 0.2587185868 0.0180810723 0.0286099573 0.9849520039 0.2642184304 2 0.9752961434 0.2569817941 2
0 0.9667535467 0.2424529846 0.0189330600 0.0239818760 0.9724334647 0.2354435451 2 0.9614286236 0.2463826464 2
0 0.9508258142 0.6063158544 0.0214476070 0.0397725739 0.9543387843 0.6122916015 2 0.9510107073 0.5971714494 2
0 0.9884515730 0.7339577912 0.0205231412 0.0246524218 0.9939059213 0.7299082200 2 0.9835519042 0.7381256940 2
0 0.9640456754 0.7213620471 0.0142367736 0.0466752520 0.9663568399 0.7097523999 2 0.9628438698 0.7340761228 2
0 0.9499013483 0.7340761228 0.0114633762 0.0414160687 0.9495315620 0.7241099704 2 0.9493466689 0.7435032089 2
0 0.9623816369 0.6657659054 0.0123878420 0.0378003801 0.9637683356 0.6567858499 2 0.9598855792 0.6738781957 2
0 0.9737525665 0.7322222607 0.0096144445 0.0299116052 0.9757863913 0.7229135062 2 0.9709791690 0.7393484541 2
0 0.9809287287 0.7595082712 0.0067212363 0.0318075408 0.9810707266 0.7488519035 2 0.9809760613 0.7671959350 2
0 0.9881498629 0.6386551054 0.0107207985 0.0502469747 0.9893681354 0.6522304518 2 0.9872970721 0.6305722731 2
0 0.9857397611 0.7048447373 0.0126976777 0.0297441025 0.9878419706 0.6966428435 2 0.9844766379 0.7096962553 2
0 0.9937894314 0.6748762793 0.0101342406 0.0309338666 0.9942467732 0.6633170487 2 0.9947314595 0.6786115953 2
0 0.9948011001 0.5603254814 0.0097919420 0.0287046226 0.9927327343 0.5539545487 2 0.9972009364 0.5670141528 2
0 0.9336307499 0.8829371532 0.0088748719 0.0368142833 0.9343703226 0.8711039907 2 0.9327062841 0.8921407240 2
0 0.9453344872 0.9564934059 0.0171211070 0.0501068691 0.9469343308 0.9433817360 2 0.9446092781 0.9624369259 2
0 0.9277141687 0.9136705057 0.0151612394 0.0279394114 0.9321516046 0.9075895750 2 0.9256803439 0.9177792427 2
0 0.9553593945 0.9590506838 0.0197909643 0.0519081394 0.9592408197 0.9442232053 2 0.9535999445 0.9657719798 2
0 0.9706093827 0.8375766970 0.0122029488 0.0440456603 0.9706093827 0.8259670498 2 0.9709791690 0.8473324821 2
0 0.9708867224 0.8884198518 0.0197835685 0.0539066291 0.9757863913 0.8665022053 2 0.9682057716 0.9029877896 2
0 0.9797615943 0.9317489484 0.0153461326 0.0253098198 0.9850310495 0.9233671250 2 0.9781900024 0.9375011802 2
0 0.9544482410 0.9095052325 0.0133123078 0.0294514266 0.9500108051 0.9031942125 2 0.9574065316 0.9176569667 2
0 0.9863238225 0.8371914618 0.0137560514 0.0305032633 0.9868415233 0.8263259891 2 0.9852144635 0.8449960899 2
0 0.8738178115 0.8969068589 0.0112784830 0.0338559927 0.8761289760 0.8888537344 2 0.8737253649 0.9062747792 2
0 0.8796419461 0.8957564125 0.0203382480 0.0262959166 0.8742800444 0.9000294990 2 0.8822304504 0.8895111323 2
0 0.8861631280 0.9587022629 0.0146065599 0.0318837989 0.8896261770 0.9467047510 2 0.8837095957 0.9680701832 2
0 0.9185619571 0.9866646833 0.0109086967 0.0266706334 0.9180997242 0.9812181416 2 0.9179148310 0.9923939061 2
0 0.9211504614 0.8188408564 0.0179346369 0.0223515291 0.9153263267 0.8164347800 2 0.9256803439 0.8220226623 2
0 0.8928867679 0.7369833114 0.0224182961 0.0558788228 0.8900423715 0.7571470203 2 0.8935923202 0.7248030428 2
0 0.9052843722 0.7288168516 0.0158564377 0.0431253033 0.9097537577 0.7159171267 2 0.9028905235 0.7420026760 2
0 0.9317341221 0.7074898450 0.0087243540 0.0313430497 0.9313566726 0.7179030616 2 0.9312960868 0.7027162231 2
0 0.6624237206 0.1445505026 0.0276184163 0.0650464422 0.6703440815 0.1670201579 2 0.6576578356 0.1379477443 2
0 0.7814793957 0.9785474625 0.0145603366 0.0328698958 0.7786122204 0.9698880200 2 0.7814521794 0.9907143859 2
0 0.9971925822 0.4795383513 0.0056148356 0.0305032633 0.9976553299 0.4715517975 2 0.9972009364 0.4848806717 2
0 0.9662210544 0.5600462948 0.0169214223 0.0183019580 0.9716051433 0.5550353450 2 0.9628346044 0.5615534413 2
