0 0.3376463015 0.6343112776 0.0259012172 0.0657511444 0.3283141003 0.6182392482 2 0.3478113773 0.6624702897 2
0 0.2602411049 0.5989388265 0.0271535581 0.0549313358 0.2522985953 0.5828467165 2 0.2714854784 0.6222864208 2
0 0.2974602060 0.5294423637 0.0163857678 0.0574282147 0.3008695419 0.5135474523 2 0.2940787298 0.5531082858 2
0 0.3580875468 0.5494173949 0.0205992509 0.0607573866 0.3545149589 0.5322080420 2 0.3660101307 0.5701322840 2
0 0.3761118914 0.5361007074 0.0276217228 0.0574282147 0.3697341000 0.5189056747 2 0.3854052048 0.5575378502 2
0 0.3028441011 0.3729712859 0.0308988764 0.0790678319 0.2956470819 0.3457169213 2 0.3143464195 0.4083676937 2
0 0.3578534644 0.6663545568 0.0173220974 0.0582605077 0.3620453563 0.6479682038 2 0.3595016407 0.6935666607 2
0 0.3887523408 0.6688514357 0.0201310861 0.0682480233 0.3894398405 0.6440022686 2 0.3884465802 0.6943274604 2
0 0.3662219101 0.7213899293 0.0174391386 0.0701206825 0.3719348909 0.7013016691 2 0.3655566755 0.7502863632 2
0 0.3836025281 0.7408447774 0.0323033708 0.0441115273 0.3720126937 0.7363394668 2 0.3974513636 0.7430446472 2
0 0.4079470974 0.7050561798 0.0266853933 0.0590928007 0.4187547695 0.6936695399 2 0.3975768232 0.7215723500 2
0 0.4294826779 0.7321057012 0.0201310861 0.0832292967 0.4276052644 0.7044936014 2 0.4339645533 0.7734027216 2
0 0.4505500936 0.7063046192 0.0313670412 0.0332917187 0.4595794500 0.6987079413 2 0.4369909497 0.7149589025 2
0 0.4610838015 0.7370994590 0.0365168539 0.0382854765 0.4459141797 0.7468574927 2 0.4738822904 0.7352871772 2
0 0.5114540773 0.7523187556 0.0244864374 0.0628896119 0.5153293246 0.7458955540 2 0.5016001887 0.7802692422 2
0 0.1488178839 0.5082188931 0.0159176030 0.0765709530 0.1482035766 0.4877686043 2 0.1495965637 0.5447262989 2
0 0.1698852996 0.4807532251 0.0177902622 0.0815647108 0.1692356831 0.4542209528 2 0.1699776002 0.5167398288 2
0 0.1616924157 0.5764669164 0.0294943820 0.0382854765 0.1735924612 0.5683041911 2 0.1501503946 0.5776494459 2
0 0.2045294944 0.5856221390 0.0299625468 0.0382854765 0.2153916392 0.5756553104 2 0.1922269535 0.5900239906 2
0 0.3894545880 0.7882854765 0.0177902622 0.0607573866 0.3923177216 0.7677356463 2 0.3881175627 0.8109653522 2
0 0.4451121445 0.8281903173 0.0364087460 0.0573377715 0.4423801032 0.8175864419 2 0.4575873346 0.8481101860 2
0 0.4568703184 0.8299001248 0.0177902622 0.0557636288 0.4600991110 0.8133838469 2 0.4527950135 0.8536014706 2
0 0.5702593606 0.8219084382 0.0353942001 0.0447740133 0.5856479950 0.8216417853 2 0.5537659361 0.8193685547 2
0 0.5764864232 0.8781731169 0.0220037453 0.0657511444 0.5807868772 0.8552963119 2 0.5746865022 0.9031423905 2
0 0.4968984082 0.9009571369 0.0454119850 0.0397419892 0.5155488217 0.9008505545 2 0.4787992385 0.9053227260 2
0 0.3604283708 0.8648564295 0.0187265918 0.0707449022 0.3637318700 0.8342933504 2 0.3619300714 0.8855445086 2
0 0.3765800562 0.8927382439 0.0201310861 0.0549313358 0.3721664977 0.8757578523 2 0.3751644482 0.9132433369 2
0 0.3741715783 0.9365045860 0.0379213483 0.0449438202 0.3872796513 0.9446522771 2 0.3586925077 0.9339359038 2
0 0.4697448502 0.5510819809 0.0266853933 0.0774032459 0.4655998657 0.5234000567 2 0.4782730200 0.5817278585 2
0 0.4910463483 0.6118393675 0.0290262172 0.0441115273 0.4834659851 0.6019128472 2 0.5026452976 0.6260229640 2
0 0.4290145131 0.5698085726 0.0191947566 0.0549313358 0.4288755475 0.5512292741 2 0.4350713119 0.5917349163 2
0 0.4458684457 0.6006034124 0.0220037453 0.0599250936 0.4442206934 0.5834359972 2 0.4520698728 0.6262673222 2
0 0.0404437905 0.1272085238 0.0229521878 0.0412550289 0.0322487868 0.1279316877 2 0.0479345705 0.1216607098 2
0 0.0586961610 0.1187057844 0.0220037453 0.0449438202 0.0519518929 0.1081559058 2 0.0621721787 0.1338837718 2
0 0.0951188369 0.0812229915 0.0308988764 0.0424469413 0.0852993681 0.0778486519 2 0.0993088043 0.0826628223 2
0 0.0996605805 0.1170411985 0.0280898876 0.0466084062 0.1090317498 0.1015784226 2 0.0956619026 0.1236391650 2
0 0.1012991573 0.1628173117 0.0163857678 0.0615896796 0.1031837780 0.1399940727 2 0.1002706180 0.1929787259 2
0 0.0982560861 0.2385559717 0.0177902622 0.0799001248 0.0988011075 0.2079138087 2 0.0935683212 0.2621797408 2
0 0.1094920412 0.2489596338 0.0215355805 0.0807324178 0.1150546323 0.2250480076 2 0.1075642985 0.2733516858 2
0 0.0640800562 0.4283187682 0.0290262172 0.0565959218 0.0663240373 0.4117390186 2 0.0645737187 0.4520077857 2
0 0.1055126404 0.4595297545 0.0182584270 0.0540990429 0.1073483249 0.4394823149 2 0.1069546546 0.4839233138 2
0 0.0991924157 0.3892009988 0.0159176030 0.0649188514 0.1020863161 0.3674536034 2 0.1007872043 0.4136442481 2
0 0.1167485955 0.6784228048 0.0266853933 0.0391177695 0.1283314952 0.6778433760 2 0.1076229251 0.6807531713 2
0 0.1233029026 0.6126716604 0.0220037453 0.0574282147 0.1289229091 0.6318800238 2 0.1171173434 0.5997484548 2
0 0.1066830524 0.5619017894 0.0187265918 0.0624219725 0.1105278482 0.5474510624 2 0.1060990577 0.5876256178 2
0 0.1637991573 0.6313982522 0.0252808989 0.0632542655 0.1725275539 0.6533735859 2 0.1569927195 0.6167548488 2
0 0.2356624532 0.6189138577 0.0191947566 0.0699126092 0.2366727019 0.5930063972 2 0.2341289864 0.6429762764 2
0 0.2302785581 0.5319392426 0.0327715356 0.0457761132 0.2445141291 0.5340740795 2 0.2199475904 0.5394037692 2
0 0.2007841760 0.5053058677 0.0346441948 0.0474406991 0.2156173386 0.5090526396 2 0.1944548656 0.5037071201 2
0 0.4182467228 0.2884935497 0.0285580524 0.0882230545 0.4182264640 0.2672138751 2 0.4214363908 0.3248498939 2
0 0.4685744382 0.2780898876 0.0252808989 0.0590928007 0.4792772426 0.3060729661 2 0.4640075516 0.2661495080 2
0 0.4498478464 0.3504993758 0.0252808989 0.0657511444 0.4531905310 0.3346399956 2 0.4419467025 0.3710030153 2
0 0.3821980337 0.2685185185 0.0210674157 0.0665834374 0.3836499199 0.2505203177 2 0.3790470060 0.2985413608 2
0 0.3447448502 0.3093008739 0.0191947566 0.0682480233 0.3479369407 0.2901905445 2 0.3461987350 0.3376463175 2
0 0.3314021536 0.3575738660 0.0215355805 0.0599250936 0.3349804952 0.3409878715 2 0.3292026269 0.3809120930 2
0 0.3714302434 0.3047232626 0.0210674157 0.0640865585 0.3698788798 0.2840837429 2 0.3726769669 0.3340347797 2
0 0.4133309925 0.3746358718 0.0271535581 0.0607573866 0.4106765345 0.3564440256 2 0.4222822367 0.3992807341 2
0 0.2639864232 0.3971077819 0.0234082397 0.0640865585 0.2719847432 0.3870388136 2 0.2569450249 0.4247611734 2
0 0.2930126404 0.7803786933 0.0280898876 0.0615896796 0.2911854048 0.7615392629 2 0.2997007955 0.8085482033 2
0 0.2665613296 0.8365584686 0.0182584270 0.0690803163 0.2660486195 0.8098423489 2 0.2688133961 0.8648027557 2
0 0.2792017790 0.8523720350 0.0294943820 0.0341240117 0.2653865878 0.8537939089 2 0.2920252998 0.8513944515 2
0 0.3016736891 0.8648564295 0.0163857678 0.0607573866 0.3011781188 0.8448960953 2 0.2991885699 0.8904837851 2
0 0.3326860600 0.8431180301 0.0159176030 0.0649188514 0.3318007259 0.8171714852 2 0.3327455345 0.8679811943 2
0 0.3278785041 0.8625860141 0.0322690860 0.0649514286 0.3158190483 0.8458692137 2 0.3405145603 0.8855710895 2
0 0.1853347378 0.0392218061 0.0374531835 0.0357885976 0.1966572898 0.0386479008 2 0.1732039476 0.0497130674 2
0 0.5704558459 0.7163951206 0.0215355805 0.0898876404 0.5690739421 0.6758177698 2 0.5716903353 0.7511117507 2
0 0.6022354869 0.8823345818 0.0248127341 0.0757386600 0.6080092064 0.8586772733 2 0.5976753619 0.9061976486 2
0 0.5921699438 0.7296088223 0.0280898876 0.0632542655 0.5794864935 0.7182386021 2 0.6028462815 0.7429920501 2
0 0.6202598315 0.7500000000 0.0205992509 0.0840615897 0.6223386830 0.7185774950 2 0.6182096876 0.7840976862 2
0 0.6193235019 0.8049313358 0.0224719101 0.0540990429 0.6216774381 0.7889080812 2 0.6164613071 0.8247758166 2
0 0.6345388577 0.6634415314 0.0182584270 0.0823970037 0.6367757830 0.6448995407 2 0.6346772176 0.6947321400 2
0 0.6570107678 0.6767582189 0.0266853933 0.0624219725 0.6522139562 0.6600867878 2 0.6691342070 0.6966274638 2
0 0.6525632022 0.7470869746 0.0271535581 0.0699126092 0.6464558017 0.7252494591 2 0.6549772489 0.7740887980 2
0 0.6746196161 0.7364960466 0.0159176030 0.0674157303 0.6790034071 0.7145663113 2 0.6689466459 0.7575187656 2
0 0.6380500936 0.8465459842 0.0346441948 0.0474406991 0.6235396801 0.8410869283 2 0.6515886866 0.8502927561 2
0 0.6677785581 0.5743861839 0.0285580524 0.0724094881 0.6641804421 0.5489585571 2 0.6690543828 0.6018839915 2
0 0.6307935393 0.5419267582 0.0210674157 0.0690803163 0.6344022844 0.5344244393 2 0.6234688498 0.5741925385 2
0 0.1886482940 0.1230679498 0.0147637795 0.0685331000 0.1846362682 0.0981149861 2 0.1872544675 0.1515317943 2
0 0.1755249344 0.1310877807 0.0164041995 0.0670749490 0.1740484503 0.1092688985 2 0.1730722625 0.1572105664 2
0 0.1630167323 0.1186934966 0.0192749344 0.0656167979 0.1604870530 0.0958634348 2 0.1609645362 0.1465827579 2
0 0.1486630577 0.1493146690 0.0168143045 0.0641586468 0.1492270449 0.1267844430 2 0.1477097095 0.1753391757 2
0 0.1369750656 0.1321813940 0.0164041995 0.0648877224 0.1436668596 0.1163204171 2 0.1352857036 0.1547242114 2
0 0.1248769685 0.0789588801 0.0258366142 0.0342665500 0.1140221315 0.0803353049 2 0.1336586267 0.0797811887 2
0 0.1240567585 0.1055701371 0.0250164042 0.0277048702 0.1130620730 0.1123240245 2 0.1325835445 0.1016126547 2
0 0.1199557087 0.1496792068 0.0184547244 0.0634295713 0.1202533398 0.1269947242 2 0.1170223704 0.1745874168 2
0 0.1338992782 0.2265966754 0.0200951444 0.0481189851 0.1283413476 0.2139008578 2 0.1373578214 0.2448700623 2
0 0.1234416010 0.2623213765 0.0155839895 0.0481189851 0.1249973473 0.2482249416 2 0.1228088828 0.2824622531 2
0 0.0530407475 0.3308142702 0.0164675245 0.0544662309 0.0532266073 0.3129207393 2 0.0527311795 0.3513218982 2
0 0.0335094975 0.3876633987 0.0126378676 0.0510620915 0.0347684836 0.3765030619 2 0.0329106294 0.4077150130 2
0 0.0294883578 0.4308959695 0.0153186275 0.0449346405 0.0262182867 0.4154071791 2 0.0293246190 0.4476694372 2
0 0.0802313113 0.5425517429 0.0172334559 0.0476579521 0.0829981517 0.5321354286 2 0.0830848515 0.5592628528 2
0 0.0658700980 0.6916530501 0.0168504902 0.0462962963 0.0635892476 0.6761440903 2 0.0683057202 0.7117796612 2
0 0.0474877451 0.6913126362 0.0137867647 0.0456154684 0.0477332098 0.6754416398 2 0.0493099087 0.7068649734 2
0 0.0746783088 0.7532679739 0.0160845588 0.0428921569 0.0716309820 0.7408414557 2 0.0764688344 0.7723308464 2
0 0.0716145833 0.8298611111 0.0153186275 0.0476579521 0.0695174375 0.8123546745 2 0.0715115344 0.8493466166 2
0 0.0589767157 0.8206699346 0.0130208333 0.0415305011 0.0575218721 0.8117271767 2 0.0596373488 0.8391276366 2
0 0.0400199142 0.8553921569 0.0134037990 0.0428921569 0.0368179446 0.8419946002 2 0.0402512592 0.8740388701 2
0 0.0285309436 0.8489242919 0.0126378676 0.0381263617 0.0249056309 0.8346725297 2 0.0262928287 0.8631563251 2
0 0.0578278186 0.8666258170 0.0222120098 0.0435729847 0.0521803876 0.8518882273 2 0.0649426077 0.8828909978 2
0 0.0597426471 0.7604166667 0.0222120098 0.0490196078 0.0494481033 0.7620686211 2 0.0689778671 0.7701540027 2
0 0.0591994105 0.5121945699 0.0134037990 0.0483387800 0.0594350904 0.4939690363 2 0.0576763218 0.5294570798 2
0 0.0315946691 0.5343818083 0.0157015931 0.0422113290 0.0311230466 0.5246098583 2 0.0314302119 0.5501387022 2
0 0.0314031863 0.5735294118 0.0137867647 0.0415305011 0.0290365079 0.5682131853 2 0.0368184400 0.5876890024 2
0 0.0604487521 0.2164441539 0.0191887027 0.0562918837 0.0633690048 0.1990431893 2 0.0565077488 0.2370930072 2
0 0.0853089080 0.2046615581 0.0179597701 0.0550766284 0.0905057406 0.1879925061 2 0.0798849645 0.2277146540 2
0 0.0805944684 0.6161398467 0.0202047414 0.0542784163 0.0799713654 0.5951482134 2 0.0857972546 0.6385077504 2
0 0.0992277299 0.6333014049 0.0197557471 0.0534802043 0.0951399944 0.6178073664 2 0.1057447972 0.6553403688 2
0 0.0987787356 0.6939655172 0.0179597701 0.0518837803 0.0958226632 0.6829611889 2 0.1060165172 0.7173602024 2
0 0.1196569684 0.8915229885 0.0157147989 0.0542784163 0.1223211655 0.8835216618 2 0.1176802029 0.9163485177 2
0 0.1302083333 0.9078863346 0.0143678161 0.0502873563 0.1298419703 0.8942931353 2 0.1308482866 0.9321875532 2
0 0.1409841954 0.9302362708 0.0107758621 0.0646551724 0.1428069698 0.9024925177 2 0.1439468808 0.9553843892 2
0 0.1398617098 0.8579980843 0.0166127874 0.0558748404 0.1363599902 0.8369311733 2 0.1383929526 0.8822888218 2
0 0.1578214799 0.8839399745 0.0246946839 0.0518837803 0.1480641319 0.8670626438 2 0.1659033764 0.9044820585 2
0 0.1618624282 0.8504150702 0.0237966954 0.0375159642 0.1729547934 0.8484033798 2 0.1520704618 0.8549553270 2
0 0.1364942529 0.7857598978 0.0143678161 0.0598659004 0.1394300015 0.7765476742 2 0.1367072841 0.8098495334 2
0 0.1486170977 0.7921455939 0.0134698276 0.0566730524 0.1491063214 0.7757265381 2 0.1502404239 0.8140340024 2
0 0.1611889368 0.8081098340 0.0161637931 0.0470945083 0.1619202514 0.7946181407 2 0.1630340244 0.8284311448 2
0 0.1719647989 0.7829661558 0.0197557471 0.0606641124 0.1728077231 0.7651946316 2 0.1763392691 0.8060036075 2
0 0.1560255029 0.7666028097 0.0193067529 0.0534802043 0.1543513003 0.7474765452 2 0.1609671406 0.7865662159 2
0 0.1748832615 0.7342752235 0.0273886494 0.0494891443 0.1757525271 0.7181768466 2 0.1770129638 0.7541893223 2
0 0.1939655172 0.7223020434 0.0251436782 0.0367177522 0.1855236702 0.7221144171 2 0.2040933290 0.7240144302 2
0 0.1822916667 0.6811941252 0.0215517241 0.0614623244 0.1785839209 0.6637851007 2 0.1884234586 0.7027456944 2
0 0.1858836207 0.6081577267 0.0269396552 0.0399106003 0.1754867609 0.6088573239 2 0.1974863176 0.6207324055 2
0 0.1355962644 0.5566730524 0.0188577586 0.0646551724 0.1333173717 0.5371050348 2 0.1404922766 0.5808079165 2
0 0.2139457615 0.6939655172 0.0345725575 0.0343231162 0.2233149912 0.6841000629 2 0.2001666988 0.7034920776 2
0 0.2617636494 0.7494412516 0.0170617816 0.0542784163 0.2628294445 0.7374023972 2 0.2641131150 0.7728624234 2
0 0.2451508621 0.7741858238 0.0294856378 0.0428882004 0.2563784991 0.7846471047 2 0.2314892641 0.7771569274 2
0 0.2310075431 0.7418582375 0.0327765805 0.0518837803 0.2183271729 0.7303505090 2 0.2417352820 0.7519967175 2
0 0.2141702586 0.7602171137 0.0314295977 0.0550766284 0.2021233595 0.7554825186 2 0.2248678516 0.7709795001 2
0 0.2260686063 0.8148946360 0.0148168103 0.0590676884 0.2243418372 0.7975907834 2 0.2273506214 0.8344603302 2
0 0.2139457615 0.8364463602 0.0273886494 0.0638569604 0.2133498421 0.8160873073 2 0.2152085506 0.8580115083 2
0 0.2150682471 0.9122765006 0.0134698276 0.0494891443 0.2147588070 0.8916965712 2 0.2123279649 0.9277090469 2
0 0.1893353271 0.8586774614 0.0273452635 0.0618793677 0.1783763086 0.8597621514 2 0.1930106190 0.8809756475 2
0 0.2857848420 0.4556992337 0.0336745690 0.0590676884 0.2754276249 0.4500484503 2 0.2987457029 0.4672415032 2
0 0.2662535920 0.4780491699 0.0287356322 0.0670498084 0.2603476621 0.4579732602 2 0.2775465235 0.5026442193 2
0 0.2063128592 0.1859035760 0.0166127874 0.0590676884 0.2104725034 0.1815900301 2 0.2013386941 0.2144478645 2
0 0.1910470546 0.4453224777 0.0175107759 0.0638569604 0.1929818249 0.4241373321 2 0.1899614237 0.4749420289 2
0 0.2081088362 0.4233716475 0.0175107759 0.0566730524 0.2016837749 0.4104350885 2 0.2080759893 0.4465430811 2
0 0.2229256466 0.3978288633 0.0184087644 0.0582694764 0.2260835922 0.3875431324 2 0.2176032350 0.4199569420 2
0 0.2051903736 0.3407567050 0.0152658046 0.0638569604 0.2052924283 0.3234954994 2 0.2030852120 0.3660392700 2
0 0.2195581897 0.2681194125 0.0215517241 0.0462962963 0.2138080428 0.2593482707 2 0.2293892470 0.2843530621 2
0 0.2227011494 0.2238186462 0.0206537356 0.0454980843 0.2196006205 0.2172587995 2 0.2295330936 0.2441868378 2
0 0.2354974856 0.2541507024 0.0148168103 0.0486909323 0.2363511265 0.2442959853 2 0.2310363821 0.2757907668 2
0 0.2363954741 0.3140166028 0.0184087644 0.0678480204 0.2413308097 0.2884353537 2 0.2336781586 0.3389044504 2
0 0.2489673132 0.3467432950 0.0184087644 0.0758301405 0.2530422700 0.3174167484 2 0.2469724254 0.3777473259 2
0 0.2783764368 0.3076309068 0.0224497126 0.0822158365 0.2800049848 0.2792914376 2 0.2776118977 0.3433729920 2
0 0.2642331178 0.2685185185 0.0300826149 0.0566730524 0.2754661641 0.2630968209 2 0.2516500103 0.2790429903 2
0 0.2975221867 0.2582546409 0.0291846264 0.0822158365 0.2919290716 0.2339036503 2 0.3074841377 0.2916036390 2
0 0.3114546144 0.3184067688 0.0291846264 0.0431034483 0.3233725657 0.3155378524 2 0.2992993874 0.3225080090 2
0 0.3344403990 0.4588553962 0.0265106162 0.0774257582 0.3433922489 0.4361735554 2 0.3271940641 0.4857540862 2
0 0.3600057832 0.4275789296 0.0265942389 0.0709761400 0.3549237200 0.4093115259 2 0.3606050249 0.4522369404 2
0 0.4081357759 0.4700670498 0.0278376437 0.0526819923 0.3987406437 0.4638344907 2 0.4205920846 0.4890509683 2
0 0.4063397989 0.5139687101 0.0341235632 0.0574712644 0.3920857125 0.5088423923 2 0.4205239513 0.5192511594 2
0 0.4308099856 0.4804438059 0.0291846264 0.0574712644 0.4411596517 0.4636076250 2 0.4263132182 0.4994806975 2
0 0.4501167385 0.4952107280 0.0255926724 0.0566730524 0.4568733469 0.4795248295 2 0.4405835101 0.5075680928 2
0 0.4705459770 0.4800446999 0.0251436782 0.0614623244 0.4703107633 0.4658161320 2 0.4728824606 0.5043791687 2
0 0.3957884339 0.3040389527 0.0184087644 0.0638569604 0.3950641475 0.2849190388 2 0.4011049499 0.3289084714 2
0 0.0929418103 0.9505906769 0.0170617816 0.0542784163 0.0915862652 0.9367605708 2 0.0954781885 0.9722989411 2
0 0.1066361351 0.9314335888 0.0166127874 0.0606641124 0.1062958929 0.9231360899 2 0.1053111689 0.9558143389 2
0 0.1584949713 0.9378192848 0.0143678161 0.0526819923 0.1527180242 0.9384019899 2 0.1623978291 0.9596996905 2
0 0.1708423132 0.9438058748 0.0112248563 0.0518837803 0.1723044704 0.9395315077 2 0.1685471835 0.9636433109 2
0 0.1798221983 0.9194604087 0.0166127874 0.0606641124 0.1779337796 0.9164036594 2 0.1863212013 0.9470103914 2
0 0.1995779454 0.9362228608 0.0237966954 0.0638569604 0.1931580132 0.9285805836 2 0.2066157188 0.9613807262 2
0 0.2285380747 0.9366219668 0.0188577586 0.0662515964 0.2333458236 0.9222523638 2 0.2266118884 0.9611104817 2
0 0.2494163075 0.9003033206 0.0291846264 0.0510855683 0.2386231652 0.8861639191 2 0.2596265704 0.9163989094 2
0 0.2052156690 0.8804773083 0.0165052817 0.0619457486 0.2043780681 0.8609279353 2 0.2037019138 0.9064055708 2
0 0.3216696009 0.9499676618 0.0308098592 0.0416400546 0.3145417146 0.9545256579 2 0.3337997333 0.9547331517 2
0 0.2741529304 0.9568579569 0.0263278388 0.0396825397 0.2735786111 0.9507954215 2 0.2668375739 0.9701446951 2
0 0.2423878205 0.7024827025 0.0257554945 0.0722425722 0.2357682845 0.6871603613 2 0.2380025005 0.7175340172 2
0 0.2050673675 0.6589159384 0.0275735294 0.0755718954 0.2127461763 0.6419098178 2 0.1973482804 0.6856593951 2
0 0.2600337010 0.6899509804 0.0337009804 0.0497004357 0.2478145441 0.6826245061 2 0.2731309045 0.7083427134 2
0 0.3167691257 0.5406041287 0.0307377049 0.0356709168 0.3031118718 0.5384077636 2 0.3303553097 0.5360387690 2
0 0.2930295950 0.0647282797 0.0408878505 0.0432675666 0.2813619830 0.0786089152 2 0.3075569931 0.0563748882 2
0 0.2179930634 0.0618210488 0.0300281829 0.0634136449 0.2092528799 0.0521055088 2 0.2289700781 0.0833688141 2
0 0.2362433722 0.0719663528 0.0189836449 0.0778816199 0.2387512494 0.0474714763 2 0.2359404383 0.1022113126 2
0 0.2514116044 0.1966943579 0.0219042056 0.0562478366 0.2579430374 0.1760325556 2 0.2474033898 0.2158717413 2
0 0.3762655763 0.1356870890 0.0214174455 0.0692281066 0.3778941132 0.1207802088 2 0.3749974812 0.1633201191 2
0 0.4370769120 0.2150581621 0.0304038241 0.0560048390 0.4259535135 0.2082513644 2 0.4488775511 0.2299867482 2
0 0.4726440810 0.1400138456 0.0223909657 0.0726895119 0.4740692869 0.1182493081 2 0.4747304747 0.1711443281 2
0 0.4590147975 0.1806853583 0.0243380062 0.0692281066 0.4642743886 0.1599572272 2 0.4575995409 0.2110051196 2
0 0.4685066199 0.2161647629 0.0277453271 0.0398061613 0.4781299558 0.2149314413 2 0.4607501635 0.2294789712 2
0 0.3271028037 0.2321737625 0.0330996885 0.0406715126 0.3405371956 0.2384772384 2 0.3132730013 0.2306824071 2
0 0.2813473520 0.1971270336 0.0282320872 0.0363447560 0.2951859705 0.1917161701 2 0.2696873368 0.2019911751 2
0 0.2891355140 0.1551574939 0.0233644860 0.0510557286 0.2827002051 0.1454846460 2 0.2958893265 0.1689319729 2
0 0.3143330074 0.1210806391 0.0219660077 0.0639144605 0.3195358553 0.1151728924 2 0.3088386583 0.1416316600 2
0 0.3470244190 0.1650361114 0.0160630841 0.0475943233 0.3447431008 0.1501698121 2 0.3482930493 0.1823406192 2
0 0.3497371495 0.1127552786 0.0189836449 0.0614399446 0.3550666062 0.0929681192 2 0.3475778678 0.1285365219 2
0 0.3107963396 0.1971270336 0.0219042056 0.0692281066 0.3086536190 0.1701298632 2 0.3116761915 0.2218494383 2
0 0.4336007564 0.1142491023 0.0228447835 0.0595676390 0.4394056198 0.0979546945 2 0.4248845629 0.1424570380 2
0 0.4142328660 0.1127552786 0.0311526480 0.0406715126 0.4018168251 0.1132022101 2 0.4250762685 0.0982628114 2
0 0.3908683801 0.1854447906 0.0301791277 0.0354794046 0.3797125696 0.1857351585 2 0.3992650391 0.1856059393 2
0 0.3679906542 0.2252509519 0.0292056075 0.0354794046 0.3800555526 0.2322815563 2 0.3558582284 0.2302807440 2
0 0.5195727305 0.6631126076 0.0270452927 0.0486344931 0.5230206775 0.6443037050 2 0.5180659992 0.6784359333 2
0 0.5302767256 0.6958401681 0.0400357744 0.0392673170 0.5490333702 0.6994525151 2 0.5225164194 0.6989382469 2
0 0.6612802707 0.5091009813 0.0369480057 0.0704336815 0.6481967526 0.4907453990 2 0.6721577580 0.5324315689 2
0 0.6465900997 0.6012978791 0.0262642450 0.0538144983 0.6547140366 0.5829222816 2 0.6392458493 0.6173830535 2
0 0.6868767806 0.6250395695 0.0240384615 0.0728078506 0.6861867014 0.6018267690 2 0.6861867014 0.6581045060 2
0 0.7075765670 0.5455049066 0.0289351852 0.0530231086 0.6955705815 0.5311722048 2 0.7185281127 0.5654691702 2
0 0.7273860399 0.5957581513 0.0302706553 0.0775561887 0.7276359150 0.5717839582 2 0.7321508290 0.6181872405 2
0 0.5482104701 0.1707818930 0.0280448718 0.0743906299 0.5472206155 0.1465832851 2 0.5538518954 0.1997538195 2
0 0.4893738027 0.4430076628 0.0299329502 0.0367177522 0.4798229423 0.4522405201 2 0.4988554540 0.4404493344 2
0 0.6473214286 0.2416225750 0.0238095238 0.0740740741 0.6451399156 0.2168082393 2 0.6471612610 0.2659194462 2
0 0.6220238095 0.0665784832 0.0178571429 0.0749559083 0.6223332198 0.0375950716 2 0.6203997589 0.0814201836 2
0 0.6711309524 0.1922398589 0.0347222222 0.0388007055 0.6571249847 0.1949709114 2 0.6835513388 0.1942275540 2
0 0.7031250000 0.2010582011 0.0233134921 0.0529100529 0.6957097746 0.1934297077 2 0.7099554470 0.2211510161 2
0 0.7239583333 0.2323633157 0.0282738095 0.0714285714 0.7208107135 0.2135174462 2 0.7287372751 0.2652638886 2
0 0.6986607143 0.2451499118 0.0312500000 0.0705467372 0.6880060743 0.2279056609 2 0.7077703405 0.2694305838 2
0 0.6785714286 0.2513227513 0.0317460317 0.0670194004 0.6742510113 0.2340737090 2 0.6840048050 0.2748228916 2
0 0.6785714286 0.3130511464 0.0218253968 0.0828924162 0.6794096131 0.2799209886 2 0.6742824545 0.3453341501 2
0 0.6592261905 0.3187830688 0.0248015873 0.0802469136 0.6580037578 0.2939771179 2 0.6673468654 0.3518524793 2
0 0.6855158730 0.3637566138 0.0148809524 0.0679012346 0.6834112674 0.3346416536 2 0.6840289007 0.3880051724 2
0 0.7011408730 0.3236331570 0.0262896825 0.0864197531 0.6996782211 0.3022294549 2 0.7042374779 0.3525384961 2
0 0.7234623016 0.3196649030 0.0233134921 0.0855379189 0.7229501312 0.2965431072 2 0.7251286923 0.3551913569 2
0 0.7576884921 0.2323633157 0.0332341270 0.0749559083 0.7489231363 0.2125867859 2 0.7714226357 0.2601008805 2
0 0.7530068441 0.0431751977 0.0243055556 0.0679012346 0.7501847241 0.0184153421 2 0.7592005687 0.0641126725 2
0 0.7757936508 0.0361552028 0.0208333333 0.0546737213 0.7731799368 0.0268755085 2 0.7728666213 0.0598780758 2
0 0.8010912698 0.0696649030 0.0218253968 0.0758377425 0.7968382866 0.0500750544 2 0.8050278742 0.1047826027 2
0 0.8167162698 0.0917107584 0.0243055556 0.0758377425 0.8142193949 0.0672866885 2 0.8231871098 0.1227178975 2
0 0.8427579365 0.1009700176 0.0357142857 0.0714285714 0.8294944455 0.0825861699 2 0.8524944686 0.1264782416 2
0 0.7817460317 0.1000881834 0.0238095238 0.0661375661 0.7802936469 0.0811410113 2 0.7802936469 0.1284126870 2
0 0.7676091270 0.1472663139 0.0352182540 0.0723104056 0.7572983724 0.1239782473 2 0.7787406761 0.1805730668 2
0 0.8060515873 0.1499118166 0.0277777778 0.0493827160 0.7974199932 0.1418336220 2 0.8177232849 0.1712204905 2
0 0.8261408730 0.1843033510 0.0322420635 0.0687830688 0.8160907757 0.2088668259 2 0.8358614589 0.1674902063 2
0 0.7996031746 0.1913580247 0.0228174603 0.0687830688 0.7928209511 0.1761020646 2 0.8047083872 0.2208155084 2
0 0.7864583333 0.2477954145 0.0282738095 0.0864197531 0.7826353275 0.2308636271 2 0.7945837248 0.2834086258 2
0 0.8008432540 0.2442680776 0.0282738095 0.0670194004 0.7980164826 0.2337383154 2 0.8120375611 0.2682017199 2
0 0.8201884921 0.2539682540 0.0203373016 0.0811287478 0.8248427522 0.2183944001 2 0.8182025193 0.2691476174 2
0 0.8392857143 0.2557319224 0.0218253968 0.0881834215 0.8382501437 0.2244798547 2 0.8355229317 0.2820899813 2
0 0.8487103175 0.3073192240 0.0218253968 0.0784832451 0.8421008067 0.3279858017 2 0.8546652331 0.2805201909 2
0 0.7971230159 0.3223104056 0.0406746032 0.0661375661 0.7838558351 0.3401538590 2 0.8039489710 0.2963045671 2
0 0.7492559524 0.2954144621 0.0362103175 0.0652557319 0.7381829260 0.3147083787 2 0.7584830091 0.2729210730 2
0 0.7673611111 0.3289241623 0.0218253968 0.0670194004 0.7619523758 0.3545918123 2 0.7695115659 0.2978030578 2
0 0.8278769841 0.3699294533 0.0198412698 0.0820105820 0.8291544423 0.3366212745 2 0.8263197460 0.4055823072 2
0 0.8129960317 0.3906525573 0.0198412698 0.0652557319 0.8109535103 0.3660486982 2 0.8187886302 0.4101575209 2
0 0.8554067460 0.4065255732 0.0223214286 0.0934744268 0.8519285881 0.3697706547 2 0.8561798304 0.4423251903 2
0 0.7403273810 0.3840388007 0.0193452381 0.0731922399 0.7392515439 0.3566792953 2 0.7379200227 0.4108870020 2
0 0.6708829365 0.4462081129 0.0233134921 0.0705467372 0.6744246866 0.4232598890 2 0.6690344322 0.4745956454 2
0 0.6845238095 0.4920634921 0.0188492063 0.0687830688 0.6876231416 0.4696889738 2 0.6807409418 0.5137350527 2
0 0.7219742063 0.5061728395 0.0352182540 0.0458553792 0.7090404892 0.5093842283 2 0.7365229417 0.5114953631 2
0 0.7539682540 0.4576719577 0.0287698413 0.0599647266 0.7469550838 0.4410749936 2 0.7640819755 0.4781165938 2
0 0.7699541310 0.4235256525 0.0290234305 0.0540841805 0.7637329719 0.4066322173 2 0.7781963796 0.4428399319 2
0 0.7971230159 0.4122574956 0.0168650794 0.0679012346 0.7967512808 0.3890718153 2 0.7940336942 0.4428745400 2
0 0.7938988095 0.4611992945 0.0372023810 0.0582010582 0.7817153907 0.4637253560 2 0.8096677101 0.4735133735 2
0 0.8535791931 0.4633496923 0.0203373016 0.0634920635 0.8589521538 0.4478298665 2 0.8477481250 0.4897198437 2
0 0.8360615079 0.4514991182 0.0272817460 0.0440917108 0.8442320748 0.4459976363 2 0.8256228631 0.4688135280 2
0 0.7509614098 0.5097695341 0.0223214286 0.0458553792 0.7458549459 0.5037513864 2 0.7596193456 0.5213994786 2
0 0.7847417291 0.5445128114 0.0213293651 0.0396825397 0.7902082813 0.5304493809 2 0.7780802088 0.5574006530 2
0 0.7579365079 0.5559964727 0.0228174603 0.0396825397 0.7642545278 0.5424463998 2 0.7533537008 0.5683709567 2
0 0.8100198413 0.5498236332 0.0218253968 0.0608465608 0.8074466044 0.5294404288 2 0.8129812406 0.5701753515 2
0 0.8375496032 0.5762786596 0.0183531746 0.0520282187 0.8328652796 0.5598591461 2 0.8385442976 0.5950269912 2
0 0.8539186508 0.5559964727 0.0193452381 0.0626102293 0.8530850544 0.5380598164 2 0.8588940160 0.5807854257 2
0 0.8521825397 0.6335978836 0.0208333333 0.0520282187 0.8485740210 0.6289570742 2 0.8553888427 0.6531875512 2
0 0.7899305556 0.6278659612 0.0322420635 0.0476190476 0.7896695453 0.6194602444 2 0.8008446978 0.6434853784 2
0 0.7879464286 0.6741622575 0.0233134921 0.0679012346 0.7942410586 0.6593214896 2 0.7844824522 0.6966539924 2
0 0.7331349206 0.6679894180 0.0317460317 0.0449735450 0.7473531284 0.6609233934 2 0.7256717925 0.6805593202 2
0 0.7197420635 0.7054673721 0.0218253968 0.0599647266 0.7189695887 0.6966278112 2 0.7190786772 0.7352208921 2
0 0.7609126984 0.6829805996 0.0238095238 0.0767195767 0.7618642708 0.6550469323 2 0.7617247017 0.7133557956 2
0 0.8110119048 0.6728395062 0.0208333333 0.0617283951 0.8123203890 0.6499648635 2 0.8098498557 0.6964807628 2
0 0.6517857143 0.4122574956 0.0188492063 0.0696649030 0.6538085998 0.3963553324 2 0.6514006319 0.4355587384 2
0 0.6195627289 0.9161579162 0.0257554945 0.0742775743 0.6234136913 0.8980947807 2 0.6231459331 0.9430781665 2
0 0.6083460084 0.9750712251 0.0228937729 0.0498575499 0.6078828558 0.9651626715 2 0.6099650444 0.9961641459 2
0 0.6424565018 0.9059829060 0.0188873626 0.0681725682 0.6447959685 0.8884370684 2 0.6415714413 0.9318717254 2
0 0.6592149365 0.8150023094 0.0332789285 0.0442784432 0.6534065542 0.8040358049 2 0.6707251966 0.8319604376 2
0 0.6624790140 0.9049738841 0.0257364164 0.0661206078 0.6665625871 0.8843208172 2 0.6615105193 0.9296557747 2
0 0.6879578755 0.9146316646 0.0240384615 0.0671550672 0.6871908748 0.8997367924 2 0.6896342594 0.9401340837 2
0 0.7117101648 0.8545991046 0.0234661172 0.0590150590 0.7050153282 0.8357837601 2 0.7209047320 0.8752925480 2
0 0.7054143773 0.8902116402 0.0211767399 0.0651200651 0.7032737133 0.8808227253 2 0.7032737133 0.9170473410 2
0 0.6935527020 0.9752873011 0.0343406593 0.0437525438 0.6807758594 0.9759204455 2 0.6990045807 0.9750171384 2
0 0.7151442308 0.9680453805 0.0188873626 0.0620573871 0.7197793029 0.9473837199 2 0.7155297276 0.9853030072 2
0 0.7288804945 0.7655677656 0.0200320513 0.0722425722 0.7284486448 0.7352922400 2 0.7260830043 0.7920676121 2
0 0.7466231685 0.7482702483 0.0188873626 0.0824175824 0.7477677831 0.7131974621 2 0.7497169376 0.7790355696 2
0 0.7644211980 0.7391904649 0.0183150183 0.0834350834 0.7698455858 0.7187958219 2 0.7566402029 0.7606213004 2
0 0.7403273810 0.7971102971 0.0211767399 0.0498575499 0.7459962923 0.7841170197 2 0.7417333266 0.8116902443 2
0 0.7842678155 0.7433793059 0.0171703297 0.0752950753 0.7831508926 0.7220521950 2 0.7828769374 0.7717294115 2
0 0.7901213370 0.7854090354 0.0154532967 0.0752950753 0.7940609984 0.7562894199 2 0.7904995803 0.8066971838 2
0 0.8060542973 0.7180472884 0.0200157915 0.0378412097 0.7983188701 0.7102660978 2 0.8116052101 0.7303371146 2
0 0.8361950549 0.7442002442 0.0148809524 0.0722425722 0.8373499614 0.7363544952 2 0.8351157453 0.7758402479 2
0 0.8276098901 0.7263939764 0.0240384615 0.0671550672 0.8371051046 0.7025943248 2 0.8173136897 0.7375618727 2
0 0.8083815336 0.8050951544 0.0232346984 0.0552914383 0.8084680087 0.8284169829 2 0.8047462977 0.7922951507 2
0 0.7348901099 0.8398453398 0.0160256410 0.0641025641 0.7369850530 0.8169201732 2 0.7312708650 0.8540300017 2
0 0.7514880952 0.8418803419 0.0160256410 0.0579975580 0.7530527128 0.8338934854 2 0.7519976150 0.8622170018 2
0 0.7615041209 0.8149165649 0.0188873626 0.0671550672 0.7597583226 0.7952435184 2 0.7548715535 0.8425908814 2
0 0.7792467949 0.8449328449 0.0200320513 0.0600325600 0.7760318931 0.8232690899 2 0.7806185934 0.8541767692 2
0 0.7926258257 0.8536616318 0.0216069628 0.0446099884 0.7877419425 0.8408817069 2 0.7969124548 0.8651199929 2
0 0.8567994505 0.7157102157 0.0228937729 0.0559625560 0.8627955533 0.6982300616 2 0.8492551305 0.7351523171 2
0 0.7457646520 0.8861416361 0.0274725275 0.0468050468 0.7386939414 0.8789392295 2 0.7584483353 0.9048242975 2
0 0.7646520147 0.9125966626 0.0171703297 0.0712250712 0.7639534288 0.8829779056 2 0.7675814847 0.9368804498 2
0 0.7217261905 0.9248066748 0.0183150183 0.0610500611 0.7215992826 0.9011961758 2 0.7263749887 0.9509523704 2
0 0.7370850504 0.9403286528 0.0195798993 0.0545278795 0.7414292168 0.9201260446 2 0.7351374392 0.9600492557 2
0 0.7798191392 0.9253154253 0.0165979853 0.0539275539 0.7797148881 0.9065524038 2 0.7837372174 0.9454458208 2
0 0.8067193223 0.9125966626 0.0200320513 0.0610500611 0.8058950503 0.8915529514 2 0.8046733580 0.9308445495 2
0 0.8428419615 0.8591381694 0.0168009443 0.0480751190 0.8459540523 0.8470758546 2 0.8385200561 0.8761510398 2
0 0.8161630037 0.9446479446 0.0206043956 0.0620675621 0.8170263377 0.9199590313 2 0.8123151366 0.9702118436 2
0 0.8410599817 0.9777116402 0.0177426740 0.0427248677 0.8454558949 0.9973727454 2 0.8391842455 0.9693222466 2
0 0.8347641941 0.9370166870 0.0154532967 0.0427350427 0.8388778542 0.9229771474 2 0.8302482642 0.9463349166 2
0 0.8456387363 0.9395604396 0.0154532967 0.0457875458 0.8451099656 0.9227410688 2 0.8429442384 0.9581331239 2
0 0.8583074358 0.9220464327 0.0167035240 0.0527873755 0.8575364056 0.9045337258 2 0.8583046566 0.9381660446 2
0 0.8519345238 0.7696377696 0.0165979853 0.0539275539 0.8497700553 0.7625602142 2 0.8545772293 0.7958725130 2
0 0.8695836292 0.7657621197 0.0233561499 0.0539961495 0.8780869942 0.7527380808 2 0.8635488977 0.7820762215 2
0 0.8891369048 0.8373015873 0.0188873626 0.0691900692 0.8866118149 0.8362767150 2 0.8871153002 0.8684997744 2
0 0.8791208791 0.6510989011 0.0217490842 0.0549450549 0.8772993730 0.6376682826 2 0.8792985058 0.6676997000 2
0 0.8719279901 0.2995522996 0.0154532967 0.0742775743 0.8705745772 0.2840385682 2 0.8770606525 0.3215136703 2
0 0.8805517399 0.1825396825 0.0234661172 0.0742775743 0.8763345322 0.1600594257 2 0.8857933921 0.2141100539 2
0 0.8948278723 0.3311405615 0.0243657910 0.0765869586 0.8948121059 0.3139060189 2 0.8868704197 0.3488308609 2
0 0.8671016484 0.3565323565 0.0228937729 0.0579975580 0.8587632283 0.3423555925 2 0.8732180693 0.3787447460 2
0 0.8877060440 0.3758648759 0.0320512821 0.0437525438 0.8762379075 0.3670096553 2 0.9001960335 0.3846974560 2
0 0.9211881868 0.3865486365 0.0211767399 0.0814000814 0.9162339285 0.3484864639 2 0.9233021689 0.4027897656 2
0 0.8985805861 0.4267399267 0.0240384615 0.0539275539 0.9032621479 0.4093721848 2 0.8917837936 0.4393706947 2
0 0.8754006410 0.4409849410 0.0303342491 0.0457875458 0.8812902344 0.4234251506 2 0.8665466298 0.4491917514 2
0 0.8917124542 0.5035612536 0.0171703297 0.0590150590 0.8910231236 0.4857002276 2 0.8895200719 0.5244455607 2
0 0.8625228938 0.5081400081 0.0263278388 0.0579975580 0.8697546087 0.4894614932 2 0.8546667090 0.5254755007 2
0 0.8879922161 0.5635938136 0.0314789377 0.0386650387 0.8783271511 0.5610470223 2 0.9002380688 0.5679210356 2
0 0.9043040293 0.5081400081 0.0228937729 0.0335775336 0.9140771973 0.5049277719 2 0.8964848285 0.5144841204 2
0 0.9111072097 0.7654534396 0.0128745318 0.0450558597 0.9099258944 0.7512343232 2 0.9077128094 0.7792120886 2
0 0.9186126374 0.5961538462 0.0320512821 0.0386650387 0.9314671159 0.5923792899 2 0.9073051427 0.5952612292 2
0 0.8759729853 0.9380341880 0.0143086081 0.0508750509 0.8752238733 0.9236239780 2 0.8759642928 0.9555442880 2
0 0.9134615385 0.9522792023 0.0194597070 0.0549450549 0.9181017511 0.9313556808 2 0.9110838613 0.9743987381 2
0 0.9143200549 0.6332926333 0.0188873626 0.0437525438 0.9108666641 0.6211828574 2 0.9202588862 0.6364651172 2
0 0.9163232601 0.6724664225 0.0228937729 0.0386650387 0.9126448557 0.6631402951 2 0.9230551547 0.6790214720 2
0 0.9309180403 0.6424501425 0.0131639194 0.0641025641 0.9361268993 0.6228420554 2 0.9291299345 0.6611957888 2
0 0.9412202381 0.6475376475 0.0154532967 0.0702075702 0.9445231387 0.6290139296 2 0.9403083003 0.6639814775 2
0 0.9389308608 0.4079161579 0.0154532967 0.0569800570 0.9379522853 0.3886439252 2 0.9360864280 0.4255003657 2
0 0.9203296703 0.4531949532 0.0183150183 0.0600325600 0.9149393048 0.4416272303 2 0.9270618241 0.4711387087 2
0 0.9240499084 0.5203500204 0.0177426740 0.0579975580 0.9173621057 0.5044850997 2 0.9268579866 0.5356222104 2
0 0.9452266484 0.2298534799 0.0154532967 0.0651200651 0.9472393679 0.2034052982 2 0.9443678209 0.2411389190 2
0 0.9229052198 0.7731990232 0.0154532967 0.0508750509 0.9205901870 0.7566498233 2 0.9215157114 0.7859375304 2
0 0.9623969780 0.7731990232 0.0200320513 0.0549450549 0.9627499730 0.7492840636 2 0.9675478918 0.7910437270 2
0 0.9629693223 0.8871591372 0.0131639194 0.0468050468 0.9625093441 0.8791998572 2 0.9602954896 0.9056904238 2
0 0.8945995329 0.1371514093 0.0177426740 0.0641025641 0.8917461780 0.1208604019 2 0.8954778926 0.1596287702 2
0 0.8974358974 0.8993691494 0.0137362637 0.0386650387 0.8968433841 0.8869168061 2 0.8976171225 0.9150527495 2
0 0.9039664105 0.3374970847 0.0188873626 0.0620675621 0.9049416541 0.3285482751 2 0.9022317185 0.3622719182 2
0 0.4507211538 0.0528083028 0.0291895604 0.0447700448 0.4405282050 0.0504076322 2 0.4578762353 0.0515659775 2
0 0.4885855893 0.0785087779 0.0327773233 0.0512637591 0.4821336293 0.0687965172 2 0.4994799126 0.0868681529 2
0 0.3399725275 0.9812728938 0.0343406593 0.0356023606 0.3362109350 0.9803244387 2 0.3555647748 0.9947341352 2
0 0.2226419414 0.4816849817 0.0469322344 0.0579975580 0.2089104196 0.4608047433 2 0.2323087157 0.4921531851 2
0 0.1990511551 0.2497249725 0.0206270627 0.0834250092 0.1985504885 0.2198894695 2 0.1980951855 0.2832946350 2
0 0.2000825083 0.1562156216 0.0319719472 0.0907590759 0.2073165566 0.1352048368 2 0.1913008965 0.1918558770 2
0 0.7187219158 0.4334581518 0.0334916258 0.0405274147 0.7060996384 0.4330988924 2 0.7269109088 0.4351065257 2
0 0.7038909314 0.4571078431 0.0191482843 0.0605936819 0.6995627503 0.4360254748 2 0.7037515923 0.4828621176 2
0 0.6441765879 0.0231573454 0.0388008713 0.0404021771 0.0000000000 0.0000000000 0 0.0000000000 0.0000000000 0
0 0.9395900623 0.7061851552 0.0180786971 0.0678509125 0.0000000000 0.0000000000 0 0.0000000000 0.0000000000 0
0 0.2044471113 0.8152913883 0.0216524094 0.0459918422 0.0000000000 0.0000000000 0 0.0000000000 0.0000000000 0
0 0.9550946700 0.8224441305 0.0181977816 0.0445510737 0.9534128393 0.8055524212 2 0.9551878137 0.8329001745 2
0 0.9455905897 0.8944708212 0.0132903055 0.0364262691 0.0000000000 0.0000000000 0 0.0000000000 0.0000000000 0
0 0.3580775647 0.2686989412 0.0347763010 0.0332901343 0.0000000000 0.0000000000 0 0.0000000000 0.0000000000 0
0 0.1313499968 0.0336049192 0.0196297966 0.0469607205 0.1380144340 0.0200337019 2 0.1305017958 0.0437294782 2
0 0.1749717670 0.0797039751 0.0273847779 0.0323124223 0.1843674116 0.0713027453 2 0.1729772828 0.0825043851 2
0 0.0748355702 0.3685475443 0.0120977709 0.0501833461 0.0768518653 0.3521910823 2 0.0731294743 0.3756283593 2
0 0.0880917414 0.4909017693 0.0135712174 0.0504073789 0.0894149351 0.4803356934 2 0.0886394370 0.5065302971 2
0 0.0420707739 0.4964885711 0.0133773429 0.0358452472 0.0380963459 0.4839703078 2 0.0431370838 0.5008589339 2
0 0.1076391413 0.7994178871 0.0255914385 0.0231615443 0.1153165729 0.8007083160 2 0.1018229053 0.7979509893 2
0 0.0939672318 0.8304572497 0.0145173251 0.0461025025 0.0913330198 0.8189161831 2 0.0962962078 0.8447247610 2
0 0.0436702388 0.9393560457 0.0133288742 0.0435140621 0.0449013421 0.9293738337 2 0.0436605451 0.9528111107 2
0 0.0479257848 0.1679656046 0.0144242653 0.0587310589 0.0501747294 0.1542286029 2 0.0456768402 0.1851106621 2
0 0.1225044712 0.3783233504 0.0174487081 0.0577315279 0.1249279029 0.3613830245 2 0.1220197849 0.3924029499 2
0 0.0282447511 0.3114613189 0.0150252764 0.0443757267 0.0301834964 0.2966751545 2 0.0272753784 0.3225250923 2
0 0.0777290860 0.2695999061 0.0106498462 0.0391809158 0.0790603168 0.2637306575 2 0.0768415989 0.2797711667 2
0 0.0164793354 0.7807644768 0.0118263466 0.0499765466 0.0161885236 0.7630762259 2 0.0159946491 0.7882368321 2
0 0.2120520854 0.9859677921 0.0181757376 0.0280644159 0.2083611990 0.9814138947 2 0.2166008667 0.9947696959 2
0 0.1966245686 0.9824716741 0.0147344646 0.0350566518 0.1961235968 0.9745939917 2 0.1959684972 0.9925166153 2
0 0.1742802348 0.9848154018 0.0127181694 0.0303691964 0.1756404585 0.9759726551 2 0.1737792630 0.9892078233 2
0 0.0415031093 0.6421013639 0.0153440061 0.0641436912 0.0428323131 0.6247895434 2 0.0383654438 0.6609656698 2
0 0.0703764559 0.5682706772 0.0226833205 0.0251606062 0.0776467509 0.5643690600 2 0.0675652751 0.5702283792 2
0 0.0413340507 0.7645004032 0.0133385679 0.0341908512 0.0464523384 0.7542100599 2 0.0411789510 0.7729598815 2
0 0.0413185407 0.8033815849 0.0122838905 0.0397055046 0.0436140152 0.8150020626 2 0.0400157038 0.7911787598 2
0 0.0756110683 0.5102469806 0.0179915568 0.0369481779 0.0819701530 0.5016110334 2 0.0717335776 0.5209123203 2
0 0.0824936143 0.3298341346 0.0182242062 0.0206799503 0.0790038726 0.3307578390 2 0.0879221012 0.3317918365 2
0 0.0429625968 0.2372774571 0.0134936676 0.0521134748 0.0439707443 0.2206452624 2 0.0424197481 0.2457369355 2
0 0.0610317033 0.9632889522 0.0269873351 0.0259188710 0.0542073197 0.9677006750 2 0.0701825813 0.9588772295 2
0 0.3639125802 0.9807978045 0.0138135606 0.0384043910 0.3626451254 0.9956313605 2 0.3644871174 0.9740737535 2
0 0.1626122655 0.1787954037 0.0128441879 0.0495457143 0.1627334371 0.1639316894 2 0.1620064076 0.1932282856 2
0 0.3715154278 0.0381889749 0.0314852243 0.0540436035 0.3843530240 0.0561115985 2 0.3652757698 0.0279868661 2
0 0.4140055003 0.0542848695 0.0344127298 0.0392057391 0.4275209788 0.0631169317 2 0.4086182117 0.0557927826 2
0 0.4691176256 0.0224446394 0.0179915568 0.0448892788 0.4702058046 0.0082719801 2 0.4683446091 0.0343011442 2
0 0.2742070299 0.0428764303 0.0161303612 0.0435657620 0.2729305600 0.0290897968 2 0.2768080506 0.0577659945 2
0 0.1111870453 0.0572145292 0.0166732099 0.0485978832 0.1158400341 0.0491148820 2 0.1084728018 0.0694501664 2
0 0.1549307171 0.0544572025 0.0183017560 0.0441172273 0.1582296862 0.0665894400 2 0.1524209662 0.0485569369 2
0 0.3380772460 0.4134801610 0.0477416040 0.0663481739 0.3528044403 0.3982631643 2 0.3261466919 0.4223897730 2
0 0.4336126570 0.4336007007 0.0404713090 0.0383440745 0.4238631914 0.4338936667 2 0.4422812721 0.4338936667 2
0 0.4316982299 0.1744870807 0.0348974161 0.0357590807 0.4185559599 0.1703941739 2 0.4418209040 0.1721175030 2
0 0.2977989730 0.1033997515 0.0336857003 0.0521307081 0.3088910198 0.0898285341 2 0.2927709482 0.1095515844 2
0 0.0497559604 0.3667415952 0.0207213102 0.0222791998 0.0566423839 0.3702003858 2 0.0431176964 0.3638033878 2
0 0.0592286702 0.3983423628 0.0127957193 0.0437725615 0.0586470466 0.3882367604 2 0.0588409211 0.4123633691 2
0 0.0754022084 0.4434664080 0.0156650624 0.0515620094 0.0742151717 0.4249040846 2 0.0746804705 0.4601978664 2
0 0.3167753655 0.0241266087 0.0208415124 0.0435140621 0.3120867038 0.0329500542 2 0.3158090948 0.0139244999 2
0 0.2324384746 0.1766412422 0.0271424348 0.0392057391 0.2229313521 0.1734099999 2 0.2408647465 0.1833191428 2
0 0.3778778693 0.9802658128 0.0138038668 0.0394683745 0.3798584915 0.9699065363 2 0.3775319971 0.9980312687 2
0 0.5043074738 0.9732582393 0.0242343168 0.0534835215 0.5015859600 0.9594414475 2 0.5076445392 0.9921847021 2
0 0.4779633448 0.9814440529 0.0210838556 0.0371118941 0.4842085283 0.9779672363 2 0.4771805764 0.9926155344 2
0 0.5692679241 0.9826913124 0.0381690489 0.0290811801 0.5804066220 0.9783829894 2 0.5642187524 0.9846442752 2
0 0.5069281439 0.0398433709 0.0342770176 0.0435657620 0.5015415338 0.0459094897 2 0.5034027294 0.0266082027 2
0 0.8247975223 0.0398089043 0.0261730621 0.0558358658 0.8185489460 0.0270562683 2 0.8278549237 0.0508382112 2
0 0.8718813419 0.0643835786 0.0215588482 0.0523892074 0.8709150712 0.0489425491 2 0.8754129604 0.0721040934 2
0 0.9430259146 0.1047877145 0.0184197154 0.0542005420 0.9382605107 0.0945190608 2 0.9465430967 0.1234423772 2
0 0.9569994919 0.1556007227 0.0146087398 0.0542005420 0.9555813866 0.1348144993 2 0.9593282708 0.1732036283 2
0 0.9662093496 0.1584236676 0.0152439024 0.0575880759 0.9684794191 0.1774992521 2 0.9652407109 0.1502841157 2
0 0.6246610489 0.6413979060 0.0208415124 0.0689331677 0.6219395352 0.6240267478 2 0.6236359373 0.6584933316 2
0 0.7691234751 0.9864697978 0.0252812392 0.0270604043 0.7768427836 0.9814873085 2 0.7645899130 0.9944467440 2
0 0.9399826482 0.1778185720 0.0142691657 0.0443929600 0.9433948400 0.1667010307 2 0.9385867516 0.1890353770 2
0 0.9248604346 0.1509517953 0.0172160586 0.0430142966 0.9226114900 0.1387313233 2 0.9280399769 0.1616171350 2
0 0.9214482428 0.2107887685 0.0122528706 0.0438414946 0.9190441985 0.2010498906 2 0.9209053941 0.2173181182 2
0 0.9329258268 0.2137843968 0.0081396284 0.0307055902 0.9316112389 0.2038456678 2 0.9323060852 0.2204337453 2
0 0.9583247302 0.2102362821 0.0139589665 0.0475638857 0.9571614829 0.1949606922 2 0.9587124792 0.2177086375 2
0 0.9914065113 0.2946501982 0.0079973245 0.0336049192 0.9902349275 0.2849113203 2 0.9908553260 0.3020067459 2
0 0.9399066494 0.2873536970 0.0124079702 0.0499765466 0.9408760221 0.2751800996 2 0.9416515202 0.2996513741 2
0 0.9040398606 0.2704668612 0.0329586708 0.0327432546 0.8972542519 0.2641525830 2 0.9116009674 0.2734585607 2
0 0.9649911060 0.4300683234 0.0123595015 0.0581623602 0.9648699344 0.4126971652 2 0.9624465027 0.4475945813 2
0 0.9642557399 0.3421593670 0.0119426713 0.0441172273 0.9646434890 0.3269058356 2 0.9646434890 0.3564092314 2
0 0.9783698060 0.2954759996 0.0122528706 0.0534921381 0.9791595733 0.2788614518 2 0.9789114139 0.3055523743 2
0 0.9457821335 0.3748960313 0.0173711583 0.0295585423 0.9526065171 0.3865165090 2 0.9431764598 0.3708548933 2
0 0.9814717985 0.4322802859 0.0138038668 0.0537678708 0.9796881528 0.4126150318 2 0.9821697468 0.4396368335 2
0 0.9878937917 0.4055862496 0.0107204862 0.0458819164 0.9886879017 0.3921181424 2 0.9875960004 0.4117061914 2
0 0.9392461835 0.4558766055 0.0213201477 0.0253249787 0.9336532299 0.4610911716 2 0.9448391371 0.4544624859 2
0 0.9404412590 0.5137328199 0.0137672703 0.0404519794 0.9362345931 0.5009309582 2 0.9432138343 0.5238764087 2
0 0.9484243637 0.4971916996 0.0115683313 0.0346731252 0.9523920145 0.4847297705 2 0.9480897425 0.5022362994 2
0 0.9371428505 0.5440980382 0.0092737862 0.0316137318 0.9385291382 0.5336757047 2 0.9379555019 0.5544965764 2
0 0.9461982726 0.5488645731 0.0089487257 0.0392962085 0.9470984991 0.5364475151 2 0.9466395901 0.5568434711 2
0 0.9556800976 0.5236660494 0.0098665437 0.0516697551 0.9570185822 0.5060820159 2 0.9550299765 0.5340924621 2
0 0.9681471256 0.5237585111 0.0133848461 0.0509898899 0.9665791865 0.5068543427 2 0.9672675500 0.5348647889 2
0 0.9734741032 0.4712252830 0.0086045439 0.0235828241 0.9712034597 0.4652084760 2 0.9729960730 0.4717946701 2
0 0.9502326769 0.4344225699 0.0134602223 0.0444400991 0.9507787773 0.4484498637 2 0.9503054508 0.4257301917 2
0 0.9549859103 0.2756018275 0.0157159189 0.0532492312 0.9525764714 0.2587185868 2 0.9592030424 0.2908627153 2
0 0.9776154432 0.2587185868 0.0180810723 0.0286099573 0.9849520039 0.2642184304 2 0.9752961434 0.2569817941 2
0 0.9667535467 0.2424529846 0.0189330600 0.0239818760 0.9724334647 0.2354435451 2 0.9614286236 0.2463826464 2
0 0.9476826304 0.5910313529 0.0251454703 0.0276107125 0.9574819681 0.5942131588 2 0.9430603013 0.5935557609 2
0 0.9840141371 0.7434900610 0.0205231412 0.0246524218 0.9894684854 0.7394404898 2 0.9791144682 0.7476579637 2
0 0.9640456754 0.7213620471 0.0142367736 0.0466752520 0.9663568399 0.7097523999 2 0.9628438698 0.7340761228 2
0 0.9499013483 0.7340761228 0.0114633762 0.0414160687 0.9495315620 0.7241099704 2 0.9493466689 0.7435032089 2
0 0.9621042972 0.6621502169 0.0125727351 0.0378003801 0.9633985493 0.6531701613 2 0.9595157929 0.6702625071 2
0 0.9876625538 0.6386551054 0.0107207985 0.0502469747 0.9888808264 0.6522304518 2 0.9868097630 0.6305722731 2
0 0.9952943900 0.7049297204 0.0094112199 0.0456784431 0.9947715445 0.6942218435 2 0.9967135422 0.7152020587 2
0 0.9857397611 0.7048447373 0.0126976777 0.0297441025 0.9878419706 0.6966428435 2 0.9844766379 0.7096962553 2
0 0.9937894314 0.6748762793 0.0101342406 0.0309338666 0.9949367039 0.6654737436 2 0.9930245831 0.6812806095 2
0 0.9951040290 0.5712309239 0.0097919420 0.0381290791 0.9930356632 0.5601477630 2 0.9961406851 0.5803430270 2
0 0.9231842862 0.8689233116 0.0134972010 0.0460178541 0.9234616259 0.8553264407 2 0.9229069464 0.8826084542 2
0 0.9336307499 0.8829371532 0.0088748719 0.0368142833 0.9343703226 0.8711039907 2 0.9327062841 0.8921407240 2
0 0.9450978239 0.9551260183 0.0166477805 0.0528416445 0.9485909735 0.9416987973 2 0.9425560606 0.9671532446 2
0 0.9258652371 0.9232027755 0.0151612394 0.0279394114 0.9303026730 0.9171218448 2 0.9238314123 0.9273115125 2
0 0.9544719074 0.9603128878 0.0180159899 0.0523288741 0.9598324779 0.9452750420 2 0.9520419607 0.9671295434 2
0 0.9706093827 0.8375766970 0.0122029488 0.0440456603 0.9706093827 0.8259670498 2 0.9709791690 0.8473324821 2
0 0.9708867224 0.8884198518 0.0197835685 0.0539066291 0.9757863913 0.8665022053 2 0.9682057716 0.9029877896 2
0 0.9797615943 0.9317489484 0.0153461326 0.0253098198 0.9850310495 0.9233671250 2 0.9781900024 0.9375011802 2
0 0.9488274888 0.9196291604 0.0133123078 0.0291884675 0.9454254546 0.9097681917 2 0.9511941213 0.9231791092 2
0 0.9876550532 0.8357451864 0.0105019317 0.0318180591 0.9889123268 0.8269833870 2 0.9861019507 0.8443386919 2
0 0.8738178115 0.8969068589 0.0112784830 0.0338559927 0.8761289760 0.8888537344 2 0.8737253649 0.9062747792 2
0 0.9046025232 0.8415210845 0.0236663250 0.0262959166 0.8966521172 0.8440454925 2 0.9066363480 0.8440454925 2
0 0.8854235553 0.9564013702 0.0146065599 0.0318837989 0.8888866043 0.9444038583 2 0.8829700231 0.9657692905 2
0 0.9185619571 0.9866646833 0.0109086967 0.0266706334 0.9180997242 0.9812181416 2 0.9179148310 0.9923939061 2
0 0.9211504614 0.8188408564 0.0179346369 0.0223515291 0.9153263267 0.8164347800 2 0.9256803439 0.8220226623 2
0 0.8928867679 0.7369833114 0.0224182961 0.0558788228 0.8900423715 0.7571470203 2 0.8935923202 0.7248030428 2
0 0.6624237206 0.1445505026 0.0276184163 0.0650464422 0.6703440815 0.1670201579 2 0.6576578356 0.1379477443 2
0 0.7842010230 0.9798096665 0.0145603366 0.0328698958 0.7827538273 0.9711502240 2 0.7878420871 0.9854552026 2
0 0.9971925822 0.4826349584 0.0056148356 0.0305032633 0.9976553299 0.4746484047 2 0.9972009364 0.4879772789 2
0 0.9629669347 0.5603618458 0.0182230702 0.0172501213 0.9700668322 0.5592426916 2 0.9616652868 0.5634500383 2
