0 0.3391669828 0.6451250110 0.0259012172 0.0657511444 0.3291499925 0.6238381431 2 0.3485116464 0.6704246337 2
0 0.2540453405 0.5822391319 0.0271535581 0.0549313358 0.2466024893 0.5643704587 2 0.2612924467 0.5988357858 2
0 0.2974602060 0.5294423637 0.0163857678 0.0574282147 0.2993024314 0.5050037981 2 0.2939742558 0.5557085284 2
0 0.3517873084 0.5303570246 0.0205992509 0.0607573866 0.3572782213 0.5544123909 2 0.3484357815 0.5060737198 2
0 0.3761118914 0.5361007074 0.0276217228 0.0574282147 0.3673527681 0.5120020384 2 0.3826861924 0.5586347053 2
0 0.3028441011 0.3729712859 0.0308988764 0.0790678319 0.2936333070 0.3380453982 2 0.3137710553 0.4070891065 2
0 0.3530942131 0.6695078842 0.0268406001 0.0645671624 0.3484801199 0.6967421963 2 0.3598738644 0.6457901018 2
0 0.3887523408 0.6688514357 0.0201310861 0.0682480233 0.3894398405 0.6440022686 2 0.3884465802 0.6943274604 2
0 0.3667485955 0.7187890137 0.0163857678 0.0649188514 0.3726334304 0.7001911255 2 0.3621853605 0.7444920079 2
0 0.3977321346 0.7359948483 0.0381649990 0.0407920756 0.4147089790 0.7357433646 2 0.3807612721 0.7362750957 2
0 0.4229418732 0.6818821544 0.0323268645 0.0602311284 0.4358723375 0.6682494211 2 0.4099452102 0.6966801985 2
0 0.4286776993 0.7456733675 0.0202203621 0.0723145642 0.4263458339 0.7218283059 2 0.4350900348 0.7738367564 2
0 0.4505500936 0.7063046192 0.0313670412 0.0332917187 0.4595794500 0.6987079413 2 0.4369909497 0.7149589025 2
0 0.4583699859 0.7660084858 0.0349109768 0.0630498654 0.4436859846 0.7866893311 2 0.4702966167 0.7414206696 2
0 0.5088366105 0.7579067832 0.0234082397 0.0665834374 0.5004691197 0.7855179569 2 0.5185845872 0.7323598513 2
0 0.1488178839 0.5082188931 0.0159176030 0.0765709530 0.1512681482 0.4800916976 2 0.1495965637 0.5437357303 2
0 0.1698852996 0.4807532251 0.0177902622 0.0815647108 0.1692356831 0.4542209528 2 0.1699776002 0.5167398288 2
0 0.1616924157 0.5764669164 0.0294943820 0.0382854765 0.1735924612 0.5683041911 2 0.1501503946 0.5776494459 2
0 0.2045294944 0.5856221390 0.0299625468 0.0382854765 0.2153916392 0.5756553104 2 0.1915053122 0.5712933897 2
0 0.3894545880 0.7882854765 0.0177902622 0.0607573866 0.3923177216 0.7677356463 2 0.3881175627 0.8109653522 2
0 0.4395704785 0.8304069837 0.0275420803 0.0443661680 0.4302029702 0.8435248646 2 0.4464439916 0.8159444668 2
0 0.4568703184 0.8299001248 0.0177902622 0.0557636288 0.4600991110 0.8133838469 2 0.4527950135 0.8536014706 2
0 0.5701214754 0.8139698345 0.0365168539 0.0424469413 0.5564470042 0.8063489722 2 0.5864379657 0.8214850489 2
0 0.5612433379 0.8906275766 0.0318701446 0.0705966987 0.5478905837 0.9181608402 2 0.5734646079 0.8662931776 2
0 0.4973665730 0.9077195173 0.0463483146 0.0532667499 0.5164054490 0.9061029747 2 0.4788946610 0.9171951200 2
0 0.3613936200 0.8610812325 0.0167960933 0.0631945084 0.3638195259 0.8350912855 2 0.3623161711 0.8882901063 2
0 0.3724978875 0.9354313206 0.0415895908 0.0505465729 0.3865383429 0.9417970321 2 0.3554850464 0.9276517142 2
0 0.4697448502 0.5510819809 0.0266853933 0.0774032459 0.4655998657 0.5234000567 2 0.4782730200 0.5817278585 2
0 0.4852853997 0.5999580470 0.0383214770 0.0406740896 0.4752775261 0.5908050614 2 0.5005987582 0.6130363717 2
0 0.4290145131 0.5698085726 0.0191947566 0.0549313358 0.4288755475 0.5512292741 2 0.4350713119 0.5917349163 2
0 0.4458684457 0.6006034124 0.0220037453 0.0599250936 0.4442206934 0.5834359972 2 0.4520698728 0.6262673222 2
0 0.0488833993 0.1406630519 0.0182584270 0.0516021640 0.0472149123 0.1268084008 2 0.0466792953 0.1626844896 2
0 0.0550553574 0.1327867946 0.0220037453 0.0449438202 0.0483766178 0.1171619455 2 0.0587512300 0.1505537669 2
0 0.0952910058 0.0847361311 0.0150581466 0.0345321553 0.0940877936 0.0723863066 2 0.0981083550 0.0959512638 2
0 0.1036815344 0.1019309566 0.0188152383 0.0372075586 0.1090607628 0.0880887041 2 0.0974116426 0.1154089394 2
0 0.1012991573 0.1628173117 0.0163857678 0.0615896796 0.1031837780 0.1399940727 2 0.1002706180 0.1929787259 2
0 0.0982560861 0.2385559717 0.0177902622 0.0799001248 0.0988011075 0.2079138087 2 0.0935683212 0.2621797408 2
0 0.1098502457 0.2483668814 0.0200053694 0.0708663576 0.1049129217 0.2736243781 2 0.1140088059 0.2257193812 2
0 0.0510693807 0.4495861154 0.0279524323 0.0305347482 0.0595602606 0.4509816464 2 0.0418161617 0.4492291428 2
0 0.1080670759 0.4541579124 0.0147942930 0.0618738772 0.1095544797 0.4312293585 2 0.1092354997 0.4820571878 2
0 0.1013853982 0.3862770221 0.0159176030 0.0649188514 0.1042792986 0.3645296268 2 0.1029801867 0.4107202714 2
0 0.1139409918 0.6792566368 0.0229192984 0.0517431367 0.1159974302 0.6597052092 2 0.1091693482 0.7034275566 2
0 0.1250751657 0.6176607459 0.0255482714 0.0674063857 0.1188633359 0.5961189849 2 0.1339448367 0.6444347509 2
0 0.1125385751 0.5619017894 0.0187265918 0.0624219725 0.1118739775 0.5364964831 2 0.1167847971 0.5863322071 2
0 0.1637991573 0.6313982522 0.0252808989 0.0632542655 0.1725275539 0.6533735859 2 0.1569927195 0.6167548488 2
0 0.2356624532 0.6189138577 0.0191947566 0.0699126092 0.2366727019 0.5930063972 2 0.2323805525 0.6499426707 2
0 0.2302785581 0.5319392426 0.0327715356 0.0457761132 0.2445141291 0.5340740795 2 0.2199475904 0.5394037692 2
0 0.2061161298 0.5032297523 0.0239802872 0.0432884683 0.2164426914 0.5040548946 2 0.1998970249 0.5145309550 2
0 0.4182467228 0.2884935497 0.0285580524 0.0882230545 0.4182264640 0.2672138751 2 0.4214363908 0.3248498939 2
0 0.4685744382 0.2780898876 0.0252808989 0.0590928007 0.4792772426 0.3060729661 2 0.4619711320 0.2595493492 2
0 0.4498478464 0.3504993758 0.0252808989 0.0657511444 0.4545449406 0.3343476212 2 0.4449390057 0.3700858467 2
0 0.3821980337 0.2685185185 0.0210674157 0.0665834374 0.3836499199 0.2505203177 2 0.3790470060 0.2985413608 2
0 0.3447448502 0.3093008739 0.0191947566 0.0682480233 0.3479369407 0.2901905445 2 0.3461987350 0.3376463175 2
0 0.3314021536 0.3575738660 0.0215355805 0.0599250936 0.3292026269 0.3809120930 2 0.3349804952 0.3409878715 2
0 0.3714302434 0.3047232626 0.0210674157 0.0640865585 0.3698788798 0.2840837429 2 0.3726769669 0.3340347797 2
0 0.4194064609 0.3656024482 0.0271535581 0.0607573866 0.4226201008 0.3893813880 2 0.4143242786 0.3465396411 2
0 0.2447941770 0.4727043274 0.0316256206 0.0816409237 0.2557816650 0.4486951741 2 0.2315144854 0.5015587225 2
0 0.2930126404 0.7803786933 0.0280898876 0.0615896796 0.2907294999 0.7565970169 2 0.2994894826 0.8082867906 2
0 0.2662348834 0.8451506818 0.0176055345 0.0518958898 0.2657405070 0.8250804667 2 0.2684064195 0.8663689172 2
0 0.2792017790 0.8523720350 0.0294943820 0.0341240117 0.2653865878 0.8537939089 2 0.2920252998 0.8513944515 2
0 0.3016736891 0.8648564295 0.0163857678 0.0607573866 0.3011781188 0.8448960953 2 0.2991885699 0.8904837851 2
0 0.3269435652 0.8301300507 0.0307502741 0.0733886772 0.3123414740 0.8031718167 2 0.3386428414 0.8615599623 2
0 0.3286790780 0.8670633340 0.0243445693 0.0524344569 0.3195811365 0.8535680750 2 0.3382120207 0.8856188911 2
0 0.5756333147 0.7133155346 0.0259507440 0.0756428333 0.5691756529 0.6824868575 2 0.5820188281 0.7391654990 2
0 0.5998931488 0.8864987384 0.0201280579 0.0674103468 0.6034623149 0.8550030175 2 0.5962975160 0.9064425990 2
0 0.5841158289 0.7150947899 0.0203646419 0.0599939098 0.5835916505 0.6880996716 2 0.5857595247 0.7418415394 2
0 0.6202598315 0.7500000000 0.0205992509 0.0840615897 0.6223386830 0.7185774950 2 0.6182096876 0.7840976862 2
0 0.6345388577 0.6634415314 0.0182584270 0.0823970037 0.6340618357 0.6378475759 2 0.6343359863 0.6909637375 2
0 0.6587962989 0.6857309026 0.0310593629 0.0392177966 0.6475197603 0.6797049424 2 0.6729480347 0.6901256166 2
0 0.6464254357 0.7657925489 0.0271535581 0.0699126092 0.6510920756 0.7401111965 2 0.6361105528 0.7939249125 2
0 0.6745280348 0.7423815046 0.0167761070 0.0593485181 0.6699799504 0.7591520656 2 0.6785586337 0.7218041696 2
0 0.6364563060 0.8493537215 0.0346441948 0.0394623151 0.6219382634 0.8369889559 2 0.6499111633 0.8497727183 2
0 0.6677785581 0.5743861839 0.0285580524 0.0724094881 0.6636362864 0.5425004962 2 0.6753176276 0.6044188131 2
0 0.6307935393 0.5419267582 0.0210674157 0.0690803163 0.6373457102 0.5144222324 2 0.6239161132 0.5691037017 2
0 0.1886482940 0.1230679498 0.0147637795 0.0685331000 0.1846362682 0.0981149861 2 0.1872544675 0.1515317943 2
0 0.1755249344 0.1310877807 0.0164041995 0.0670749490 0.1740484503 0.1092688985 2 0.1730722625 0.1572105664 2
0 0.1630167323 0.1186934966 0.0192749344 0.0656167979 0.1604870530 0.0958634348 2 0.1609645362 0.1465827579 2
0 0.1486630577 0.1493146690 0.0168143045 0.0641586468 0.1492270449 0.1267844430 2 0.1477097095 0.1753391757 2
0 0.1374274440 0.1644840438 0.0164041995 0.0648877224 0.1373865769 0.1422346639 2 0.1346214751 0.1857200256 2
0 0.1248769685 0.0789588801 0.0258366142 0.0342665500 0.1163380856 0.0696054699 2 0.1352086507 0.0853808629 2
0 0.1160876085 0.1164946267 0.0250164042 0.0277048702 0.1079984997 0.1194438221 2 0.1251066025 0.1107101687 2
0 0.1199557087 0.1496792068 0.0184547244 0.0634295713 0.1202533398 0.1269947242 2 0.1170223704 0.1745874168 2
0 0.1338992782 0.2265966754 0.0200951444 0.0481189851 0.1283413476 0.2139008578 2 0.1373578214 0.2448700623 2
0 0.1234416010 0.2623213765 0.0155839895 0.0481189851 0.1249973473 0.2482249416 2 0.1228088828 0.2824622531 2
0 0.0530407475 0.3308142702 0.0164675245 0.0544662309 0.0532266073 0.3129207393 2 0.0527311795 0.3513218982 2
0 0.0278613110 0.3813646948 0.0126378676 0.0510620915 0.0285678269 0.3616189173 2 0.0290039895 0.4048402160 2
0 0.0294883578 0.4308959695 0.0153186275 0.0449346405 0.0272620057 0.4147833114 2 0.0311069934 0.4475758499 2
0 0.0815283828 0.5055559476 0.0146324600 0.0436504917 0.0833415247 0.4888201764 2 0.0818676270 0.5216505250 2
0 0.0678592301 0.6665195856 0.0195549772 0.0544029583 0.0684684191 0.6436187799 2 0.0687321921 0.6867749728 2
0 0.0489511326 0.6994957781 0.0130622368 0.0327713294 0.0522718058 0.6884116072 2 0.0475023691 0.7103510160 2
0 0.0685381665 0.7795894136 0.0202245312 0.0289966565 0.0634534818 0.7744432313 2 0.0758975510 0.7889283913 2
0 0.0716145833 0.8298611111 0.0153186275 0.0476579521 0.0722456989 0.8108840756 2 0.0719735571 0.8513993074 2
0 0.0589767157 0.8206699346 0.0130208333 0.0415305011 0.0606202751 0.8058975126 2 0.0602241221 0.8386997628 2
0 0.0400199142 0.8553921569 0.0134037990 0.0428921569 0.0373590091 0.8393255196 2 0.0413230901 0.8738244340 2
0 0.0220111138 0.8301817079 0.0126378676 0.0381263617 0.0209521171 0.8134638162 2 0.0224780347 0.8450302735 2
0 0.0578278186 0.8666258170 0.0222120098 0.0435729847 0.0513626684 0.8529215499 2 0.0656129429 0.8871186483 2
0 0.0738121650 0.7567211746 0.0165513946 0.0431196477 0.0744198468 0.7377525708 2 0.0776870393 0.7739111549 2
0 0.0720492595 0.5733383434 0.0264254858 0.0541339818 0.0824082406 0.5785760496 2 0.0615888689 0.5511913520 2
0 0.0299499323 0.5314578317 0.0157015931 0.0422113290 0.0275528402 0.5506174932 2 0.0298011866 0.5181536557 2
0 0.0610632184 0.2138409962 0.0179597701 0.0510855683 0.0631548478 0.1936080372 2 0.0560734293 0.2318490249 2
0 0.0853089080 0.2046615581 0.0179597701 0.0550766284 0.0900834369 0.1844398526 2 0.0782770592 0.2273542067 2
0 0.0829666091 0.6171577496 0.0169102460 0.0421505827 0.0806247675 0.6023559699 2 0.0855947263 0.6342551819 2
0 0.0987383631 0.6342480211 0.0197557471 0.0534802043 0.1069093905 0.6548248043 2 0.0920237499 0.6163832672 2
0 0.0973421219 0.6897666012 0.0179597701 0.0518837803 0.0998605266 0.7138324866 2 0.0934421741 0.6713790700 2
0 0.1196569684 0.8915229885 0.0157147989 0.0542784163 0.1224550732 0.8726611239 2 0.1177550454 0.9156334519 2
0 0.1302083333 0.9078863346 0.0143678161 0.0502873563 0.1298419703 0.8942931353 2 0.1308482866 0.9321875532 2
0 0.1409841954 0.9302362708 0.0107758621 0.0646551724 0.1438056625 0.9039769029 2 0.1418060988 0.9545802396 2
0 0.1398617098 0.8579980843 0.0166127874 0.0558748404 0.1363599902 0.8369311733 2 0.1383929526 0.8822888218 2
0 0.1578214799 0.8839399745 0.0246946839 0.0518837803 0.1480641319 0.8670626438 2 0.1659033764 0.9044820585 2
0 0.1618624282 0.8504150702 0.0237966954 0.0375159642 0.1729547934 0.8484033798 2 0.1520704618 0.8549553270 2
0 0.1364942529 0.7857598978 0.0143678161 0.0598659004 0.1383817870 0.7641858461 2 0.1354382058 0.8116320142 2
0 0.1486170977 0.7921455939 0.0134698276 0.0566730524 0.1491620426 0.7696429359 2 0.1503048927 0.8131575132 2
0 0.1611889368 0.8081098340 0.0161637931 0.0470945083 0.1619202514 0.7946181407 2 0.1630340244 0.8284311448 2
0 0.1674509100 0.7829661558 0.0197557471 0.0606641124 0.1739222357 0.7600935096 2 0.1657555355 0.8026682585 2
0 0.1560255029 0.7666028097 0.0193067529 0.0534802043 0.1532213158 0.7482946509 2 0.1565757630 0.7923107315 2
0 0.1748832615 0.7342752235 0.0273886494 0.0494891443 0.1643132146 0.7279766051 2 0.1873490270 0.7409545276 2
0 0.1939655172 0.7223020434 0.0251436782 0.0367177522 0.1855236702 0.7221144171 2 0.2040933290 0.7240144302 2
0 0.1822916667 0.6811941252 0.0215517241 0.0614623244 0.1785839209 0.6637851007 2 0.1884234586 0.7027456944 2
0 0.1858836207 0.6081577267 0.0269396552 0.0399106003 0.1754867609 0.6088573239 2 0.1974863176 0.6207324055 2
0 0.1355962644 0.5566730524 0.0188577586 0.0646551724 0.1333173717 0.5371050348 2 0.1404922766 0.5808079165 2
0 0.2139457615 0.6939655172 0.0345725575 0.0343231162 0.2233149912 0.6841000629 2 0.2001666988 0.7034920776 2
0 0.2617636494 0.7494412516 0.0170617816 0.0542784163 0.2634933762 0.7346253948 2 0.2629596068 0.7725823293 2
0 0.2447375023 0.7785949948 0.0294856378 0.0428882004 0.2560577896 0.7986742697 2 0.2309373193 0.7613513764 2
0 0.2229947226 0.7309005343 0.0327765805 0.0518837803 0.2125984648 0.7112959637 2 0.2323270001 0.7506018579 2
0 0.2132409202 0.7645220269 0.0295709209 0.0464668019 0.2019064480 0.7605275651 2 0.2233058813 0.7736019886 2
0 0.2260686063 0.8148946360 0.0148168103 0.0590676884 0.2314968833 0.8353424311 2 0.2202365001 0.7940057236 2
0 0.2126596188 0.8323721168 0.0221043324 0.0545194088 0.2099065777 0.8112987013 2 0.2150176148 0.8542928467 2
0 0.2184582866 0.9232342039 0.0134698276 0.0494891443 0.2216366618 0.9044434019 2 0.2151948785 0.9349466050 2
0 0.1922246856 0.8616405067 0.0226481055 0.0532296029 0.1927543066 0.8396424071 2 0.1933104222 0.8814180310 2
0 0.2848012662 0.4302129234 0.0300413621 0.0722067766 0.2792206613 0.3984468438 2 0.2881818182 0.4545341093 2
0 0.2701266613 0.4761088237 0.0262134675 0.0548274411 0.2633775492 0.4593209750 2 0.2762994734 0.4946149062 2
0 0.2063128592 0.1859035760 0.0166127874 0.0590676884 0.2109759944 0.1650146636 2 0.2007394749 0.2071540256 2
0 0.1821020203 0.4475942324 0.0175107759 0.0638569604 0.1818295743 0.4210394847 2 0.1826427593 0.4710180890 2
0 0.2012475588 0.3995304410 0.0175107759 0.0566730524 0.2049263203 0.3807286244 2 0.1985341058 0.4188527993 2
0 0.2229256466 0.3978288633 0.0184087644 0.0582694764 0.2289573302 0.3798800748 2 0.2208472804 0.4231606325 2
0 0.2053316410 0.3477151751 0.0152658046 0.0638569604 0.2046205107 0.3316931085 2 0.2058983728 0.3694868464 2
0 0.2195581897 0.2681194125 0.0215517241 0.0462962963 0.2138676623 0.2559185476 2 0.2296337044 0.2836101002 2
0 0.2227011494 0.2238186462 0.0206537356 0.0454980843 0.2153549127 0.2116646125 2 0.2292250673 0.2410951915 2
0 0.2354974856 0.2541507024 0.0148168103 0.0486909323 0.2364511076 0.2386217467 2 0.2310720482 0.2753419068 2
0 0.2363954741 0.3140166028 0.0184087644 0.0678480204 0.2413308097 0.2884353537 2 0.2336781586 0.3389044504 2
0 0.2489673132 0.3467432950 0.0184087644 0.0758301405 0.2530422700 0.3174167484 2 0.2469724254 0.3777473259 2
0 0.2783764368 0.3076309068 0.0224497126 0.0822158365 0.2800049848 0.2792914376 2 0.2776118977 0.3433729920 2
0 0.2642331178 0.2685185185 0.0300826149 0.0566730524 0.2754661641 0.2630968209 2 0.2516500103 0.2790429903 2
0 0.3001526580 0.2629310345 0.0291846264 0.0822158365 0.2945595430 0.2385800438 2 0.3101146091 0.2962800326 2
0 0.3109285201 0.3184067688 0.0291846264 0.0431034483 0.3228464714 0.3155378524 2 0.2987732931 0.3225080090 2
0 0.3313625865 0.4678526552 0.0269396552 0.0606641124 0.3369921871 0.4488543726 2 0.3263258637 0.4943723337 2
0 0.3628849638 0.4345813205 0.0233477011 0.0646551724 0.3656004371 0.4135420149 2 0.3581826124 0.4568715302 2
0 0.4274547314 0.4839936243 0.0371854850 0.0574031243 0.4400123719 0.4770014348 2 0.4104848236 0.4905018307 2
0 0.4063397989 0.5139687101 0.0341235632 0.0574712644 0.4184636736 0.5360608750 2 0.3959220574 0.4987546699 2
0 0.4586687787 0.4164404222 0.0291846264 0.0574712644 0.4641030221 0.3960642466 2 0.4531764486 0.4332397148 2
0 0.4544830060 0.4913296013 0.0255926724 0.0566730524 0.4612396144 0.4756437028 2 0.4449497776 0.5036869661 2
0 0.4705459770 0.4800446999 0.0251436782 0.0614623244 0.4703107633 0.4658161320 2 0.4728824606 0.5043791687 2
0 0.3957884339 0.3040389527 0.0184087644 0.0638569604 0.3950641475 0.2849190388 2 0.4011049499 0.3289084714 2
0 0.0932499957 0.9631920356 0.0170617816 0.0542784163 0.0934465649 0.9419332020 2 0.0968999320 0.9829550172 2
0 0.1119600978 0.9374660843 0.0166127874 0.0606641124 0.1085668818 0.9148716418 2 0.1154189113 0.9596546063 2
0 0.1584949713 0.9378192848 0.0143678161 0.0526819923 0.1577019104 0.9207438066 2 0.1621715624 0.9562011883 2
0 0.1708423132 0.9438058748 0.0112248563 0.0518837803 0.1741011922 0.9227420716 2 0.1719545678 0.9614913936 2
0 0.1835204231 0.9337054229 0.0166127874 0.0606641124 0.1801252835 0.9132577990 2 0.1892726256 0.9595689804 2
0 0.1995779454 0.9362228608 0.0237966954 0.0638569604 0.1955807089 0.9105899774 2 0.2059451863 0.9616953251 2
0 0.2263401776 0.9283774433 0.0188577586 0.0662515964 0.2311479264 0.9140078404 2 0.2222061436 0.9510996801 2
0 0.2504861890 0.9006832978 0.0270448633 0.0503256138 0.2404843801 0.8867542356 2 0.2599478542 0.9165394469 2
0 0.2070647814 0.8963659780 0.0165052817 0.0619457486 0.2058237179 0.8736814160 2 0.2110950352 0.9216929811 2
0 0.3216696009 0.9349243610 0.0308098592 0.0717266562 0.3177277098 0.9109645492 2 0.3308515686 0.9595901748 2
0 0.2741529304 0.9568579569 0.0263278388 0.0396825397 0.2813868177 0.9461074923 2 0.2652052397 0.9690650732 2
0 0.2374330075 0.6688382035 0.0237292329 0.0553935270 0.2408962131 0.6467062182 2 0.2394866696 0.6934065620 2
0 0.2000864158 0.6606234097 0.0275735294 0.0755718954 0.2051428742 0.6286904999 2 0.1908030390 0.6899329664 2
0 0.3167691257 0.5406041287 0.0307377049 0.0356709168 0.3031160041 0.5407267931 2 0.3304252156 0.5380065142 2
0 0.2914739953 0.0679205339 0.0487338984 0.0538608292 0.2786212694 0.0884652139 2 0.3129882285 0.0587431300 2
0 0.2362848318 0.0578915441 0.0359052253 0.0332581232 0.2525874644 0.0613073702 2 0.2211963354 0.0596162656 2
0 0.2455704829 0.1837140879 0.0413746106 0.0562478366 0.2313209310 0.1647125372 2 0.2605697757 0.1994897754 2
0 0.3762655763 0.1356870890 0.0214174455 0.0692281066 0.3773918190 0.1083185881 2 0.3776187468 0.1615709778 2
0 0.4334598910 0.2101073036 0.0355334891 0.0640359986 0.4204597776 0.2023244031 2 0.4472515074 0.2271766665 2
0 0.4726440810 0.1400138456 0.0223909657 0.0726895119 0.4740692869 0.1182493081 2 0.4747304747 0.1711443281 2
0 0.4590147975 0.1806853583 0.0243380062 0.0692281066 0.4642743886 0.1599572272 2 0.4575995409 0.2110051196 2
0 0.4685066199 0.2161647629 0.0277453271 0.0398061613 0.4781299558 0.2149314413 2 0.4607501635 0.2294789712 2
0 0.3271028037 0.2321737625 0.0330996885 0.0406715126 0.3405371956 0.2384772384 2 0.3132730013 0.2306824071 2
0 0.2813473520 0.1971270336 0.0282320872 0.0363447560 0.2679083475 0.2040053379 2 0.2912507080 0.1976803673 2
0 0.2891355140 0.1551574939 0.0233644860 0.0510557286 0.2824331448 0.1412213032 2 0.2984996328 0.1688913659 2
0 0.3108260201 0.1318739148 0.0262850467 0.0493250260 0.3173817939 0.1181226954 2 0.3018599326 0.1483040924 2
0 0.3480048852 0.1608329272 0.0163228364 0.0392822487 0.3518277469 0.1439655729 2 0.3429095835 0.1782913623 2
0 0.3507371950 0.1360735155 0.0302994327 0.0252879580 0.3423099829 0.1340070611 2 0.3601889834 0.1384180254 2
0 0.3071626186 0.1777471886 0.0219042056 0.0692281066 0.3053384006 0.1469943456 2 0.3058906961 0.2051939799 2
0 0.4337826341 0.1123037910 0.0262850467 0.0623052960 0.4415324000 0.0949453058 2 0.4255748282 0.1389522638 2
0 0.4189849950 0.1073484119 0.0311526480 0.0406715126 0.4050906031 0.1168668732 2 0.4320212594 0.0952986468 2
0 0.3460592933 0.1969976944 0.0301791277 0.0354794046 0.3322867954 0.2015522936 2 0.3601981274 0.1959958710 2
0 0.3657153336 0.2264156544 0.0337562486 0.0331499996 0.3532181143 0.2258000978 2 0.3787469387 0.2225079523 2
0 0.5061966289 0.6333569375 0.0400641026 0.0474833808 0.5245884735 0.6126433119 2 0.4953224896 0.6495352959 2
0 0.5352678148 0.6953795396 0.0418447293 0.0364039253 0.5461749911 0.6946164316 2 0.5155129049 0.6954909296 2
0 0.6612802707 0.5091009813 0.0369480057 0.0704336815 0.6481967526 0.4907453990 2 0.6721577580 0.5324315689 2
0 0.6465900997 0.6012978791 0.0262642450 0.0538144983 0.6495498729 0.6204779182 2 0.6389657277 0.5825317976 2
0 0.6868767806 0.6250395695 0.0240384615 0.0728078506 0.6861867014 0.6018267690 2 0.6861867014 0.6581045060 2
0 0.6972489316 0.5431900918 0.0395299145 0.0586815448 0.6831482189 0.5373553447 2 0.7104333160 0.5615567339 2
0 0.7273860399 0.5957581513 0.0302706553 0.0775561887 0.7198859916 0.5672808458 2 0.7374633308 0.6276213908 2
0 0.5502938034 0.1738683128 0.0342948718 0.0743906299 0.5559398819 0.2006546308 2 0.5484957187 0.1431634419 2
0 0.4893738027 0.4430076628 0.0299329502 0.0367177522 0.4803527618 0.4501689832 2 0.5012472590 0.4357012881 2
0 0.6473214286 0.2416225750 0.0238095238 0.0740740741 0.6475418071 0.2118376538 2 0.6500624766 0.2648956034 2
0 0.5950094273 0.1831084290 0.0406957753 0.0993676603 0.5867481537 0.2220945987 2 0.6018108045 0.1421361958 2
0 0.6711309524 0.1922398589 0.0347222222 0.0388007055 0.6568437185 0.1863740163 2 0.6843882735 0.1852472856 2
0 0.7031250000 0.2010582011 0.0233134921 0.0529100529 0.6934643951 0.1820455067 2 0.7130551900 0.2188432327 2
0 0.7239583333 0.2323633157 0.0282738095 0.0714285714 0.7316536557 0.2644455467 2 0.7183456525 0.2007881393 2
0 0.6986607143 0.2451499118 0.0312500000 0.0705467372 0.7087667353 0.2706069343 2 0.6860389821 0.2180665125 2
0 0.6785714286 0.2513227513 0.0317460317 0.0670194004 0.6718600232 0.2238153106 2 0.6901114596 0.2790400962 2
0 0.6785714286 0.3130511464 0.0218253968 0.0828924162 0.6794096131 0.2799209886 2 0.6742824545 0.3453341501 2
0 0.6592261905 0.3187830688 0.0248015873 0.0802469136 0.6580037578 0.2939771179 2 0.6673468654 0.3518524793 2
0 0.6833712652 0.3588546530 0.0148809524 0.0679012346 0.6833666129 0.3857384471 2 0.6831195595 0.3372061934 2
0 0.7011408730 0.3236331570 0.0262896825 0.0864197531 0.6996782211 0.3022294549 2 0.7042374779 0.3525384961 2
0 0.7234623016 0.3196649030 0.0233134921 0.0855379189 0.7229501312 0.2965431072 2 0.7251286923 0.3551913569 2
0 0.7576884921 0.2323633157 0.0332341270 0.0749559083 0.7489231363 0.2125867859 2 0.7714226357 0.2601008805 2
0 0.7517361111 0.0350529101 0.0243055556 0.0679012346 0.7583160267 0.0091509279 2 0.7439390427 0.0630785699 2
0 0.7757936508 0.0361552028 0.0208333333 0.0546737213 0.7810342251 0.0169273352 2 0.7733142581 0.0583079237 2
0 0.8010912698 0.0696649030 0.0218253968 0.0758377425 0.7973053612 0.0436430664 2 0.8060693200 0.1044693094 2
0 0.8173400223 0.0745229118 0.0243055556 0.0758377425 0.8161632141 0.0532223080 2 0.8222686494 0.1046117856 2
0 0.8418548352 0.1082619239 0.0339080832 0.0860123840 0.8296812742 0.0747393162 2 0.8536167330 0.1368303229 2
0 0.7802992725 0.1103762493 0.0238095238 0.0661375661 0.7792872474 0.0907473478 2 0.7792872474 0.1386385736 2
0 0.7676091270 0.1472663139 0.0352182540 0.0723104056 0.7576110924 0.1198673712 2 0.7799721542 0.1803760785 2
0 0.8060515873 0.1499118166 0.0277777778 0.0493827160 0.7969935728 0.1347864695 2 0.8158183365 0.1711227764 2
0 0.8261408730 0.1843033510 0.0322420635 0.0687830688 0.8160907757 0.2088668259 2 0.8358614589 0.1674902063 2
0 0.7996031746 0.1913580247 0.0228174603 0.0687830688 0.7930611523 0.1711585019 2 0.8055657659 0.2203242089 2
0 0.7864583333 0.2477954145 0.0282738095 0.0864197531 0.7828102967 0.2234333344 2 0.7949613915 0.2824700843 2
0 0.8008432540 0.2442680776 0.0282738095 0.0670194004 0.7930705656 0.2204942964 2 0.8101846751 0.2678517251 2
0 0.8201884921 0.2539682540 0.0203373016 0.0811287478 0.8144210606 0.2761555960 2 0.8202041572 0.2179750367 2
0 0.8392857143 0.2557319224 0.0218253968 0.0881834215 0.8328310578 0.2835641725 2 0.8441045066 0.2311474534 2
0 0.8487103175 0.3073192240 0.0218253968 0.0784832451 0.8451043382 0.3318994017 2 0.8538663645 0.2813330232 2
0 0.7971230159 0.3223104056 0.0406746032 0.0661375661 0.7844204354 0.3415061096 2 0.8061181536 0.2964921619 2
0 0.7492559524 0.2954144621 0.0362103175 0.0652557319 0.7385466299 0.3148768465 2 0.7598966390 0.2729539558 2
0 0.7661382551 0.3302989663 0.0242711089 0.0697690084 0.7712413820 0.3015113528 2 0.7616148602 0.3631120620 2
0 0.8278769841 0.3699294533 0.0198412698 0.0820105820 0.8291544423 0.3366212745 2 0.8263197460 0.4055823072 2
0 0.8129960317 0.3906525573 0.0198412698 0.0652557319 0.8109535103 0.3660486982 2 0.8187886302 0.4101575209 2
0 0.8554067460 0.4065255732 0.0223214286 0.0934744268 0.8519285881 0.3697706547 2 0.8561798304 0.4423251903 2
0 0.7403273810 0.3840388007 0.0193452381 0.0731922399 0.7392515439 0.3566792953 2 0.7379200227 0.4108870020 2
0 0.6708829365 0.4462081129 0.0233134921 0.0705467372 0.6744246866 0.4232598890 2 0.6690344322 0.4745956454 2
0 0.6839697315 0.4841832714 0.0188492063 0.0687830688 0.6870690636 0.4618087531 2 0.6801868638 0.5058548321 2
0 0.7254933505 0.5111778445 0.0352182540 0.0458553792 0.7125596333 0.5143892333 2 0.7400420859 0.5165003682 2
0 0.7539682540 0.4576719577 0.0287698413 0.0599647266 0.7469550838 0.4410749936 2 0.7640819755 0.4781165938 2
0 0.7669890873 0.4000220459 0.0305059524 0.0582745444 0.7548124447 0.3846770598 2 0.7738063254 0.4257673673 2
0 0.7971230159 0.4122574956 0.0168650794 0.0679012346 0.7967512808 0.3890718153 2 0.7940336942 0.4428745400 2
0 0.7938988095 0.4611992945 0.0372023810 0.0582010582 0.7817153907 0.4637253560 2 0.8096677101 0.4735133735 2
0 0.8530174633 0.4641948382 0.0203373016 0.0634920635 0.8590720160 0.4394585545 2 0.8480758639 0.4874979468 2
0 0.8360615079 0.4514991182 0.0272817460 0.0440917108 0.8459624823 0.4422531415 2 0.8258769115 0.4681703851 2
0 0.7768020031 0.5231205089 0.0334129291 0.0533150814 0.7688992285 0.5141599580 2 0.7906357313 0.5340155009 2
0 0.8099895628 0.6355413142 0.0177834274 0.0356478855 0.8108746071 0.6196796192 2 0.8086696724 0.6517304348 2
0 0.7579365079 0.5559964727 0.0228174603 0.0396825397 0.7656823461 0.5406496483 2 0.7522840517 0.5714511021 2
0 0.8100198413 0.5498236332 0.0218253968 0.0608465608 0.8052787151 0.5303590585 2 0.8127448507 0.5748210754 2
0 0.8375496032 0.5762786596 0.0183531746 0.0520282187 0.8337865973 0.5596765078 2 0.8406303243 0.5941749143 2
0 0.8539186508 0.5559964727 0.0193452381 0.0626102293 0.8527246900 0.5378462659 2 0.8599938088 0.5798893676 2
0 0.8521825397 0.6335978836 0.0208333333 0.0520282187 0.8469203872 0.6240773253 2 0.8555201056 0.6557115592 2
0 0.7883552988 0.6317984275 0.0209208683 0.0378410624 0.7796478146 0.6314826774 2 0.7976152821 0.6303812234 2
0 0.7879464286 0.6741622575 0.0233134921 0.0679012346 0.7956537160 0.6564666512 2 0.7774765372 0.6940187569 2
0 0.7331349206 0.6679894180 0.0317460317 0.0449735450 0.7468957002 0.6524872174 2 0.7204508348 0.6808502228 2
0 0.7197420635 0.7054673721 0.0218253968 0.0599647266 0.7212139661 0.6850845155 2 0.7182059693 0.7338633465 2
0 0.7609126984 0.6829805996 0.0238095238 0.0767195767 0.7618642708 0.6550469323 2 0.7617247017 0.7133557956 2
0 0.8131162819 0.6828158124 0.0208333333 0.0617283951 0.8149531641 0.6570086274 2 0.8123712954 0.7060629113 2
0 0.6517857143 0.4122574956 0.0188492063 0.0696649030 0.6564804148 0.3863974683 2 0.6532965119 0.4453955230 2
0 0.6172982362 0.9141450337 0.0257554945 0.0742775743 0.6210991267 0.8810551252 2 0.6201632625 0.9454559770 2
0 0.6097756410 0.9747659748 0.0228937729 0.0498575499 0.6073339715 0.9541567811 2 0.6142794080 0.9969266076 2
0 0.6424565018 0.9059829060 0.0188873626 0.0681725682 0.6479243356 0.8878296930 2 0.6377720663 0.9348790571 2
0 0.6632851820 0.8035085586 0.0358957607 0.0306846872 0.6785493197 0.7983566612 2 0.6494332442 0.8068928953 2
0 0.6620449863 0.9042022792 0.0248683608 0.0676638177 0.6693991979 0.8787604808 2 0.6635017470 0.9302226232 2
0 0.6879578755 0.9146316646 0.0240384615 0.0671550672 0.6854321391 0.8880085465 2 0.6886151990 0.9423059811 2
0 0.7183258192 0.8559541181 0.0234661172 0.0590150590 0.7260853795 0.8802739720 2 0.7098090418 0.8371387737 2
0 0.7163678528 0.9372646841 0.0211767399 0.0651200651 0.7117882342 0.9135594244 2 0.7223263890 0.9601559397 2
0 0.7486833473 0.7507236671 0.0189602065 0.0623358123 0.7457038398 0.7302447803 2 0.7512605372 0.7770167999 2
0 0.7616968891 0.7509772222 0.0183150183 0.0834350834 0.7628712686 0.7143920714 2 0.7634784126 0.7845509385 2
0 0.7403273810 0.7971102971 0.0211767399 0.0498575499 0.7451799797 0.7828270443 2 0.7352935275 0.8191076029 2
0 0.7821812721 0.7300931962 0.0171703297 0.0752950753 0.7816326007 0.7029091177 2 0.7825335256 0.7537449131 2
0 0.7918749444 0.7775622055 0.0154532967 0.0752950753 0.7918422549 0.7503627967 2 0.7891027025 0.8047187722 2
0 0.8309591780 0.7922636752 0.0148809524 0.0722425722 0.8329319989 0.8190975722 2 0.8314942263 0.7596545204 2
0 0.8065170865 0.7090869521 0.0261182371 0.0448814199 0.7961823616 0.6995198066 2 0.8169335608 0.7230826394 2
0 0.8162042062 0.7696934797 0.0179853355 0.0639833507 0.8187600770 0.7434468397 2 0.8138493358 0.7983477496 2
0 0.7311522026 0.8107082903 0.0171918018 0.0641025641 0.7330472131 0.7891016918 2 0.7298953169 0.8343022178 2
0 0.7514880952 0.8418803419 0.0160256410 0.0579975580 0.7524163011 0.8207469325 2 0.7514313135 0.8591380495 2
0 0.7640735076 0.8234671129 0.0187651934 0.0636800313 0.7661760401 0.7979299434 2 0.7637326555 0.8474492038 2
0 0.7760865797 0.8006022665 0.0200320513 0.0600325600 0.7785373346 0.7747112017 2 0.7754970445 0.8228834719 2
0 0.8036910358 0.8658059581 0.0306776557 0.0352258852 0.8145219076 0.8730706423 2 0.7928990789 0.8584226279 2
0 0.8463955026 0.7352395849 0.0228937729 0.0559625560 0.8500500285 0.7135966275 2 0.8408873364 0.7586634982 2
0 0.7457646520 0.8861416361 0.0274725275 0.0468050468 0.7550424053 0.8952876935 2 0.7363097904 0.8736411162 2
0 0.7655347830 0.9055345157 0.0171703297 0.0712250712 0.7658357310 0.8770827951 2 0.7643757772 0.9326740567 2
0 0.7204020379 0.9452084325 0.0183150183 0.0610500611 0.7209921816 0.9196459224 2 0.7176306195 0.9699155571 2
0 0.7365339360 0.9408885150 0.0216026706 0.0667587150 0.7441556470 0.9154173422 2 0.7293146037 0.9647972929 2
0 0.7769256207 0.9274587724 0.0165979853 0.0539275539 0.7809418045 0.9481123976 2 0.7752516801 0.9057307818 2
0 0.8067193223 0.9125966626 0.0200320513 0.0610500611 0.8063737207 0.8855444664 2 0.7975255575 0.9367595912 2
0 0.8161630037 0.9446479446 0.0206043956 0.0620675621 0.8231130411 0.9174283715 2 0.8114960878 0.9727764278 2
0 0.8410599817 0.9777116402 0.0177426740 0.0427248677 0.8372478310 0.9655847068 2 0.8443731974 0.9976149250 2
0 0.8347641941 0.9370166870 0.0154532967 0.0427350427 0.8385873250 0.9237645380 2 0.8301694818 0.9496320961 2
0 0.8456387363 0.9395604396 0.0154532967 0.0457875458 0.8490216970 0.9228450154 2 0.8436939132 0.9585773756 2
0 0.8579441392 0.9232804233 0.0137362637 0.0437525438 0.8576530758 0.9057027008 2 0.8554608474 0.9402199600 2
0 0.8548645856 0.7999216129 0.0225012209 0.0613768179 0.8451229543 0.7818711557 2 0.8616561868 0.8147152330 2
0 0.8707670875 0.7573628106 0.0188873626 0.0539275539 0.8708829375 0.7372099399 2 0.8706725177 0.7767290801 2
0 0.8847000788 0.8352184880 0.0188873626 0.0691900692 0.8903566252 0.8100263212 2 0.8859511288 0.8619412502 2
0 0.8776701318 0.6511885792 0.0188475896 0.0551244111 0.8773109645 0.6284989765 2 0.8771264570 0.6717930507 2
0 0.8801896699 0.2972452266 0.0154532967 0.0742775743 0.8784529781 0.3228871613 2 0.8788112581 0.2679318177 2
0 0.8833823559 0.1825396825 0.0234661172 0.0742775743 0.8883770115 0.2072056460 2 0.8853264794 0.1496955877 2
0 0.8905804843 0.3280423280 0.0217490842 0.0620675621 0.8978059797 0.3106626077 2 0.8844821297 0.3510105378 2
0 0.8671016484 0.3565323565 0.0228937729 0.0579975580 0.8590797577 0.3316639340 2 0.8683646190 0.3808080485 2
0 0.9213975164 0.3717819175 0.0230421585 0.0903573878 0.9160765881 0.3471082976 2 0.9294036463 0.4046491323 2
0 0.9037889194 0.4150115317 0.0240384615 0.0539275539 0.8978909466 0.4351690542 2 0.9110925686 0.3936504357 2
0 0.8738817117 0.4389799289 0.0266205645 0.0469215546 0.8823374603 0.4197066474 2 0.8661502974 0.4576761684 2
0 0.8917124542 0.5035612536 0.0171703297 0.0590150590 0.8943087561 0.4786411123 2 0.8852584635 0.5298666917 2
0 0.8625228938 0.5081400081 0.0263278388 0.0579975580 0.8522523632 0.5323156715 2 0.8719389068 0.4817617682 2
0 0.8851304945 0.5595238095 0.0314789377 0.0386650387 0.8965454542 0.5614644955 2 0.8719960425 0.5529977710 2
0 0.9039921531 0.4998233082 0.0228937729 0.0335775336 0.9133414020 0.4976970207 2 0.8967121047 0.4988915642 2
0 0.9264507234 0.6881512190 0.0131705746 0.0465861658 0.9260844470 0.7047878439 2 0.9267624474 0.6692304858 2
0 0.8988815451 0.5934482080 0.0243232377 0.0296688406 0.9093396000 0.6031743981 2 0.8895974730 0.5900520348 2
0 0.8799998581 0.9429361488 0.0143086081 0.0508750509 0.8822233322 0.9213772226 2 0.8763614534 0.9643731038 2
0 0.9131551659 0.9577258254 0.0194597070 0.0549450549 0.9131926112 0.9379150001 2 0.9130926168 0.9839616076 2
0 0.9143200549 0.6332926333 0.0188873626 0.0437525438 0.9079666195 0.6205664025 2 0.9207969246 0.6342767027 2
0 0.9105998168 0.6755189255 0.0228937729 0.0386650387 0.9176976786 0.6647256571 2 0.9032701057 0.6873621175 2
0 0.9309180403 0.6424501425 0.0131639194 0.0641025641 0.9303518686 0.6135063112 2 0.9317610011 0.6652884131 2
0 0.9437724398 0.6267061629 0.0133421021 0.0620963593 0.9437708422 0.5982727782 2 0.9414517957 0.6535007821 2
0 0.9389308608 0.4079161579 0.0154532967 0.0569800570 0.9416364148 0.3907900441 2 0.9369230354 0.4329737973 2
0 0.9254857461 0.4409340659 0.0131937809 0.0413945957 0.9236934949 0.4289112999 2 0.9278998950 0.4559287517 2
0 0.9216569703 0.5158858284 0.0177426740 0.0579975580 0.9217852474 0.4905913224 2 0.9265381067 0.5409505073 2
0 0.9463689015 0.2159570138 0.0154532967 0.0651200651 0.9460033346 0.1909715529 2 0.9438664427 0.2387869854 2
0 0.9205609569 0.7705627421 0.0150539867 0.0477811379 0.9187198448 0.7556476179 2 0.9196922757 0.7852223897 2
0 0.9623969780 0.7731990232 0.0200320513 0.0549450549 0.9624776350 0.7494809770 2 0.9671495384 0.7935520608 2
0 0.9629693223 0.8871591372 0.0131639194 0.0468050468 0.9646523815 0.8703867990 2 0.9616635536 0.9049713664 2
0 0.8969938866 0.1364792396 0.0177426740 0.0641025641 0.9028156706 0.1188023243 2 0.8875279632 0.1623979131 2
0 0.8974358974 0.8993691494 0.0137362637 0.0386650387 0.8963878281 0.8830653602 2 0.8973655134 0.9171045352 2
0 0.9063072344 0.3239723240 0.0188873626 0.0620675621 0.9115158107 0.2983624289 2 0.8994815862 0.3491486294 2
0 0.4507211538 0.0528083028 0.0291895604 0.0447700448 0.4636936399 0.0459871299 2 0.4411061581 0.0643042684 2
0 0.4883365138 0.0752771015 0.0260742252 0.0510426034 0.4969666777 0.0921845512 2 0.4773175216 0.0532257723 2
0 0.3399725275 0.9812728938 0.0343406593 0.0356023606 0.3518544801 0.9962020516 2 0.3281229108 0.9719784695 2
0 0.2179591242 0.4712925963 0.0375666001 0.0506808007 0.2297605883 0.4852937412 2 0.2029557223 0.4489058442 2
0 0.1990511551 0.2497249725 0.0206270627 0.0834250092 0.1985504885 0.2198894695 2 0.1980951855 0.2832946350 2
0 0.2000825083 0.1562156216 0.0319719472 0.0907590759 0.2127916034 0.1208707585 2 0.1914351654 0.1890105853 2
0 0.7205556425 0.4343044546 0.0453431373 0.0544662309 0.7015347421 0.4322106881 2 0.7365081465 0.4355039534 2
0 0.3367248062 0.1743109388 0.0302810078 0.0495262705 0.3481668992 0.1824832150 2 0.3248367223 0.1699567264 2
0 0.6215476951 0.8047753080 0.0243793507 0.0468273362 0.6260056922 0.7836007915 2 0.6220528389 0.8244868695 2
0 0.7055629433 0.4734042553 0.0182845745 0.0620567376 0.7062828822 0.4469242781 2 0.7065067740 0.4982981574 2
0 0.3555689103 0.2660256410 0.0252403846 0.0320512821 0.3443542037 0.2646324331 2 0.3671507939 0.2655434803 2
0 0.1920066265 0.3465514340 0.0215840841 0.0625625626 0.1939313358 0.3201302846 2 0.1883544256 0.3727378727 2
0 0.9219370040 0.8654100529 0.0173611111 0.0617283951 0.9220167348 0.8391415464 2 0.9216798439 0.8924451734 2
0 0.9529389881 0.8169091711 0.0161210317 0.0529100529 0.9501980823 0.7967578629 2 0.9547636168 0.8361642372 2
0 0.9417894122 0.6961388070 0.0173611111 0.0507054674 0.9417488249 0.7111307017 2 0.9415643370 0.6747250945 2
0 0.9458085317 0.8962742504 0.0117807540 0.0573192240 0.9476250985 0.8720935533 2 0.9448658613 0.9143422747 2
0 0.2467170221 0.7292873442 0.0190067141 0.0544146042 0.2394547807 0.7124332435 2 0.2541058773 0.7468770337 2
0 0.2562500471 0.6870919092 0.0271203156 0.0619110234 0.2474278128 0.6655218683 2 0.2654678886 0.7101132332 2
0 0.2291050296 0.8549747973 0.0255793886 0.0553364015 0.2351308446 0.8439540482 2 0.2190851482 0.8763469611 2
0 0.4528588808 0.1285820492 0.0275623479 0.0489997297 0.4436702429 0.1418018340 2 0.4642617771 0.1196156692 2
0 0.5807079946 0.8143932550 0.0266768293 0.0456187895 0.5750511855 0.7992587938 2 0.5815244209 0.8352580973 2
0 0.3644319283 0.9739987080 0.0202882752 0.0500645995 0.3593784570 0.9919898312 2 0.3700874745 0.9566162866 2
0 0.8579282407 0.2788263691 0.0248397436 0.0747863248 0.8539199387 0.2477266743 2 0.8635796374 0.3091617535 2
0 0.8659620098 0.5708061002 0.0193014706 0.0620915033 0.8695167178 0.5468488436 2 0.8595409027 0.5981439485 2
0 0.8581495098 0.7540849673 0.0189950980 0.0419389978 0.8515008864 0.7662017566 2 0.8651035579 0.7369299506 2
0 0.8137801627 0.8169036039 0.0229727834 0.0364758698 0.8038844292 0.8287500038 2 0.8230616886 0.8013813046 2
0 0.7878614338 0.8470122148 0.0242003367 0.0473874548 0.7969710772 0.8289921083 2 0.7787812372 0.8619426348 2
0 0.8728780864 0.1482767490 0.0149498457 0.0420096022 0.8676461707 0.1366493824 2 0.8775813330 0.1659963231 2
0 0.8449074074 0.8686556927 0.0197723765 0.0424382716 0.8367221595 0.8820267678 2 0.8508505216 0.8586939536 2
0 0.8901186343 0.9593192730 0.0118152006 0.0377229081 0.8857311888 0.9759627371 2 0.8943260689 0.9442423099 2
0 0.7624627976 0.0760582011 0.0271577381 0.0396825397 0.7514809483 0.0885610245 2 0.7724885024 0.0644332190 2
0 0.2996651786 0.0995370370 0.0487351190 0.0615079365 0.2861104301 0.1183227819 2 0.3158069261 0.0841007330 2
0 0.1086888723 0.6064537591 0.0321232535 0.0266134398 0.1235837874 0.6074832779 2 0.0969691458 0.6074832779 2
0 0.8631056128 0.9448340634 0.0187125749 0.0304945664 0.8563150421 0.9530612844 2 0.8714600029 0.9349144531 2
0 0.7526618819 0.9413578334 0.0155938124 0.0438012863 0.7582357116 0.9241348050 2 0.7481158721 0.9577082360 2
0 0.7440396695 0.9170449579 0.0231183328 0.0376427068 0.7511630402 0.9009751447 2 0.7350376664 0.9313441896 2
0 0.8919660679 0.7542137946 0.0162175649 0.0482368596 0.8939817043 0.7316585386 2 0.8932796801 0.7758080576 2
0 0.9219899984 0.5950405835 0.0128774549 0.0330680323 0.0000000000 0.0000000000 0 0.0000000000 0.0000000000 0
0 0.2181368178 0.0893740774 0.0246794327 0.0379162753 0.0000000000 0.0000000000 0 0.0000000000 0.0000000000 0
0 0.1313499968 0.0336049192 0.0196297966 0.0469607205 0.1380144340 0.0200337019 2 0.1305017958 0.0437294782 2
0 0.1922993035 0.0814273043 0.0271424348 0.0348974161 0.2014526049 0.0807810559 2 0.1861849854 0.0837968820 2
0 0.0748355702 0.3685475443 0.0120977709 0.0501833461 0.0768518653 0.3521910823 2 0.0731294743 0.3756283593 2
0 0.0904182358 0.4757364724 0.0135712174 0.0504073789 0.0917414295 0.4651703965 2 0.0909659314 0.4913650002 2
0 0.0326832139 0.4863355427 0.0234588186 0.0337772522 0.0228306651 0.4850197905 2 0.0383158119 0.4920785469 2
0 0.1108962335 0.8087927980 0.0165956601 0.0380511086 0.1169869959 0.8212504000 2 0.1079912175 0.8011219151 2
0 0.0939672318 0.8304572497 0.0145173251 0.0461025025 0.0913330198 0.8189161831 2 0.0962962078 0.8447247610 2
0 0.0343521440 0.8849074599 0.0279906359 0.0551465341 0.0435005986 0.9081724040 2 0.0279906359 0.8719824910 2
0 0.0486334269 0.9368744517 0.0195328593 0.0424111314 0.0568440134 0.9252378437 2 0.0453666410 0.9439876653 2
0 0.0759988174 0.0929663182 0.0181466564 0.0449444253 0.0824354519 0.0852954353 2 0.0740600720 0.0988063361 2
0 0.1225044712 0.3783233504 0.0174487081 0.0577315279 0.1249279029 0.3613830245 2 0.1220197849 0.3924029499 2
0 0.0443552596 0.2518924739 0.0197700842 0.0553450341 0.0517660516 0.2322479549 2 0.0409959475 0.2607973344 2
0 0.0756691691 0.2642241793 0.0106498462 0.0391809158 0.0778363229 0.2499722469 2 0.0738982464 0.2712984456 2
0 0.0186119553 0.7752498233 0.0118263466 0.0499765466 0.0183211435 0.7575615725 2 0.0181272689 0.7827221787 2
0 0.2120520854 0.9859677921 0.0181757376 0.0280644159 0.2083611990 0.9814138947 2 0.2166008667 0.9947696959 2
0 0.1964694689 0.9824716741 0.0147344646 0.0350566518 0.1931767039 0.9718366650 2 0.2017071834 0.9985827341 2
0 0.1531091357 0.9653762485 0.0187670549 0.0416742359 0.1490408725 0.9586014968 2 0.1583468501 0.9756969224 2
0 0.0412952758 0.6412576220 0.0141528410 0.0479085515 0.0429432093 0.6301180221 2 0.0398412168 0.6507979724 2
0 0.0703764559 0.5682706772 0.0226833205 0.0251606062 0.0776467509 0.5643690600 2 0.0675652751 0.5702283792 2
0 0.0413340507 0.7603644131 0.0133385679 0.0341908512 0.0464523384 0.7500740698 2 0.0388524566 0.7690996241 2
0 0.0430556565 0.8073521354 0.0122838905 0.0397055046 0.0453511310 0.8189726131 2 0.0417528197 0.7951493103 2
0 0.0777824631 0.4983904758 0.0179915568 0.0369481779 0.0818150534 0.4831369444 2 0.0715784780 0.5071256868 2
0 0.0824936143 0.3298341346 0.0182242062 0.0206799503 0.0790038726 0.3352384949 2 0.0879221012 0.3276558465 2
0 0.0429625968 0.2372774571 0.0134936676 0.0521134748 0.0439707443 0.2206452624 2 0.0424197481 0.2457369355 2
0 0.1626122655 0.1787954037 0.0128441879 0.0495457143 0.1627334371 0.1639316894 2 0.1620064076 0.1932282856 2
0 0.3868702909 0.0420492323 0.0473053863 0.0540436035 0.4020343815 0.0588689252 2 0.3741164486 0.0434278956 2
0 0.4173983047 0.0564390310 0.0344127298 0.0392057391 0.4309137831 0.0652710931 2 0.4120110161 0.0579469441 2
0 0.4691176256 0.0224446394 0.0179915568 0.0448892788 0.4702058046 0.0082719801 2 0.4683446091 0.0343011442 2
0 0.2651337017 0.0312956581 0.0376892094 0.0358452472 0.2561798002 0.0326743215 2 0.2715346633 0.0357073809 2
0 0.1111870453 0.0572145292 0.0166732099 0.0485978832 0.1158400341 0.0491148820 2 0.1084728018 0.0694501664 2
0 0.1571796617 0.0721040934 0.0169058594 0.0435657620 0.1557480922 0.0836848656 2 0.1600908817 0.0610747866 2
0 0.3476498011 0.4141264095 0.0426523975 0.0426523975 0.3603170785 0.4146347916 2 0.3392332229 0.4176506177 2
0 0.4197990965 0.4353240299 0.0404713090 0.0383440745 0.4083532287 0.4334628344 2 0.4294370842 0.4334628344 2
0 0.4316982299 0.1744870807 0.0348974161 0.0357590807 0.4185559599 0.1703941739 2 0.4418209040 0.1721175030 2
0 0.3878433343 0.0904747826 0.0296628037 0.0358452472 0.3792682636 0.0870281242 2 0.3936149791 0.0932321093 2
0 0.0382165482 0.3619989932 0.0172470786 0.0414701937 0.0393953053 0.3769282630 2 0.0386508271 0.3508990989 2
0 0.0524430615 0.3893810510 0.0127957193 0.0437725615 0.0518614379 0.3792754487 2 0.0520553124 0.4034020573 2
0 0.0754022084 0.4434664080 0.0156650624 0.0515620094 0.0742151717 0.4249040846 2 0.0746804705 0.4601978664 2
0 0.0857700939 0.4004171972 0.0156650624 0.0545950688 0.0891047359 0.3862665965 2 0.0815048541 0.4116340022 2
0 0.3153794689 0.0235751433 0.0208415124 0.0435140621 0.3125520026 0.0359831135 2 0.3144131982 0.0114429058 2
0 0.2324384746 0.1766412422 0.0271424348 0.0392057391 0.2229313521 0.1734099999 2 0.2408647465 0.1833191428 2
0 0.3778778693 0.9802658128 0.0138038668 0.0394683745 0.3798584915 0.9699065363 2 0.3775319971 0.9980312687 2
0 0.5043074738 0.9732582393 0.0242343168 0.0534835215 0.5015859600 0.9594414475 2 0.5076445392 0.9921847021 2
0 0.4792962323 0.9762740653 0.0334433571 0.0474518693 0.4895400780 0.9870147145 2 0.4779076059 0.9887380437 2
0 0.5756270088 0.9832427778 0.0381690489 0.0290811801 0.5867657067 0.9789344548 2 0.5705778371 0.9851957406 2
0 0.5063077454 0.0499076134 0.0209384497 0.0477017520 0.5064271721 0.0668651726 2 0.5037904784 0.0359831135 2
0 0.1943096142 0.0333879176 0.0150086807 0.0446113403 0.1938148836 0.0194115800 2 0.1952442818 0.0425643009 2
0 0.6226426215 0.0604406014 0.0219621072 0.0765433894 0.6225281935 0.0854771279 2 0.6194262010 0.0455510372 2
0 0.5958987620 0.0676923707 0.0255914385 0.0303305938 0.6050139671 0.0638321133 2 0.5907448014 0.0712768954 2
0 0.8237758035 0.0396365714 0.0236526932 0.0561805317 0.8173333527 0.0232649441 2 0.8297413229 0.0563528646 2
0 0.8718813419 0.0643835786 0.0215588482 0.0523892074 0.8709150712 0.0489425491 2 0.8754129604 0.0721040934 2
0 0.8497400309 0.0612126529 0.0196976527 0.0377753759 0.8571491401 0.0690710340 2 0.8463814817 0.0576504487 2
0 0.9430259146 0.1047877145 0.0184197154 0.0542005420 0.9382605107 0.0945190608 2 0.9465430967 0.1234423772 2
0 0.9569994919 0.1556007227 0.0146087398 0.0542005420 0.9555813866 0.1348144993 2 0.9593282708 0.1732036283 2
0 0.9662093496 0.1584236676 0.0152439024 0.0575880759 0.9684794191 0.1774992521 2 0.9652407109 0.1502841157 2
0 0.6229646468 0.6474295582 0.0208415124 0.0689331677 0.6219395352 0.6671099776 2 0.6219395352 0.6279042384 2
0 0.9399826482 0.1778185720 0.0142691657 0.0443929600 0.9433948400 0.1667010307 2 0.9385867516 0.1890353770 2
0 0.9248604346 0.1509517953 0.0172160586 0.0430142966 0.9226114900 0.1387313233 2 0.9280399769 0.1616171350 2
0 0.9208278443 0.2127188972 0.0122528706 0.0438414946 0.9198196967 0.2002226926 2 0.9198196967 0.2214541082 2
0 0.9306427603 0.2127255833 0.0081396284 0.0307055902 0.9293281724 0.2027868543 2 0.9300230187 0.2193749318 2
0 0.9571614829 0.2102362821 0.0139589665 0.0475638857 0.9559982357 0.1949606922 2 0.9575492320 0.2177086375 2
0 0.9931126072 0.2703857232 0.0079973245 0.0336049192 0.9919410234 0.2606468453 2 0.9925614219 0.2777422709 2
0 0.9379679041 0.2677077442 0.0124079702 0.0499765466 0.9389372767 0.2555341468 2 0.9397127749 0.2800054213 2
0 0.9235242513 0.2940764711 0.0246220658 0.0420492323 0.9174172035 0.2872451942 2 0.9284680519 0.2958618402 2
0 0.9664451650 0.4274833296 0.0123595015 0.0581623602 0.9663239934 0.4101121714 2 0.9677780524 0.4432862583 2
0 0.9642557399 0.3421593670 0.0119426713 0.0441172273 0.9646434890 0.3269058356 2 0.9646434890 0.3564092314 2
0 0.9783698060 0.2954759996 0.0122528706 0.0534921381 0.9791595733 0.2788614518 2 0.9789114139 0.3055523743 2
0 0.9539093540 0.3815136154 0.0177433974 0.0295585423 0.9612920962 0.3887223704 2 0.9505627569 0.3782458868 2
0 0.9827125955 0.4383464046 0.0138038668 0.0537678708 0.9809289498 0.4186811506 2 0.9834105439 0.4457029523 2
0 0.9861070439 0.3791159132 0.0107204862 0.0458819164 0.9869011540 0.3656478060 2 0.9858092527 0.3852358550 2
0 0.9371906536 0.4587660326 0.0151057549 0.0419816761 0.9349917146 0.4432447101 2 0.9400588349 0.4707792507 2
0 0.9383379261 0.5130529547 0.0137672703 0.0404519794 0.9386247442 0.4978715648 2 0.9416841376 0.5248962065 2
0 0.9494760302 0.4798551370 0.0157749972 0.0496301596 0.9522008024 0.4665433764 2 0.9482408909 0.4858893581 2
0 0.9343224723 0.5504717745 0.0149145428 0.0375625523 0.9385291382 0.5370750307 2 0.9373598763 0.5658843185 2
0 0.9478809389 0.5541675217 0.0127729674 0.0431034536 0.9506932863 0.5398468411 2 0.9452399176 0.5666335300 2
0 0.9521617951 0.5071453250 0.0123140584 0.0390242624 0.9517411286 0.4971077952 2 0.9529648859 0.5179116703 2
0 0.9681471256 0.5237585111 0.0133848461 0.0509898899 0.9665791865 0.5068543427 2 0.9672675500 0.5348647889 2
0 0.9728985382 0.4807035936 0.0104827035 0.0235828241 0.9731629176 0.4887472326 2 0.9738899471 0.4754991394 2
0 0.9499960136 0.4230627340 0.0134602223 0.0444400991 0.9505421141 0.4370900277 2 0.9500687876 0.4143703558 2
0 0.9554592368 0.2725725379 0.0157159189 0.0532492312 0.9530497979 0.2556892972 2 0.9596763689 0.2878334257 2
0 0.9776154432 0.2587185868 0.0180810723 0.0286099573 0.9849520039 0.2642184304 2 0.9752961434 0.2569817941 2
0 0.9667535467 0.2424529846 0.0189330600 0.0239818760 0.9724334647 0.2354435451 2 0.9614286236 0.2463826464 2
0 0.9508258142 0.6063158544 0.0214476070 0.0397725739 0.9543387843 0.6122916015 2 0.9510107073 0.5971714494 2
0 0.9897384294 0.7379021787 0.0205231412 0.0266246156 0.9972339983 0.7427274794 2 0.9852159426 0.7440422752 2
0 0.9655248207 0.7207046492 0.0142367736 0.0466752520 0.9683906647 0.7058080124 2 0.9642257336 0.7274572947 2
0 0.9499013483 0.7340761228 0.0114633762 0.0414160687 0.9495315620 0.7241099704 2 0.9493466689 0.7435032089 2
0 0.9621967437 0.6608354210 0.0123878420 0.0378003801 0.9635834425 0.6518553655 2 0.9597006860 0.6689477113 2
0 0.9744921391 0.7325509596 0.0110935898 0.0292542072 0.9757863913 0.7229135062 2 0.9709791690 0.7393484541 2
0 0.9787514268 0.7664083197 0.0086145423 0.0334904794 0.9798400777 0.7549104827 2 0.9797454124 0.7732545142 2
0 0.9887589991 0.6341068878 0.0107207985 0.0502469747 0.9899772717 0.6476822343 2 0.9879062083 0.6260240555 2
0 0.9857397611 0.7048447373 0.0126976777 0.0297441025 0.9878419706 0.6966428435 2 0.9844766379 0.7096962553 2
0 0.9937894314 0.6748762793 0.0101342406 0.0309338666 0.9942467732 0.6633170487 2 0.9947314595 0.6786115953 2
0 0.9951040290 0.5497566265 0.0097919420 0.0221075030 0.9933385922 0.5529447855 2 0.9981097233 0.5447320449 2
0 0.9343703226 0.8789927657 0.0088748719 0.0368142833 0.9351098952 0.8671596032 2 0.9334458568 0.8881963365 2
0 0.9445949145 0.9581763446 0.0156419617 0.0467409918 0.9482358307 0.9397455366 2 0.9429444872 0.9665310299 2
0 0.9280839550 0.9093974193 0.0151612394 0.0279394114 0.9275292755 0.9023303917 2 0.9282688482 0.9144922531 2
0 0.9567054168 0.9595240103 0.0189330600 0.0491733641 0.9614002240 0.9431640058 2 0.9545772607 0.9669400004 2
0 0.9706093827 0.8375766970 0.0122029488 0.0440456603 0.9706093827 0.8259670498 2 0.9709791690 0.8473324821 2
0 0.9708867224 0.8884198518 0.0197835685 0.0539066291 0.9757863913 0.8665022053 2 0.9682057716 0.9029877896 2
0 0.9797615943 0.9317489484 0.0153461326 0.0253098198 0.9850310495 0.9233671250 2 0.9781900024 0.9375011802 2
0 0.9547440701 0.9070071204 0.0139039659 0.0244552025 0.9500108051 0.9031942125 2 0.9590335915 0.9110829875 2
0 0.9895039849 0.8387692168 0.0147914531 0.0305032633 0.9927581046 0.8313222132 2 0.9875810960 0.8457849674 2
0 0.8738178115 0.8969068589 0.0112784830 0.0338559927 0.8761289760 0.8888537344 2 0.8737253649 0.9062747792 2
0 0.9185619571 0.9866646833 0.0109086967 0.0266706334 0.9180997242 0.9812181416 2 0.9179148310 0.9923939061 2
0 0.9211504614 0.8188408564 0.0179346369 0.0223515291 0.9153263267 0.8164347800 2 0.9256803439 0.8220226623 2
0 0.9108459586 0.7161948116 0.0158564377 0.0431253033 0.9153153441 0.7032950867 2 0.9084521098 0.7293806360 2
0 0.9313706073 0.7114750438 0.0087243540 0.0313430497 0.9309931578 0.7218882604 2 0.9309325720 0.7067014219 2
0 0.6624237206 0.1445505026 0.0276184163 0.0650464422 0.6703440815 0.1670201579 2 0.6576578356 0.1379477443 2
0 0.7761544725 0.9804407685 0.0145603366 0.0328698958 0.7749439400 0.9732538973 2 0.7758905930 0.9921869573 2
0 0.9969653855 0.4841159444 0.0056148356 0.0305032633 0.9974281331 0.4761293907 2 0.9969737397 0.4894582649 2
0 0.9709543194 0.5471087039 0.0138448001 0.0315551000 0.9733801177 0.5433599580 2 0.9694751741 0.5578753040 2
