0 0.1846879890 0.7338723700 0.0220070423 0.0539036689 0.1798177083 0.7210189961 2 0.1897135417 0.7492597368 2
0 0.2110964397 0.7430012172 0.0239632238 0.0408624587 0.2057291667 0.7383801072 2 0.2191406250 0.7566671442 2
0 0.2533988654 0.8134237524 0.0215179969 0.0599895670 0.2527343750 0.7983338109 2 0.2535156250 0.8244912183 2
0 0.3446058294 0.8634150583 0.0278755869 0.0625978091 0.3358072917 0.8427782553 2 0.3470052083 0.8744912183 2
0 0.3737040297 0.8581985742 0.0254303599 0.0504260129 0.3768229167 0.8483338109 2 0.3671875000 0.8670838109 2
0 0.3700361894 0.8116849244 0.0337441315 0.0495565989 0.3602864583 0.8041208479 2 0.3778645833 0.8224078850 2
0 0.1455643584 0.8725439054 0.0268974961 0.0460789428 0.1407552083 0.8631486257 2 0.1514322917 0.8818986257 2
0 0.3974227308 0.9377499565 0.0229851330 0.0565119110 0.3990885417 0.9330560331 2 0.3936197917 0.9562041812 2
0 0.4123386150 0.8755868545 0.0283646322 0.0539036689 0.4111979167 0.8670838109 2 0.4121093750 0.8916208479 2
0 0.4343456573 0.8538515041 0.0244522692 0.0591201530 0.4307291667 0.8504171442 2 0.4377604167 0.8742597368 2
0 0.4668671753 0.9151451921 0.0180946792 0.0408624587 0.4680989583 0.9075930701 2 0.4654947917 0.9263430701 2
0 0.3952220266 0.8221178925 0.0224960876 0.0652060511 0.4006944444 0.8156796491 2 0.3918402778 0.7974697725 2
0 0.4015796166 0.7747348287 0.0244522692 0.0608589810 0.3985677083 0.7717134405 2 0.4065104167 0.7941671442 2
0 0.4304332942 0.7690836376 0.0352112676 0.0512954269 0.4352864583 0.7647689961 2 0.4188802083 0.7853708479 2
0 0.4074481612 0.7082246566 0.0254303599 0.0634672231 0.4087239583 0.7018060331 2 0.4134114583 0.7295838109 2
0 0.4514622457 0.6734480960 0.0264084507 0.0704225352 0.4506510417 0.6670838144 2 0.4574218750 0.6974078885 2
0 0.4798268779 0.6673621979 0.0254303599 0.0686837072 0.4785156250 0.6596764070 2 0.4830729167 0.6923152959 2
0 0.4888742175 0.7564771344 0.0210289515 0.0678142932 0.4910156250 0.7483338109 2 0.4904947917 0.7835189961 2
0 0.4864289906 0.8321161537 0.0210289515 0.0625978091 0.4867187500 0.8231023294 2 0.4855468750 0.8566671442 2
0 0.5069928056 0.8751308951 0.0288536776 0.0521648409 0.5036410108 0.8797038383 2 0.5156201775 0.8597964309 2
0 0.5336218701 0.8821074596 0.0195618153 0.0530342549 0.5359375000 0.8652319590 2 0.5308593750 0.8893060331 2
0 0.5619865023 0.8473308990 0.0195618153 0.0652060511 0.5626302083 0.8404634405 2 0.5640625000 0.8700930701 2
0 0.5387568466 0.7769083638 0.0376564945 0.0582507390 0.5377604167 0.7724078850 2 0.5493489583 0.7888430701 2
0 0.5905956573 0.8216831855 0.0180946792 0.0643366371 0.5923177083 0.8191671442 2 0.5906250000 0.8437041812 2
0 0.6404782864 0.8368979308 0.0268974961 0.0634672231 0.6371093750 0.8314356627 2 0.6470052083 0.8525004775 2
0 0.6238507433 0.7664753956 0.0190727700 0.0652060511 0.6251302083 0.7636115887 2 0.6234375000 0.7881486257 2
0 0.6619962833 0.7777777778 0.0288536776 0.0460789428 0.6527343750 0.7913893664 2 0.6636718750 0.7754171442 2
0 0.6143143584 0.8934098418 0.0185837246 0.0617283951 0.6121093750 0.8960189961 2 0.6230468750 0.8800467738 2
0 0.6453687402 0.9116675361 0.0278755869 0.0582507390 0.6501302083 0.9041208479 2 0.6407552083 0.9233338109 2
0 0.5233519171 0.7151799687 0.0195618153 0.0652060511 0.5214843750 0.7075930701 2 0.5227864583 0.7383801072 2
0 0.5551398670 0.7273517649 0.0185837246 0.0686837072 0.5542968750 0.7163893700 2 0.5535156250 0.7497227033 2
0 0.5739681142 0.7399582681 0.0180946792 0.0608589810 0.5734375000 0.7270375146 2 0.5731770833 0.7603708479 2
0 0.6035553599 0.7308294210 0.0293427230 0.0582507390 0.6076822917 0.7249541812 2 0.5988281250 0.7420838109 2
0 0.5874168623 0.6847504782 0.0224960876 0.0617283951 0.5877604167 0.6744912183 2 0.5910156250 0.6971764035 2
0 0.5612529343 0.6530168666 0.0200508607 0.0660754651 0.5630208333 0.6437041812 2 0.5600260417 0.6728708479 2
0 0.5323992567 0.6564945227 0.0259194053 0.0643366371 0.5308593750 0.6492597368 2 0.5402343750 0.6744912183 2
0 0.6395001956 0.6382368284 0.0210289515 0.0660754651 0.6395833333 0.6288893664 2 0.6415364583 0.6527319590 2
0 0.6781347809 0.6134585290 0.0317879499 0.0530342549 0.0000000000 0.0000000000 0 0.0000000000 0.0000000000 0
0 0.6057560642 0.5756390193 0.0190727700 0.0660754651 0.6055989583 0.5580560331 2 0.6062500000 0.5932412183 2
0 0.5766578638 0.5621631021 0.0215179969 0.0704225352 0.5759114583 0.5434727033 2 0.5790364583 0.5844449255 2
0 0.5446253912 0.5639019301 0.0210289515 0.0686837072 0.5449218750 0.5531949220 2 0.5449218750 0.5839819590 2
0 0.5196840767 0.5143453312 0.0200508607 0.0721613632 0.5201822917 0.4904634440 2 0.5207031250 0.5210189996 2
0 0.4986551252 0.5543383759 0.0171165884 0.0617283951 0.5002604167 0.5390745516 2 0.5005208333 0.5712504775 2
0 0.4751809468 0.5791166754 0.0249413146 0.0869414015 0.4664761380 0.5584544645 2 0.4762054258 0.5953200338 2
0 0.4348347027 0.5608589810 0.0195618153 0.0765084333 0.4360677083 0.5485652959 2 0.4339843750 0.5786578885 2
0 0.4213859546 0.5030429491 0.0288536776 0.0356459746 0.4144531250 0.5052782553 2 0.4290364583 0.4978708479 2
0 0.3727259390 0.5821596244 0.0234741784 0.0704225352 0.3743489583 0.5724078885 2 0.3772135417 0.6001856663 2
0 0.3516969875 0.5634672231 0.0205399061 0.0678142932 0.3531250000 0.5487967738 2 0.3516927083 0.5747226998 2
0 0.3609888498 0.4969570509 0.0234741784 0.0739001913 0.3605468750 0.4888430737 2 0.3571614583 0.5237967774 2
0 0.3318906495 0.5047817771 0.0210289515 0.0669448792 0.3304687500 0.4978708479 2 0.3298177083 0.5219449220 2
0 0.2996136541 0.5152147453 0.0229851330 0.0669448792 0.3023437500 0.4991673034 2 0.2948784722 0.5383648343 2
0 0.2866539515 0.5656407581 0.0273865415 0.0617283951 0.2854166667 0.5578245516 2 0.2936197917 0.5786578850 2
0 0.3054821987 0.6030255608 0.0229851330 0.0739001913 0.3053385417 0.5948615922 2 0.3045572917 0.6263430737 2
0 0.2607345462 0.5812902104 0.0195618153 0.0652060511 0.2576822917 0.5693986257 2 0.2591145833 0.5964819590 2
0 0.2343260955 0.4704399235 0.0215179969 0.0660754651 0.2316406250 0.4499541812 2 0.2319010417 0.4851393664 2
0 0.2785847027 0.4504434011 0.0200508607 0.0643366371 0.2789062500 0.4367597368 2 0.2791666667 0.4689356627 2
0 0.3284673318 0.4226221527 0.0210289515 0.0765084333 0.3282552083 0.4080560366 2 0.3277343750 0.4404634440 2
0 0.3575655321 0.4156668405 0.0195618153 0.0730307773 0.3574218750 0.4048152959 2 0.3595052083 0.4367597403 2
0 0.3927767997 0.3356807512 0.0244522692 0.0712919492 0.3954427083 0.3214819626 2 0.3904947917 0.3529634440 2
0 0.4487724961 0.3261171970 0.0210289515 0.0765084333 0.4494791667 0.3094449255 2 0.4493489583 0.3441671477 2
0 0.5257971440 0.3261171970 0.0234741784 0.0747696053 0.5238281250 0.3073615922 2 0.5290364583 0.3448615922 2
0 0.4949872848 0.3256824900 0.0303208138 0.0582507390 0.4993489583 0.3150004775 2 0.4885416667 0.3443986257 2
0 0.5084360329 0.3974091462 0.0220070423 0.0730307773 0.5092447917 0.3844449255 2 0.5053385417 0.4258801107 2
0 0.4837392410 0.3939314902 0.0224960876 0.0625978091 0.4821614583 0.3784264035 2 0.4891927083 0.4103708479 2
0 0.4788487872 0.4330551208 0.0205399061 0.0608589810 0.4811197917 0.4307412183 2 0.4829427083 0.4587504775 2
0 0.4558636541 0.4474004521 0.0283646322 0.0530342549 0.4495569410 0.4541654205 2 0.4670496236 0.4321982927 2
0 0.4455937011 0.4182750826 0.0312989045 0.0539036689 0.4523437500 0.4089819590 2 0.4371093750 0.4330560331 2
0 0.3932658451 0.5491218918 0.0215179969 0.0669448792 0.3924479167 0.5298152924 2 0.3932291667 0.5691671442 2
0 0.3952220266 0.4595722483 0.0234741784 0.0721613632 0.3899739583 0.4404634440 2 0.3964843750 0.4786578885 2
0 0.3783499609 0.7108328986 0.0229851330 0.0599895670 0.3779947917 0.7052782553 2 0.3824218750 0.7335189961 2
0 0.3678354851 0.6464962615 0.0224960876 0.0582507390 0.3669270833 0.6288893664 2 0.3673177083 0.6612967738 2
0 0.3318906495 0.6582333507 0.0337441315 0.0434707007 0.3339843750 0.6520375146 2 0.3235677083 0.6700930701 2
0 0.3492517606 0.6890975483 0.0244522692 0.0495565989 0.3433593750 0.6737967738 2 0.3516927083 0.6974078850 2
0 0.3595217136 0.7308294210 0.0273865415 0.0460789428 0.3562500000 0.7133801072 2 0.3595052083 0.7358338109 2
0 0.3470510563 0.7695183446 0.0278755869 0.0556424970 0.3511718750 0.7568986257 2 0.3425781250 0.7835189961 2
0 0.3272447183 0.7312641280 0.0273865415 0.0660754651 0.3246093750 0.7212504775 2 0.3330729167 0.7520375146 2
0 0.3025479264 0.7551730134 0.0347222222 0.0443401148 0.2942708333 0.7478708479 2 0.3092447917 0.7631486257 2
0 0.3040680425 0.7198265036 0.0191787298 0.0432002164 0.3018229167 0.7099078850 2 0.3063802083 0.7321301072 2
0 0.2780622392 0.7276174192 0.0181615154 0.0368534941 0.2815104167 0.7205560331 2 0.2709635417 0.7349078850 2
0 0.2963734568 0.6695569853 0.0219135802 0.0493633957 0.2967447917 0.6541208479 2 0.2968750000 0.6763430701 2
0 0.2837196792 0.6421491914 0.0224960876 0.0739001913 0.2829427083 0.6330560366 2 0.2837239583 0.6617597403 2
0 0.5072134194 0.6186750130 0.0205399061 0.0669448792 0.5076822917 0.6073615887 2 0.5101562500 0.6367597368 2
0 0.5235964397 0.9486176317 0.0298317684 0.0312989045 0.5145833333 0.9492597368 2 0.5316406250 0.9548152924 2
0 0.5052572379 0.9664406190 0.0224960876 0.0321683186 0.5074652778 0.9579635997 2 0.4946180556 0.9570376738 2
0 0.7099227308 0.8090766823 0.0249413146 0.0617283951 0.7139322917 0.7987967738 2 0.7050781250 0.8224078850 2
0 0.6571058294 0.7069205356 0.0210289515 0.0712919492 0.6571614583 0.6978708514 2 0.6542968750 0.7254171477 2
0 0.6920725743 0.6943140323 0.0303208138 0.0547730829 0.6895833333 0.7038893664 2 0.7006510417 0.6825930701 2
0 0.6994082551 0.7443053382 0.0234741784 0.0591201530 0.6996093750 0.7302782553 2 0.6946614583 0.7594449220 2
0 0.7236160016 0.7043122935 0.0210289515 0.0660754651 0.7247395833 0.6941671442 2 0.7180989583 0.7198615887 2
0 0.7003863459 0.6417144844 0.0254303599 0.0539036689 0.6989583333 0.6467134405 2 0.7076822917 0.6265745516 2
0 0.7170138889 0.5060858981 0.0312989045 0.0591201530 0.7113281250 0.5168523294 2 0.7272135417 0.4886115887 2
0 0.5549575617 0.5132266852 0.0249614198 0.0558511563 0.5562764867 0.5229344955 2 0.5487997615 0.4993048658 2
0 0.5439179056 0.4045286810 0.0185837246 0.0773778473 0.5461342525 0.3818909167 2 0.5417414305 0.4215894163 2
0 0.5665683142 0.3861821133 0.0195618153 0.0634672231 0.5694830247 0.4015488315 2 0.5619309414 0.3686784611 2
0 0.5548953443 0.3226395409 0.0288536776 0.0452095288 0.5636718750 0.3251856627 2 0.5449218750 0.3161578850 2
0 0.5685886150 0.2687358720 0.0308098592 0.0539036689 0.5634114583 0.2756486257 2 0.5783854167 0.2506486257 2
0 0.5400957442 0.2310129639 0.0210289515 0.0669448792 0.5388358410 0.2456417670 2 0.5406587577 0.2136973225 2
0 0.5221293036 0.2282289070 0.0210289515 0.0643366371 0.5214843750 0.2195443733 2 0.5251302083 0.2519517807 2
0 0.5013568292 0.1880832319 0.0308098592 0.0582507390 0.4978491512 0.1982823705 2 0.5108699846 0.1737453335 2
0 0.5218847809 0.1318031647 0.0224960876 0.0634672231 0.5261718750 0.1448615887 2 0.5196614583 0.1099078850 2
0 0.5473151408 0.1622326552 0.0254303599 0.0512954269 0.5447916667 0.1788893664 2 0.5470052083 0.1492597368 2
0 0.4700723244 0.2820272803 0.0391763389 0.0499256168 0.4629073393 0.2755455695 2 0.4773799358 0.2948615176 2
0 0.4702904930 0.2274387063 0.0347222222 0.0443401148 0.4813802083 0.2367597368 2 0.4641927083 0.2138430701 2
0 0.4350792254 0.2143974961 0.0357003130 0.0478177708 0.4454427083 0.2140745516 2 0.4246093750 0.2108338109 2
0 0.4319004304 0.2804729612 0.0273865415 0.0617283951 0.4282552083 0.2888430701 2 0.4360677083 0.2640745516 2
0 0.4045138889 0.2552599548 0.0322769953 0.0391236307 0.3970052083 0.2571301072 2 0.4169270833 0.2603708479 2
0 0.3744375978 0.2804729612 0.0298317684 0.0599895670 0.3764322917 0.2925467738 2 0.3710937500 0.2640745516 2
0 0.3914357286 0.1994570992 0.0273865415 0.0556424970 0.3954764660 0.2046266778 2 0.3838879244 0.1789322334 2
0 0.4630219201 0.1583850152 0.0417030734 0.0363859425 0.4721709634 0.1534491814 2 0.4527832335 0.1623210020 2
0 0.4426594288 0.1083289863 0.0283646322 0.0478177708 0.4365885417 0.1133801072 2 0.4537760417 0.0923152924 2
0 0.3607443271 0.2296122413 0.0180946792 0.0573813250 0.3582031250 0.2089819590 2 0.3618489583 0.2497226998 2
0 0.3441167840 0.2322204834 0.0151604069 0.0556424970 0.3440104167 0.2193986257 2 0.3446614583 0.2474078850 2
0 0.3277337637 0.3004694836 0.0224960876 0.0547730829 0.3274739583 0.2872226998 2 0.3302083333 0.3177782553 2
0 0.3503942249 0.3423868313 0.0198905625 0.0724279835 0.3513965672 0.3378531090 2 0.3456467739 0.3735428086 2
0 0.3074383803 0.3626325856 0.0200508607 0.0591201530 0.3067708333 0.3513430701 2 0.3087239583 0.3830560331 2
0 0.3509732003 0.1356015379 0.0312989045 0.0443401148 0.3578125000 0.1385258548 2 0.3407552083 0.1378314103 2
0 0.1382286776 0.6169361850 0.0249413146 0.0478177708 0.1333333333 0.6103708479 2 0.1393229167 0.6272689961 2
0 0.1015502739 0.5747696053 0.0288536776 0.0434707007 0.1066406250 0.5830560331 2 0.0934895833 0.5663893664 2
0 0.1624364241 0.4973917580 0.0283646322 0.0347765606 0.1707031250 0.5001856627 2 0.1585937500 0.4987967738 2
0 0.2054724178 0.4274039298 0.0166275430 0.0547730829 0.2053385417 0.4145375146 2 0.2050781250 0.4427782553 2
0 0.2238116197 0.3091636237 0.0327660407 0.0356459746 0.2304687500 0.3015745516 2 0.2140625000 0.3187041812 2
0 0.1898229656 0.3339419231 0.0264084507 0.0382542167 0.1910156250 0.3281949220 2 0.1800781250 0.3478708479 2
0 0.1925127152 0.2913406364 0.0288536776 0.0330377326 0.1950520833 0.2927782553 2 0.2065104167 0.2862967738 2
0 0.1981367371 0.2404799165 0.0176056338 0.0634672231 0.1986984958 0.2291337118 2 0.1947511274 0.2671545451 2
0 0.1841989437 0.2083115980 0.0132042254 0.0599895670 0.1829427083 0.1983338109 2 0.1832031250 0.2316671442 2
0 0.1592576291 0.2504781777 0.0249413146 0.0434707007 0.1528645833 0.2432412183 2 0.1686197917 0.2603708479 2
0 0.1482541080 0.2935141714 0.0293427230 0.0391236307 0.1526041667 0.2888430701 2 0.1412760417 0.2946301072 2
0 0.1653706964 0.3361154582 0.0215179969 0.0739001913 0.1644531250 0.3169359953 2 0.1631510417 0.3601585211 2
0 0.1555897887 0.4195792036 0.0205399061 0.0669448792 0.1540364583 0.4034264035 2 0.1566406250 0.4402319590 2
0 0.1795530125 0.4508781082 0.0244522692 0.0512954269 0.1750000000 0.4404634405 2 0.1830729167 0.4631486257 2
0 0.1846879890 0.3952356112 0.0220070423 0.0617283951 0.1786458333 0.3825930701 2 0.1847656250 0.4233338109 2
0 0.1411629499 0.3826291080 0.0190727700 0.0608589810 0.1407552083 0.3668523294 2 0.1397135417 0.4041208479 2
0 0.1431191315 0.4508781082 0.0180946792 0.0756390193 0.1403645833 0.4446301107 2 0.1397135417 0.4728708514 2
0 0.1213481894 0.4593529628 0.0215011520 0.0299909195 0.1166666667 0.4474078850 2 0.1186197917 0.4684726998 2
0 0.1372505869 0.5512954269 0.0220070423 0.0695531212 0.1373697917 0.5450930737 2 0.1324218750 0.5714819626 2
0 0.1867254065 0.5664724975 0.0319504217 0.0531096041 0.1786172984 0.5722857551 2 0.1976842634 0.5600957274 2
0 0.2172095070 0.6382368284 0.0205399061 0.0591201530 0.2147135417 0.6300467738 2 0.2179687500 0.6525004775 2
0 0.2670921362 0.5139106242 0.0234741784 0.0608589810 0.2667968750 0.5043523294 2 0.2662760417 0.5335189961 2
0 0.2269904147 0.3834985220 0.0205399061 0.0625978091 0.2266927083 0.3754171442 2 0.2261718750 0.4027319590 2
0 0.1741735133 0.6251956182 0.0244522692 0.0365153886 0.1700520833 0.6187041812 2 0.1800781250 0.6305097368 2
0 0.7387764085 0.7686489306 0.0190727700 0.0556424970 0.7423177083 0.7636115887 2 0.7352864583 0.7941671442 2
0 0.6888937793 0.5473830638 0.0190727700 0.0686837072 0.6877604167 0.5402319626 2 0.6927083333 0.5721764070 2
0 0.6238507433 0.5573813250 0.0190727700 0.0765084333 0.6253906250 0.5710189996 2 0.6207031250 0.5395375181 2
0 0.5913292254 0.5034776561 0.0176056338 0.0608589810 0.5907552083 0.5168523294 2 0.5936197917 0.4918523294 2
0 0.5781250000 0.4682663885 0.0215179969 0.0582507390 0.5833333333 0.4518060331 2 0.5744791667 0.4872226998 2
0 0.6111355634 0.4952182229 0.0200508607 0.0669448792 0.6115885417 0.4779634405 2 0.6074218750 0.5150004775 2
0 0.6440586420 0.4569272977 0.0313271605 0.0389574760 0.6381527602 0.4598016386 2 0.6522563903 0.4494292106 2
0 0.6082012911 0.4269692227 0.0425469484 0.0504260129 0.6139322917 0.4187041812 2 0.5981770833 0.4298152924 2
0 0.5976868153 0.3682837767 0.0254303599 0.0617283951 0.5938802083 0.3825930701 2 0.6013020833 0.3520375146 2
0 0.6247617262 0.3629687591 0.0257851895 0.0584478062 0.6279557426 0.3824247887 2 0.6247871395 0.3547173211 2
0 0.5984203834 0.3065553817 0.0239632238 0.0565119110 0.6028645833 0.3159264035 2 0.5953125000 0.2844449220 2
0 0.6265404930 0.2982959485 0.0254303599 0.0608589810 0.6321614583 0.3106023294 2 0.6209635417 0.2775004775 2
0 0.6157814945 0.2426534516 0.0293427230 0.0539036689 0.6126302083 0.2534264035 2 0.6233072917 0.2302782553 2
0 0.5680995696 0.1991827508 0.0190727700 0.0678142932 0.5694010417 0.1890745516 2 0.5703125000 0.2191671442 2
0 0.5905956573 0.1974439228 0.0190727700 0.0643366371 0.5977864583 0.2036578850 2 0.5835937500 0.1756486257 2
0 0.6094239045 0.1683185533 0.0283646322 0.0686837072 0.6049479167 0.1592134440 2 0.6172681698 0.1856451926 2
0 0.6690874413 0.2535211268 0.0264084507 0.0634672231 0.6735677083 0.2691671442 2 0.6667968750 0.2302782553 2
0 0.6612627152 0.3248130760 0.0215179969 0.0652060511 0.6643879033 0.3113040199 2 0.6655712050 0.3449594216 2
0 0.6556386933 0.3791514519 0.0308098592 0.0486871848 0.6510128686 0.3818375555 2 0.6684895833 0.3677782553 2
0 0.6898718701 0.3521996175 0.0180946792 0.0643366371 0.6935886179 0.3315942320 2 0.6875440368 0.3647640642 2
0 0.6835142801 0.3126412798 0.0161384977 0.0512954269 0.6821614583 0.3050467738 2 0.6821614583 0.3342134405 2
0 0.7047877543 0.3074247957 0.0185837246 0.0599895670 0.7046875000 0.3275004775 2 0.7040364583 0.2932412183 2
0 0.6930506651 0.2330898974 0.0293427230 0.0521648409 0.6846641481 0.2237967738 2 0.7052370647 0.2367597368 2
0 0.7082110720 0.1631020692 0.0273865415 0.0547730829 0.7050781250 0.1735652924 2 0.7126302083 0.1541208479 2
0 0.6724007238 0.1628509052 0.0232541080 0.0542707548 0.6725101238 0.1754106866 2 0.6741986891 0.1520286252 2
0 0.6957404147 0.1165884194 0.0278755869 0.0591201530 0.7032552083 0.1075930701 2 0.6902343750 0.1288893664 2
0 0.6453434729 0.1322446338 0.0366278691 0.0417183485 0.6360361787 0.1346080296 2 0.6578160254 0.1243335826 2
0 0.6365659233 0.0900712919 0.0180946792 0.0530342549 0.6375000000 0.0786578850 2 0.6356770833 0.1052782553 2
0 0.6282521518 0.0487741262 0.0278755869 0.0521648409 0.6358311126 0.0358608991 2 0.6222040634 0.0612440409 2
0 0.6563722613 0.0513823683 0.0185837246 0.0539036689 0.6555989583 0.0596764035 2 0.6544270833 0.0386115887 2
0 0.5984203834 0.0596418014 0.0190727700 0.0460789428 0.5996093750 0.0742597368 2 0.5963541667 0.0464819590 2
0 0.5637622805 0.0598910334 0.0264084507 0.0452095288 0.5606582877 0.0693947825 2 0.5707853404 0.0480311250 2
0 0.5556289124 0.0187793427 0.0234741784 0.0304294905 0.0000000000 0.0000000000 0 0.0000000000 0.0000000000 0
0 0.5301985524 0.0205181708 0.0176056338 0.0408624587 0.5308593750 0.0307412183 2 0.5321614583 0.0089819590 2
0 0.4707795383 0.0535559033 0.0220070423 0.0652060511 0.4738268260 0.0668132411 2 0.4708971385 0.0339849583 2
0 0.4336120892 0.0583376804 0.0298317684 0.0382542167 0.4369791667 0.0680097368 2 0.4216590966 0.0497407100 2
0 0.4168258781 0.0955621245 0.0278755869 0.0391236307 0.4251302083 0.0853708479 2 0.4130110054 0.1044079955 2
0 0.4062255477 0.0505129543 0.0210289515 0.0521648409 0.4080782050 0.0358011805 2 0.4074218750 0.0684726998 2
0 0.3857215050 0.0822253135 0.0215179969 0.0521648409 0.3777343750 0.0881486257 2 0.3912760417 0.0719449220 2
0 0.3746821205 0.0379064511 0.0303208138 0.0339071466 0.3670572917 0.0332875146 2 0.3858909159 0.0355542556 2
0 0.3037705399 0.2235263432 0.0224960876 0.0573813250 0.3089843750 0.2427782553 2 0.2966145833 0.2136115887 2
0 0.3084164710 0.1791862285 0.0317879499 0.0365153886 0.3148437500 0.1784264035 2 0.2977864583 0.1800467738 2
0 0.2817634977 0.1983133368 0.0205399061 0.0469483568 0.2785156250 0.1900004775 2 0.2886718750 0.2078245516 2
0 0.3243104460 0.2283081203 0.0185837246 0.0669448792 0.3256510417 0.2302782553 2 0.3178385417 0.2573615887 2
0 0.2976574726 0.1335419927 0.0190727700 0.0582507390 0.2981205254 0.1233625265 2 0.2920908723 0.1576294338 2
0 0.2826492132 0.1221005043 0.0190727700 0.0686837072 0.2863281250 0.0985652959 2 0.2834249614 0.1283492465 2
0 0.2900772692 0.0692053556 0.0283646322 0.0530342549 0.2847554246 0.0577525648 2 0.2963056697 0.0764278934 2
0 0.6661531690 0.5456442358 0.0264084507 0.0617283951 0.6653645833 0.5356023294 2 0.6756510417 0.5636115887 2
0 0.6732443271 0.4482698661 0.0190727700 0.0652060511 0.6730468750 0.4650004775 2 0.6761718750 0.4312041812 2
0 0.6950068466 0.4508781082 0.0224960876 0.0617283951 0.6990885417 0.4397689961 2 0.6881510417 0.4744912183 2
0 0.6866930751 0.3965397322 0.0273865415 0.0417318727 0.6796875000 0.3941671442 2 0.6933593750 0.4075930701 2
0 0.7285064554 0.3356807512 0.0259194053 0.0486871848 0.7211968059 0.3453530754 2 0.7356499309 0.3228993717 2
0 0.7309516823 0.2796035472 0.0347222222 0.0339071466 0.7402343750 0.2788893664 2 0.7179687500 0.2862967738 2
0 0.7928680882 0.2266910103 0.0244522692 0.0539036689 0.8006365741 0.2366619277 2 0.7890480324 0.2169860018 2
0 0.7527142019 0.2191792732 0.0215179969 0.0625978091 0.7593750000 0.2307412183 2 0.7453125000 0.2064356627 2
0 0.7478237480 0.1561467571 0.0195618153 0.0547730829 0.7532552083 0.1663893664 2 0.7428385417 0.1416208479 2
0 0.7686081768 0.1418014258 0.0220070423 0.0573813250 0.7704427083 0.1497226998 2 0.7647135417 0.1228708479 2
0 0.6815580986 0.0535559033 0.0220070423 0.0547730829 0.6835937500 0.0619912183 2 0.6891927083 0.0400004775 2
0 0.7277728873 0.2187445662 0.0244522692 0.0356459746 0.7218750000 0.2152319590 2 0.7376302083 0.2161578850 2
0 0.7629841549 0.2904712224 0.0185837246 0.0730307773 0.7642306094 0.3030199559 2 0.7676160260 0.2703810671 2
0 0.7779000391 0.2887323944 0.0161384977 0.0573813250 0.7816406250 0.2821301072 2 0.7772135417 0.3119912183 2
0 0.7779000391 0.1096331073 0.0239632238 0.0521648409 0.7842447917 0.1189356627 2 0.7730468750 0.0955560331 2
0 0.7453785211 0.0718135976 0.0234741784 0.0530342549 0.7390625000 0.0580560331 2 0.7523437500 0.0821301072 2
0 0.7119992719 0.0535984080 0.0202915797 0.0461639522 0.7062500000 0.0479327355 2 0.7159722222 0.0639821182 2
0 0.7703198357 0.0487741262 0.0156494523 0.0486871848 0.7707031250 0.0571301072 2 0.7712239583 0.0346764035 2
0 0.8224031690 0.1183272474 0.0259194053 0.0434707007 0.8266927083 0.1247226998 2 0.8194010417 0.1027319590 2
0 0.8715242458 0.1521020499 0.0155934837 0.0519001526 0.8739781008 0.1363306460 2 0.8709356765 0.1644610929 2
0 0.8524438685 0.2009341371 0.0253591767 0.0365405050 0.8484586800 0.1982956877 2 0.8595790193 0.2006289800 2
0 0.8150674883 0.2165710311 0.0200508607 0.0660754651 0.8154947917 0.2224078850 2 0.8158854167 0.1981023294 2
0 0.7920823552 0.3187271779 0.0239632238 0.0512954269 0.7946614583 0.3117597368 2 0.7865885417 0.3342134405 2
0 0.8784317401 0.2521416565 0.0206056555 0.0381035182 0.8815117133 0.2573899199 2 0.8754158735 0.2426587344 2
0 0.8620158451 0.3135106938 0.0249413146 0.0495565989 0.8610677083 0.3015745516 2 0.8707031250 0.3272689961 2
0 0.8294943271 0.3548078595 0.0176056338 0.0625978091 0.8261718750 0.3696301072 2 0.8279947917 0.3376856627 2
0 0.8233812598 0.4339245349 0.0200508607 0.0573813250 0.8278645833 0.4492597368 2 0.8192708333 0.4154634405 2
0 0.7930604460 0.4404451400 0.0278755869 0.0495565989 0.7847656250 0.4302782553 2 0.8027343750 0.4478708479 2
0 0.7595608372 0.4487045731 0.0205399061 0.0591201530 0.7634114583 0.4312041812 2 0.7558593750 0.4599078850 2
0 0.7358421362 0.4278386368 0.0190727700 0.0660754651 0.7342447917 0.4455560331 2 0.7372395833 0.4126856627 2
0 0.7791226526 0.3743696748 0.0185837246 0.0634672231 0.7792968750 0.3825930701 2 0.7760416667 0.3592134405 2
0 0.8084653756 0.3665449487 0.0234741784 0.0599895670 0.8057049374 0.3733720716 2 0.8164820520 0.3503497646 2
0 0.8165642388 0.2862613265 0.0230443619 0.0658011167 0.8143513400 0.2885699719 2 0.8189870974 0.2584659610 2
0 0.7441559077 0.5099982612 0.0268974961 0.0512954269 0.7490885417 0.5129171442 2 0.7320312500 0.5103708479 2
0 0.7720314945 0.4943488089 0.0220070423 0.0634672231 0.7769531250 0.4719449220 2 0.7673177083 0.5048152924 2
0 0.7918378326 0.4943488089 0.0176056338 0.0565119110 0.7858072917 0.5055097368 2 0.7955729167 0.4775004775 2
0 0.8121332160 0.5234741784 0.0171165884 0.0556424970 0.8113281250 0.5362967738 2 0.8147135417 0.5075930701 2
0 0.8395197574 0.4786993566 0.0190727700 0.0582507390 0.8428385417 0.4622226998 2 0.8371093750 0.4962504775 2
0 0.7771664710 0.5634672231 0.0224960876 0.0678142932 0.7777343750 0.5659264035 2 0.7807291667 0.5411578850 2
0 0.7399990219 0.5747696053 0.0215179969 0.0556424970 0.7464843750 0.5606023294 2 0.7381510417 0.5876856627 2
0 0.7111453443 0.5895496435 0.0283646322 0.0556424970 0.7154947917 0.5858338109 2 0.7080729167 0.6025004775 2
0 0.7485573161 0.6591027647 0.0239632238 0.0730307773 0.7490885417 0.6589819626 2 0.7415730506 0.6811246337 2
0 0.7552629434 0.6937489132 0.0246592984 0.0541644931 0.7576062189 0.6775187156 2 0.7496728603 0.7084214934 2
0 0.7842576291 0.6743175100 0.0190727700 0.0739001913 0.7851635857 0.6562679766 2 0.7854308554 0.6961901451 2
0 0.8522349374 0.6673621979 0.0171165884 0.0652060511 0.8553385417 0.6585189961 2 0.8540364583 0.6849078850 2
0 0.8466109155 0.3482872544 0.0156494523 0.0634672231 0.0000000000 0.0000000000 0 0.0000000000 0.0000000000 0
0 0.8510123239 0.3852373500 0.0234741784 0.0504260129 0.8500030565 0.3976339326 2 0.8585968065 0.3754117104 2
0 0.8901359546 0.4065379934 0.0205399061 0.0495565989 0.8896817537 0.4165589022 2 0.8951505037 0.3961885318 2
0 0.9219239045 0.4147974265 0.0254303599 0.0417318727 0.9154947917 0.4136115887 2 0.9320312500 0.4219449220 2
0 0.8705741393 0.4730481655 0.0303208138 0.0399930447 0.8648437500 0.4735652924 2 0.8768229167 0.4691671442 2
0 0.8507678013 0.5213006434 0.0161384977 0.0495565989 0.8480468750 0.5437041812 2 0.8527343750 0.5122226998 2
0 0.9004059077 0.4608763693 0.0224960876 0.0521648409 0.9037760417 0.4527319590 2 0.8955729167 0.4818986257 2
0 0.8969825900 0.3300295601 0.0205399061 0.0565119110 0.8993489583 0.3455560331 2 0.8925012226 0.3183857590 2
0 0.8730193662 0.3839332290 0.0215179969 0.0756390193 0.8819010417 0.3538893700 2 0.8696614583 0.3858338144 2
0 0.8960044992 0.2309163624 0.0195618153 0.0495565989 0.8966145833 0.2196866191 2 0.8993489583 0.2432977302 2
0 0.2533988654 0.6838810642 0.0185837246 0.0634672231 0.2526041667 0.6650004775 2 0.2516927083 0.6953245516 2
0 0.2922779734 0.4821770127 0.0220070423 0.0512954269 0.2867187500 0.4895375146 2 0.2967447917 0.4656949220 2
0 0.3133069249 0.4300121718 0.0151604069 0.0599895670 0.3138020833 0.4467134405 2 0.3136718750 0.4173152924 2
0 0.2937451095 0.4100156495 0.0200508607 0.0582507390 0.2936197917 0.3900004775 2 0.2979166667 0.4136115887 2
0 0.2712490219 0.3908885411 0.0200508607 0.0617283951 0.2709635417 0.3821301072 2 0.2709635417 0.4108338109 2
0 0.2526652973 0.3948009042 0.0268974961 0.0312989045 0.2411458333 0.3900004775 2 0.2578125000 0.3916208479 2
0 0.2888546557 0.3587202226 0.0200508607 0.0495565989 0.2902343750 0.3427782553 2 0.2904947917 0.3756486257 2
0 0.2780956573 0.3187271779 0.0298317684 0.0373848026 0.2833333333 0.3124541812 2 0.2705729167 0.3145375146 2
0 0.2355487089 0.2413493306 0.0239632238 0.0408624587 0.2428385417 0.2400004775 2 0.2276041667 0.2351393664 2
0 0.2123190532 0.1209354895 0.0224960876 0.0573813250 0.2136718750 0.1133801072 2 0.2080729167 0.1437041812 2
0 0.1714837637 0.1478873239 0.0239632238 0.0469483568 0.1742187500 0.1416208479 2 0.1652343750 0.1636115887 2
0 0.1631699922 0.1974439228 0.0239632238 0.0434707007 0.1563802083 0.1964819590 2 0.1697916667 0.1886115887 2
0 0.1355389280 0.2461311076 0.0185837246 0.0452095288 0.1355468750 0.2629171442 2 0.1350260417 0.2404634405 2
0 0.0890796166 0.1996174578 0.0195618153 0.0495565989 0.0880208333 0.2089819590 2 0.0877604167 0.1853708479 2
0 0.0878570031 0.2630846809 0.0200508607 0.0547730829 0.0858072917 0.2721709696 2 0.0852864583 0.2462450437 2
0 0.1269806338 0.1774474005 0.0200508607 0.0556424970 0.1286458333 0.1862967738 2 0.1246093750 0.1643060331 2
0 0.2103628717 0.0479047122 0.0185837246 0.0434707007 0.2095052083 0.0386115887 2 0.2170572917 0.0615282553 2
0 0.0956817293 0.6534515736 0.0220070423 0.0565119110 0.0939886875 0.6406740837 2 0.0917248381 0.6671348117 2
0 0.1228237480 0.7273517649 0.0234741784 0.0391236307 0.1187500000 0.7226393664 2 0.1300781250 0.7293523294 2
0 0.2428843897 0.6225873761 0.0220070423 0.0417318727 0.2351562500 0.6212504775 2 0.2468750000 0.6321301072 2
0 0.2335925274 0.6751869240 0.0190727700 0.0582507390 0.2325520833 0.6622226998 2 0.2303385417 0.6879171442 2
0 0.6996527778 0.8760215615 0.0210289515 0.0582507390 0.0000000000 0.0000000000 0 0.0000000000 0.0000000000 0
0 0.7651848592 0.7899495740 0.0180946792 0.0565119110 0.7634114583 0.7793523294 2 0.7684895833 0.8048152924 2
0 0.7529587246 0.8142931664 0.0171165884 0.0547730829 0.7535156250 0.7971764035 2 0.7506829963 0.8287393515 2
0 0.7825459703 0.7399582681 0.0224960876 0.0521648409 0.7852864583 0.7302782553 2 0.7819010417 0.7555097368 2
0 0.8057756260 0.7099634846 0.0171165884 0.0582507390 0.8083333333 0.6999541812 2 0.8044270833 0.7268060331 2
0 0.8243593505 0.7395235611 0.0200508607 0.0495565989 0.8286458333 0.7339819590 2 0.8184895833 0.7550467738 2
0 0.8267662689 0.7902693251 0.0219304251 0.0397631330 0.8235531559 0.7864037421 2 0.8345799635 0.7978225995 2
0 0.8082208529 0.6191097200 0.0288536776 0.0399930447 0.7998697917 0.6126856627 2 0.8126302083 0.6235652924 2
0 0.8133558294 0.5747696053 0.0283646322 0.0330377326 0.8212239583 0.5809726998 2 0.8053385417 0.5830560331 2
0 0.8698405712 0.5504260129 0.0161384977 0.0591201530 0.8712239583 0.5478708479 2 0.8656250000 0.5680097368 2
0 0.8884242958 0.5256477134 0.0200508607 0.0582507390 0.8912760417 0.5386115887 2 0.8895833333 0.5147689961 2
0 0.8732638889 0.6238914971 0.0229851330 0.0339071466 0.8670572917 0.6193986257 2 0.8774739583 0.6344449220 2
0 0.8791324335 0.6521474526 0.0249413146 0.0330377326 0.8812617299 0.6514742563 2 0.8683517247 0.6542345627 2
0 0.8309614632 0.6856198922 0.0215179969 0.0530342549 0.8375000000 0.6754171442 2 0.8288429315 0.7016400720 2
0 0.8522349374 0.7403929751 0.0210289515 0.0478177708 0.8545572917 0.7337504775 2 0.8457031250 0.7481023294 2
0 0.9082306338 0.5686837072 0.0224960876 0.0347765606 0.9106770833 0.5714819590 2 0.9001302083 0.5624541812 2
0 0.9241246088 0.6047643888 0.0190727700 0.0547730829 0.9282552083 0.5886115887 2 0.9220052083 0.6191671442 2
0 0.7964837637 0.1722309164 0.0278755869 0.0399930447 0.7906250000 0.1801858219 2 0.7987847222 0.1616673034 2
0 0.8038194444 0.1287602156 0.0210289515 0.0521648409 0.8018229167 0.1193986257 2 0.8070312500 0.1474078850 2
0 0.7996625587 0.0735524257 0.0273865415 0.0373848026 0.7963541667 0.0756486257 2 0.8066406250 0.0770375146 2
0 0.9507775822 0.5373848026 0.0146713615 0.0608589810 0.9527343750 0.5288893664 2 0.9511718750 0.5501856627 2
0 0.9612920579 0.4704399235 0.0151604069 0.0591201530 0.9621093750 0.4594449220 2 0.9652343750 0.4823615887 2
0 0.9776976287 0.4542987693 0.0166726439 0.0368071253 0.9825671886 0.4641416009 2 0.9758109569 0.4472864856 2
0 0.1015502739 0.5021735350 0.0190727700 0.0495565989 0.1023258325 0.5054782850 2 0.0980966506 0.4820038733 2
0 0.1233127934 0.3978438532 0.0166275430 0.0408624587 0.1257633325 0.4073301369 2 0.1215341506 0.3838557251 2
0 0.1061962050 0.3730655538 0.0166275430 0.0486871848 0.1123697917 0.3564356627 2 0.1058593750 0.3812041812 2
0 0.1247799296 0.3322030951 0.0166275430 0.0643366371 0.1273437500 0.3110500194 2 0.1273437500 0.3357413775 2
0 0.1255134977 0.2878629804 0.0200508607 0.0434707007 0.1197916667 0.2795838109 2 0.1290364583 0.2960189961 2
0 0.1514329030 0.1500608590 0.0180946792 0.0634672231 0.1493489583 0.1550467738 2 0.1546875000 0.1335189961 2
0 0.0619375978 0.5121717962 0.0200508607 0.0521648409 0.0601562500 0.4904634405 2 0.0638020833 0.5168523294 2
0 0.0871234351 0.4300121718 0.0146713615 0.0530342549 0.0861979167 0.4219449220 2 0.0852864583 0.4437041812 2
0 0.2243006651 0.1717962094 0.0239632238 0.0408624587 0.0000000000 0.0000000000 0 0.0000000000 0.0000000000 0
0 0.2365267997 0.1213701965 0.0151604069 0.0512954269 0.2339843750 0.1207875146 2 0.2373697917 0.1018060331 2
0 0.2541324335 0.1022430882 0.0171165884 0.0617283951 0.2550781250 0.1106023294 2 0.2552083333 0.0807412183 2
0 0.1223347027 0.1270213876 0.0244522692 0.0312989045 0.1268229167 0.1261115887 2 0.1162760417 0.1318986257 2
0 0.1856660798 0.0709441836 0.0151604069 0.0512954269 0.1829427083 0.0682412183 2 0.1828125000 0.0930097368 2
0 0.1577904930 0.0809424448 0.0288536776 0.0347765606 0.1649943435 0.0778135406 2 0.1519814821 0.0868225496 2
0 0.1321156103 0.0744218397 0.0166275430 0.0426012867 0.1382812500 0.0594449220 2 0.1321614583 0.0800467738 2
0 0.0951926839 0.0800730308 0.0141823161 0.0382542167 0.0942708333 0.0717134405 2 0.0972656250 0.0913893664 2
0 0.0890796166 0.3591549296 0.0234741784 0.0312989045 0.0970052083 0.3548152924 2 0.0863281250 0.3619912183 2
0 0.0811383157 0.1417812069 0.0254303599 0.0356459746 0.0820766715 0.1426167566 2 0.0710089632 0.1569686085 2
0 0.0671508216 0.1862593945 0.0146713615 0.0530342549 0.0678819444 0.1658339701 2 0.0639355357 0.1947810482 2
0 0.0455545775 0.0913754130 0.0166275430 0.0452095288 0.0496093750 0.0823615887 2 0.0430989583 0.0955560331 2
0 0.9439309468 0.2722135281 0.0146713615 0.0504260129 0.9473958333 0.2830560331 2 0.9421875000 0.2599078850 2
0 0.9123875196 0.1844027126 0.0229851330 0.0434707007 0.9170572917 0.1844449220 2 0.9045572917 0.1733338109 2
0 0.9001613850 0.1348461137 0.0190727700 0.0347765606 0.8989583333 0.1342134405 2 0.9066406250 0.1423152924 2
0 0.9482060185 0.1427288008 0.0237268519 0.0314148264 0.9569010417 0.1418523294 2 0.9397135417 0.1446301072 2
0 0.9285140628 0.1221507371 0.0205399061 0.0269518345 0.9336612654 0.1234709851 2 0.9236352238 0.1206932073 2
0 0.9678941706 0.1835332986 0.0176056338 0.0382542167 0.9748697917 0.1761115887 2 0.9651041667 0.1918523294 2
0 0.9700948748 0.2209181012 0.0180946792 0.0417318727 0.9664062500 0.2181487849 2 0.9733506944 0.2261734762 2
0 0.9825655321 0.2587376109 0.0176056338 0.0582507390 0.9809895833 0.2460189961 2 0.9826822917 0.2691671442 2
0 0.9644708529 0.2856894453 0.0146713615 0.0495565989 0.9636718750 0.2645375146 2 0.9636718750 0.2807412183 2
0 0.9133914211 0.1050377712 0.0111964224 0.0308023725 0.9120547150 0.0956046578 2 0.9163708536 0.1082649661 2
0 0.9084751565 0.4973917580 0.0141823161 0.0452095288 0.9087239583 0.5057412183 2 0.9108072917 0.4812041812 2
0 0.9182560642 0.5230394714 0.0171165884 0.0512954269 0.9159453247 0.5314153334 2 0.9184444847 0.5096749706 2
0 0.9295041080 0.5569466180 0.0220070423 0.0373848026 0.9270833333 0.5506486257 2 0.9352864583 0.5603708479 2
0 0.8490561424 0.1300643366 0.0156494523 0.0530342549 0.8511718750 0.1168523294 2 0.8484990044 0.1402092863 2
0 0.7397544992 0.0239958268 0.0278755869 0.0269518345 0.7467447917 0.0168523294 2 0.7311197917 0.0233338109 2
0 0.2575299404 0.1961910006 0.0224672883 0.0521899573 0.2598958333 0.1779634405 2 0.2524739583 0.2106023294 2
0 0.6392556729 0.5439054078 0.0185837246 0.0756390193 0.6394747851 0.5267501293 2 0.6382712378 0.5660912146 2
0 0.1695275822 0.0496435403 0.0210289515 0.0295600765 0.1686631944 0.0522537231 2 0.1785590278 0.0399080441 2
0 0.2208773474 0.1557120501 0.0229851330 0.0399930447 0.0000000000 0.0000000000 0 0.0000000000 0.0000000000 0
0 0.8798660016 0.5930272996 0.0146713615 0.0556424970 0.8762560964 0.5785799233 2 0.8806403793 0.6049562660 2
0 0.6903609155 0.9103634151 0.0249413146 0.0417318727 0.0000000000 0.0000000000 0 0.0000000000 0.0000000000 0
0 0.6705545775 0.9807859503 0.0215179969 0.0312989045 0.6715396235 0.9861431584 2 0.6710258814 0.9944280125 2
0 0.7737431534 0.9034081029 0.0234741784 0.0573813250 0.7759114583 0.8879171442 2 0.7779947917 0.9110652924 2
0 0.8062646714 0.8868892367 0.0239632238 0.0573813250 0.8082031250 0.8814356627 2 0.8010416667 0.9006486257 2
0 0.0861453443 0.4795687706 0.0127151800 0.0426012867 0.0871514329 0.4678047671 2 0.0846687940 0.4840084708 2
0 0.3301789906 0.0357329160 0.0264084507 0.0417318727 0.3373697917 0.0247226998 2 0.3389322917 0.0450930701 2
0 0.9678941706 0.5286906625 0.0185837246 0.0643366371 0.9678385417 0.5180097368 2 0.9658854167 0.5374541812 2
0 0.4318672840 0.3643347051 0.0251543210 0.0340192044 0.4382812500 0.3682412183 2 0.4207031250 0.3624541812 2
0 0.4353237480 0.3965397322 0.0224960876 0.0417318727 0.4395306374 0.3831656794 2 0.4283789215 0.4074775547 2
0 0.9444199922 0.4752217006 0.0166275430 0.0426012867 0.9465277778 0.4584265627 2 0.9427083333 0.4852784145 2
0 0.9419747653 0.4547904712 0.0205399061 0.0556424970 0.9403645833 0.4504171442 2 0.9449218750 0.4358338109 2
0 0.9307267214 0.2452616936 0.0146713615 0.0452095288 0.9300781250 0.2325930701 2 0.9324218750 0.2552782553 2
0 0.9309712441 0.3091636237 0.0171165884 0.0512954269 0.9317708333 0.2948615887 2 0.9279947917 0.3247226998 2
0 0.9165444053 0.3487219614 0.0156494523 0.0521648409 0.9183593750 0.3506486257 2 0.9182291667 0.3256486257 2
0 0.9312157668 0.3726308468 0.0117370892 0.0547730829 0.9307291667 0.3737967738 2 0.9321614583 0.3515745516 2
0 0.9414857199 0.3617631716 0.0117370892 0.0399930447 0.9396234351 0.3549223141 2 0.9429567684 0.3720088775 2
0 0.9522447183 0.3665449487 0.0117370892 0.0426012867 0.9523437500 0.3492597368 2 0.9506510417 0.3726393664 2
0 0.9605584898 0.3891497131 0.0136932707 0.0512954269 0.9636718750 0.3700930701 2 0.9627604167 0.3886115887 2
0 0.9683832160 0.3456790123 0.0185837246 0.0391236307 0.9640619044 0.3420436210 2 0.9737039984 0.3536857779 2
0 0.9840326682 0.3761085029 0.0156494523 0.0547730829 0.9851562500 0.3585189961 2 0.9855468750 0.3876856627 2
0 0.0549382716 0.3279835391 0.0135802469 0.0367626886 0.0570312500 0.3224078850 2 0.0522836681 0.3374734076 2
0 0.0480709877 0.1670781893 0.0131172840 0.0320987654 0.0490885417 0.1619912183 2 0.0443235636 0.1776526808 2
0 0.2703703704 0.6972565158 0.0132716049 0.0666666667 0.2694010417 0.6886115887 2 0.2700520833 0.7108338109 2
0 0.6075617284 0.9817558299 0.0155864198 0.0326474623 0.6081331056 0.9852516610 2 0.6063773853 0.9968415101 2
0 0.6413580247 0.9877914952 0.0158950617 0.0200274348 0.6423283221 0.9933188210 2 0.6460138804 0.9993106111 2
0 0.9368055556 0.1016460905 0.0154320988 0.0282578875 0.9325051319 0.0982581077 2 0.9409007032 0.1073671612 2
0 0.8453703704 0.7888888889 0.0146604938 0.0348422497 0.8441413323 0.7791819415 2 0.8449146734 0.7978894298 2
