0 0.1846879890 0.7338723700 0.0220070423 0.0539036689 0.1798177083 0.7210189961 2 0.1897135417 0.7492597368 2
0 0.2110964397 0.7430012172 0.0239632238 0.0408624587 0.2027343750 0.7362967738 2 0.2171875000 0.7497226998 2
0 0.2533988654 0.8134237524 0.0215179969 0.0599895670 0.2527343750 0.7983338109 2 0.2535156250 0.8244912183 2
0 0.3446058294 0.8634150583 0.0278755869 0.0625978091 0.3358072917 0.8427782553 2 0.3470052083 0.8744912183 2
0 0.3737040297 0.8581985742 0.0254303599 0.0504260129 0.3768229167 0.8483338109 2 0.3671875000 0.8670838109 2
0 0.3700361894 0.8116849244 0.0337441315 0.0495565989 0.3602864583 0.8041208479 2 0.3778645833 0.8224078850 2
0 0.1455643584 0.8725439054 0.0268974961 0.0460789428 0.1407552083 0.8631486257 2 0.1514322917 0.8818986257 2
0 0.3974227308 0.9377499565 0.0229851330 0.0565119110 0.3990885417 0.9330560331 2 0.3936197917 0.9562041812 2
0 0.4123386150 0.8755868545 0.0283646322 0.0539036689 0.4178385417 0.8693986257 2 0.4121093750 0.8916208479 2
0 0.4343456573 0.8538515041 0.0244522692 0.0591201530 0.4307291667 0.8504171442 2 0.4377604167 0.8742597368 2
0 0.4668671753 0.9151451921 0.0180946792 0.0408624587 0.4680989583 0.9075930701 2 0.4654947917 0.9263430701 2
0 0.3971782081 0.8325508607 0.0224960876 0.0652060511 0.4025173611 0.7943833528 2 0.3974826389 0.8178401429 2
0 0.4015796166 0.7747348287 0.0244522692 0.0608589810 0.3985677083 0.7717134405 2 0.4065104167 0.7941671442 2
0 0.4304332942 0.7690836376 0.0352112676 0.0512954269 0.4352864583 0.7647689961 2 0.4188802083 0.7853708479 2
0 0.4074481612 0.7082246566 0.0254303599 0.0634672231 0.4087239583 0.7018060331 2 0.4134114583 0.7295838109 2
0 0.4514622457 0.6734480960 0.0264084507 0.0704225352 0.4506510417 0.6670838144 2 0.4574218750 0.6974078885 2
0 0.4798268779 0.6673621979 0.0254303599 0.0686837072 0.4785156250 0.6596764070 2 0.4830729167 0.6923152959 2
0 0.4888742175 0.7564771344 0.0210289515 0.0678142932 0.4910156250 0.7483338109 2 0.4904947917 0.7835189961 2
0 0.4864289906 0.8321161537 0.0210289515 0.0625978091 0.4867187500 0.8231023294 2 0.4855468750 0.8566671442 2
0 0.5045236698 0.8773256825 0.0288536776 0.0521648409 0.5011718750 0.8818986257 2 0.5131510417 0.8619912183 2
0 0.5336218701 0.8821074596 0.0195618153 0.0530342549 0.5359375000 0.8652319590 2 0.5308593750 0.8893060331 2
0 0.5619865023 0.8473308990 0.0195618153 0.0652060511 0.5626302083 0.8404634405 2 0.5640625000 0.8700930701 2
0 0.5387568466 0.7769083638 0.0376564945 0.0582507390 0.5377604167 0.7724078850 2 0.5493489583 0.7888430701 2
0 0.5905956573 0.8216831855 0.0180946792 0.0643366371 0.5923177083 0.8191671442 2 0.5906250000 0.8437041812 2
0 0.6404782864 0.8368979308 0.0268974961 0.0634672231 0.6407552083 0.8383801072 2 0.6472656250 0.8571301072 2
0 0.6238507433 0.7664753956 0.0190727700 0.0652060511 0.6259114583 0.7617597368 2 0.6229166667 0.7862967738 2
0 0.6619962833 0.7777777778 0.0288536776 0.0460789428 0.6527343750 0.7913893664 2 0.6636718750 0.7754171442 2
0 0.6143143584 0.8934098418 0.0185837246 0.0617283951 0.6152343750 0.8890745516 2 0.6149739583 0.9094449220 2
0 0.6453687402 0.9116675361 0.0278755869 0.0582507390 0.6501302083 0.9041208479 2 0.6407552083 0.9233338109 2
0 0.5233519171 0.7151799687 0.0195618153 0.0652060511 0.5214843750 0.7075930701 2 0.5227864583 0.7383801072 2
0 0.5551398670 0.7273517649 0.0185837246 0.0686837072 0.5542968750 0.7163893700 2 0.5535156250 0.7497227033 2
0 0.5739681142 0.7399582681 0.0180946792 0.0608589810 0.5734375000 0.7270375146 2 0.5731770833 0.7603708479 2
0 0.6035553599 0.7308294210 0.0293427230 0.0582507390 0.6076822917 0.7249541812 2 0.5988281250 0.7420838109 2
0 0.5874168623 0.6847504782 0.0224960876 0.0617283951 0.5877604167 0.6744912183 2 0.5910156250 0.6971764035 2
0 0.5612529343 0.6530168666 0.0200508607 0.0660754651 0.5630208333 0.6437041812 2 0.5600260417 0.6728708479 2
0 0.5323992567 0.6564945227 0.0259194053 0.0643366371 0.5308593750 0.6492597368 2 0.5402343750 0.6744912183 2
0 0.6395001956 0.6382368284 0.0210289515 0.0660754651 0.6395833333 0.6288893664 2 0.6415364583 0.6527319590 2
0 0.6781347809 0.6134585290 0.0317879499 0.0530342549 0.0000000000 0.0000000000 0 0.0000000000 0.0000000000 0
0 0.6057560642 0.5756390193 0.0190727700 0.0660754651 0.6071614583 0.5589819590 2 0.6057291667 0.5876856627 2
0 0.5766578638 0.5621631021 0.0215179969 0.0704225352 0.5764322917 0.5474078885 2 0.5789062500 0.5812041848 2
0 0.5446253912 0.5639019301 0.0210289515 0.0686837072 0.5449218750 0.5531949220 2 0.5449218750 0.5839819590 2
0 0.5196840767 0.5143453312 0.0200508607 0.0721613632 0.5201822917 0.4904634440 2 0.5207031250 0.5210189996 2
0 0.4986551252 0.5543383759 0.0171165884 0.0617283951 0.5002604167 0.5390745516 2 0.5005208333 0.5712504775 2
0 0.4732247653 0.5708572422 0.0210289515 0.0704225352 0.4748697917 0.5849078885 2 0.4686197917 0.5464819626 2
0 0.4348347027 0.5608589810 0.0195618153 0.0765084333 0.4360677083 0.5485652959 2 0.4339843750 0.5786578885 2
0 0.4213859546 0.5030429491 0.0288536776 0.0356459746 0.4144531250 0.5052782553 2 0.4290364583 0.4978708479 2
0 0.3727259390 0.5821596244 0.0234741784 0.0704225352 0.3743489583 0.5724078885 2 0.3772135417 0.6001856663 2
0 0.3516969875 0.5634672231 0.0205399061 0.0678142932 0.3531250000 0.5487967738 2 0.3516927083 0.5747226998 2
0 0.3609888498 0.4969570509 0.0234741784 0.0739001913 0.3605468750 0.4888430737 2 0.3571614583 0.5237967774 2
0 0.3318906495 0.5047817771 0.0210289515 0.0669448792 0.3304687500 0.4978708479 2 0.3298177083 0.5219449220 2
0 0.2996136541 0.5152147453 0.0229851330 0.0669448792 0.3013020833 0.4982413775 2 0.2971354167 0.5321919947 2
0 0.2866539515 0.5656407581 0.0273865415 0.0617283951 0.2854166667 0.5578245516 2 0.2936197917 0.5786578850 2
0 0.3054821987 0.6030255608 0.0229851330 0.0739001913 0.3053385417 0.5948615922 2 0.3045572917 0.6263430737 2
0 0.2607345462 0.5812902104 0.0195618153 0.0652060511 0.2576822917 0.5693986257 2 0.2591145833 0.5964819590 2
0 0.2343260955 0.4704399235 0.0215179969 0.0660754651 0.2316406250 0.4499541812 2 0.2319010417 0.4851393664 2
0 0.2785847027 0.4504434011 0.0200508607 0.0643366371 0.2789062500 0.4367597368 2 0.2791666667 0.4689356627 2
0 0.3284673318 0.4226221527 0.0210289515 0.0765084333 0.3282552083 0.4080560366 2 0.3277343750 0.4404634440 2
0 0.3575655321 0.4156668405 0.0195618153 0.0730307773 0.3574218750 0.4048152959 2 0.3595052083 0.4367597403 2
0 0.3927767997 0.3356807512 0.0244522692 0.0712919492 0.3954427083 0.3214819626 2 0.3904947917 0.3529634440 2
0 0.4487724961 0.3261171970 0.0210289515 0.0765084333 0.4494791667 0.3094449255 2 0.4493489583 0.3441671477 2
0 0.5257971440 0.3261171970 0.0234741784 0.0747696053 0.5238281250 0.3073615922 2 0.5290364583 0.3448615922 2
0 0.4949872848 0.3256824900 0.0303208138 0.0582507390 0.4993489583 0.3150004775 2 0.4885416667 0.3443986257 2
0 0.5084360329 0.3974091462 0.0220070423 0.0730307773 0.5102864583 0.3793523329 2 0.5074218750 0.4170838144 2
0 0.4837392410 0.3939314902 0.0224960876 0.0625978091 0.4821614583 0.3784264035 2 0.4891927083 0.4103708479 2
0 0.4788487872 0.4330551208 0.0205399061 0.0608589810 0.4757812500 0.4200930701 2 0.4807426714 0.4457643440 2
0 0.4558636541 0.4474004521 0.0283646322 0.0530342549 0.4495569410 0.4541654205 2 0.4670496236 0.4321982927 2
0 0.4455937011 0.4182750826 0.0312989045 0.0539036689 0.4523437500 0.4089819590 2 0.4371093750 0.4330560331 2
0 0.4399519484 0.3779328301 0.0273170090 0.0403721257 0.4441406250 0.3818986257 2 0.4294270833 0.3680097368 2
0 0.4289661581 0.4021909233 0.0205399061 0.0443401148 0.0000000000 0.0000000000 0 0.0000000000 0.0000000000 0
0 0.3932658451 0.5491218918 0.0215179969 0.0669448792 0.3924479167 0.5298152924 2 0.3932291667 0.5691671442 2
0 0.3952220266 0.4595722483 0.0234741784 0.0721613632 0.3899739583 0.4404634440 2 0.3964843750 0.4786578885 2
0 0.3783499609 0.7108328986 0.0229851330 0.0599895670 0.3779947917 0.7052782553 2 0.3824218750 0.7335189961 2
0 0.3678354851 0.6464962615 0.0224960876 0.0582507390 0.3669270833 0.6288893664 2 0.3673177083 0.6612967738 2
0 0.3318906495 0.6582333507 0.0337441315 0.0434707007 0.3339843750 0.6520375146 2 0.3235677083 0.6700930701 2
0 0.3492517606 0.6890975483 0.0244522692 0.0495565989 0.3433593750 0.6737967738 2 0.3516927083 0.6974078850 2
0 0.3595217136 0.7308294210 0.0273865415 0.0460789428 0.3577256944 0.7164512540 2 0.3592881944 0.7368216244 2
0 0.3470510563 0.7695183446 0.0278755869 0.0556424970 0.3511718750 0.7568986257 2 0.3425781250 0.7835189961 2
0 0.3272447183 0.7312641280 0.0273865415 0.0660754651 0.3259548611 0.7257105133 2 0.3327256944 0.7507105133 2
0 0.3025479264 0.7551730134 0.0347222222 0.0443401148 0.2942708333 0.7478708479 2 0.3092447917 0.7631486257 2
0 0.3103726526 0.7303947140 0.0317879499 0.0643366371 0.2998697917 0.7073615887 2 0.3074218750 0.7298152924 2
0 0.2772355980 0.7279384133 0.0198147978 0.0362115058 0.2705008894 0.7167285510 2 0.2778186862 0.7357085593 2
0 0.2981465180 0.6751869240 0.0239632238 0.0512954269 0.2975260417 0.6754171442 2 0.2996093750 0.6543523294 2
0 0.2837196792 0.6421491914 0.0224960876 0.0739001913 0.2829427083 0.6330560366 2 0.2837239583 0.6617597403 2
0 0.5072134194 0.6186750130 0.0205399061 0.0669448792 0.5076822917 0.6073615887 2 0.5101562500 0.6367597368 2
0 0.5235964397 0.9486176317 0.0298317684 0.0312989045 0.5187500000 0.9518060331 2 0.5345052083 0.9513430701 2
0 0.5052572379 0.9664406190 0.0224960876 0.0321683186 0.4970052083 0.9661578850 2 0.5123697917 0.9650004775 2
0 0.7099227308 0.8090766823 0.0249413146 0.0617283951 0.7139322917 0.7987967738 2 0.7050781250 0.8224078850 2
0 0.6571058294 0.7069205356 0.0210289515 0.0712919492 0.6571614583 0.6978708514 2 0.6542968750 0.7254171477 2
0 0.6920725743 0.6943140323 0.0303208138 0.0547730829 0.6895833333 0.7038893664 2 0.7006510417 0.6825930701 2
0 0.6994082551 0.7443053382 0.0234741784 0.0591201530 0.6996093750 0.7302782553 2 0.6946614583 0.7594449220 2
0 0.7236160016 0.7043122935 0.0210289515 0.0660754651 0.7247395833 0.6941671442 2 0.7180989583 0.7198615887 2
0 0.7003863459 0.6417144844 0.0254303599 0.0539036689 0.6989583333 0.6467134405 2 0.7076822917 0.6265745516 2
0 0.7170138889 0.5060858981 0.0312989045 0.0591201530 0.7113281250 0.5168523294 2 0.7272135417 0.4886115887 2
0 0.5551398670 0.5030429491 0.0234741784 0.0634672231 0.5563802083 0.5140745516 2 0.5493489583 0.4872226998 2
0 0.5443808685 0.4100156495 0.0185837246 0.0773778473 0.5465972155 0.3873778851 2 0.5422043935 0.4270763848 2
0 0.5668769562 0.3952356112 0.0195618153 0.0634672231 0.5697916667 0.4106023294 2 0.5622395833 0.3777319590 2
0 0.5548953443 0.3226395409 0.0288536776 0.0452095288 0.5636718750 0.3251856627 2 0.5449218750 0.3161578850 2
0 0.5685886150 0.2687358720 0.0308098592 0.0539036689 0.5634114583 0.2756486257 2 0.5783854167 0.2506486257 2
0 0.5407130282 0.2378716745 0.0210289515 0.0669448792 0.5394531250 0.2525004775 2 0.5412760417 0.2205560331 2
0 0.5221293036 0.2139627891 0.0210289515 0.0643366371 0.5214843750 0.2052782553 2 0.5251302083 0.2376856627 2
0 0.5001222613 0.1839680056 0.0308098592 0.0582507390 0.4966145833 0.1941671442 2 0.5096354167 0.1696301072 2
0 0.5218847809 0.1318031647 0.0224960876 0.0634672231 0.5261718750 0.1448615887 2 0.5196614583 0.1099078850 2
0 0.5473151408 0.1622326552 0.0254303599 0.0512954269 0.5438802083 0.1724078850 2 0.5559895833 0.1464819590 2
0 0.4700459703 0.2791688402 0.0391236307 0.0556424970 0.4628906250 0.2719449220 2 0.4773437500 0.2934726998 2
0 0.4702904930 0.2291775343 0.0347222222 0.0443401148 0.4779947917 0.2404634405 2 0.4604166667 0.2295838109 2
0 0.4360573161 0.2161363241 0.0357003130 0.0478177708 0.4399739583 0.2187041812 2 0.4255208333 0.2080560331 2
0 0.4319004304 0.2804729612 0.0273865415 0.0617283951 0.4282552083 0.2888430701 2 0.4360677083 0.2640745516 2
0 0.4045138889 0.2552599548 0.0322769953 0.0391236307 0.3970052083 0.2571301072 2 0.4169270833 0.2603708479 2
0 0.3744375978 0.2804729612 0.0298317684 0.0599895670 0.3764322917 0.2925467738 2 0.3710937500 0.2640745516 2
0 0.3878863459 0.1991827508 0.0273865415 0.0556424970 0.3919270833 0.2043523294 2 0.3803385417 0.1786578850 2
0 0.4575753130 0.1604938272 0.0366784038 0.0391236307 0.4664062500 0.1501856627 2 0.4509114583 0.1592134405 2
0 0.4426594288 0.1083289863 0.0283646322 0.0478177708 0.4365885417 0.1133801072 2 0.4537760417 0.0923152924 2
0 0.3607443271 0.2296122413 0.0180946792 0.0573813250 0.3582031250 0.2089819590 2 0.3618489583 0.2497226998 2
0 0.3441167840 0.2322204834 0.0151604069 0.0556424970 0.3440104167 0.2193986257 2 0.3446614583 0.2474078850 2
0 0.3277337637 0.3004694836 0.0224960876 0.0547730829 0.3274739583 0.2872226998 2 0.3302083333 0.3177782553 2
0 0.3490072379 0.3413319423 0.0171165884 0.0582507390 0.3498697917 0.3376856627 2 0.3449218750 0.3663893664 2
0 0.3074383803 0.3626325856 0.0200508607 0.0591201530 0.3067708333 0.3513430701 2 0.3087239583 0.3830560331 2
0 0.3468065336 0.1361502347 0.0312989045 0.0443401148 0.3536458333 0.1390745516 2 0.3365885417 0.1383801072 2
0 0.1382286776 0.6169361850 0.0249413146 0.0478177708 0.1389322917 0.6247226998 2 0.1365885417 0.6041208479 2
0 0.1015502739 0.5747696053 0.0288536776 0.0434707007 0.1041666667 0.5793523294 2 0.0936197917 0.5682412183 2
0 0.1624364241 0.4973917580 0.0283646322 0.0347765606 0.1707031250 0.5001856627 2 0.1585937500 0.4987967738 2
0 0.2054724178 0.4274039298 0.0166275430 0.0547730829 0.2053385417 0.4145375146 2 0.2050781250 0.4427782553 2
0 0.2238116197 0.3091636237 0.0327660407 0.0356459746 0.2304687500 0.3015745516 2 0.2140625000 0.3187041812 2
0 0.1898229656 0.3339419231 0.0264084507 0.0382542167 0.1944010417 0.3284264035 2 0.1845052083 0.3437041812 2
0 0.1925127152 0.2913406364 0.0288536776 0.0330377326 0.1895833333 0.3001856627 2 0.2019531250 0.2862967738 2
0 0.1986257825 0.2443922796 0.0185837246 0.0556424970 0.1992187500 0.2344449220 2 0.1950520833 0.2677782553 2
0 0.1841989437 0.2083115980 0.0132042254 0.0599895670 0.1829427083 0.1983338109 2 0.1832031250 0.2316671442 2
0 0.1592576291 0.2504781777 0.0249413146 0.0434707007 0.1529947917 0.2406949220 2 0.1664062500 0.2700930701 2
0 0.1482541080 0.2935141714 0.0293427230 0.0391236307 0.1526041667 0.2888430701 2 0.1412760417 0.2946301072 2
0 0.1653706964 0.3352460442 0.0215179969 0.0530342549 0.1644531250 0.3214819590 2 0.1631510417 0.3525004775 2
0 0.1555897887 0.4195792036 0.0205399061 0.0669448792 0.1540364583 0.4034264035 2 0.1566406250 0.4402319590 2
0 0.1795530125 0.4508781082 0.0244522692 0.0512954269 0.1750000000 0.4404634405 2 0.1830729167 0.4631486257 2
0 0.1846879890 0.3952356112 0.0220070423 0.0617283951 0.1786458333 0.3825930701 2 0.1847656250 0.4233338109 2
0 0.1411629499 0.3826291080 0.0190727700 0.0608589810 0.1407552083 0.3668523294 2 0.1397135417 0.4041208479 2
0 0.1421410407 0.4600069553 0.0200508607 0.0573813250 0.1393229167 0.4423152924 2 0.1416666667 0.4761115887 2
0 0.1223347027 0.4717440445 0.0234741784 0.0547730829 0.1179687500 0.4504171442 2 0.1222656250 0.4659264035 2
0 0.1372505869 0.5512954269 0.0220070423 0.0695531212 0.1373697917 0.5450930737 2 0.1324218750 0.5714819626 2
0 0.1849325117 0.5678142932 0.0283646322 0.0504260129 0.1782552083 0.5744912183 2 0.1915364583 0.5545838109 2
0 0.2172095070 0.6382368284 0.0205399061 0.0591201530 0.2147135417 0.6300467738 2 0.2179687500 0.6525004775 2
0 0.2670921362 0.5139106242 0.0234741784 0.0608589810 0.2667968750 0.5043523294 2 0.2662760417 0.5335189961 2
0 0.2269904147 0.3834985220 0.0205399061 0.0625978091 0.2266927083 0.3754171442 2 0.2261718750 0.4027319590 2
0 0.1741735133 0.6251956182 0.0244522692 0.0365153886 0.1700520833 0.6187041812 2 0.1800781250 0.6305097368 2
0 0.7387764085 0.7686489306 0.0190727700 0.0556424970 0.7423177083 0.7636115887 2 0.7352864583 0.7941671442 2
0 0.6888937793 0.5473830638 0.0190727700 0.0686837072 0.6877604167 0.5402319626 2 0.6927083333 0.5721764070 2
0 0.6238507433 0.5573813250 0.0190727700 0.0765084333 0.6253906250 0.5710189996 2 0.6207031250 0.5395375181 2
0 0.5913292254 0.5034776561 0.0176056338 0.0608589810 0.5907552083 0.5168523294 2 0.5936197917 0.4918523294 2
0 0.5781250000 0.4682663885 0.0215179969 0.0582507390 0.5838541667 0.4513430701 2 0.5764322917 0.4802782553 2
0 0.6111355634 0.4952182229 0.0200508607 0.0669448792 0.6118489583 0.4733338109 2 0.6074218750 0.5150004775 2
0 0.6463468310 0.4552251782 0.0268974961 0.0634672231 0.6428385417 0.4668523294 2 0.6533854167 0.4430097368 2
0 0.6082012911 0.4269692227 0.0425469484 0.0504260129 0.6194010417 0.4200930701 2 0.6024739583 0.4298152924 2
0 0.5976868153 0.3682837767 0.0254303599 0.0617283951 0.5964843750 0.3902319590 2 0.6013020833 0.3520375146 2
0 0.6245843114 0.3565466875 0.0254303599 0.0712919492 0.6261718750 0.3599078885 2 0.6175781250 0.3351393700 2
0 0.5984203834 0.3065553817 0.0239632238 0.0565119110 0.6028645833 0.3159264035 2 0.5953125000 0.2844449220 2
0 0.6265404930 0.2982959485 0.0254303599 0.0608589810 0.6307291667 0.3045838109 2 0.6191406250 0.2737967738 2
0 0.6157814945 0.2426534516 0.0293427230 0.0539036689 0.6126302083 0.2534264035 2 0.6233072917 0.2302782553 2
0 0.5680995696 0.1991827508 0.0190727700 0.0678142932 0.5694010417 0.1779634405 2 0.5696614583 0.2136115887 2
0 0.5901066119 0.2000521648 0.0190727700 0.0643366371 0.5960937500 0.2071301072 2 0.5865885417 0.1707875146 2
0 0.6123581768 0.1731003304 0.0264084507 0.0660754651 0.6071614583 0.1612967738 2 0.6196614583 0.1897689961 2
0 0.6690874413 0.2535211268 0.0264084507 0.0634672231 0.6743489583 0.2631486257 2 0.6621093750 0.2318986257 2
0 0.6630333028 0.3289721507 0.0179768216 0.0621043857 0.6665364583 0.3122226998 2 0.6670572917 0.3409264035 2
0 0.6582716580 0.3794440036 0.0308098592 0.0486871848 0.6536458333 0.3821301072 2 0.6711225481 0.3680708070 2
0 0.6932102422 0.3387427573 0.0256714060 0.0374229168 0.7005208333 0.3243216244 2 0.6918402778 0.3465438466 2
0 0.6835142801 0.3126412798 0.0161384977 0.0512954269 0.6825520833 0.2983338109 2 0.6888020833 0.3177782553 2
0 0.7049672061 0.2997427400 0.0189426283 0.0446254556 0.7029947917 0.2844449220 2 0.7064122780 0.3140974543 2
0 0.6954958920 0.2330898974 0.0293427230 0.0521648409 0.6871093750 0.2237967738 2 0.7076822917 0.2367597368 2
0 0.7082110720 0.1631020692 0.0273865415 0.0547730829 0.7069010417 0.1675467738 2 0.7152343750 0.1494912183 2
0 0.6752600169 0.1470658101 0.0248222981 0.0607631807 0.6719804684 0.1569391663 2 0.6748883442 0.1275953649 2
0 0.6957404147 0.1165884194 0.0278755869 0.0591201530 0.7032552083 0.1075930701 2 0.6902343750 0.1288893664 2
0 0.6417008998 0.1357155277 0.0293427230 0.0347765606 0.6342447917 0.1376856627 2 0.6516927083 0.1291208479 2
0 0.6365659233 0.0900712919 0.0180946792 0.0530342549 0.6375000000 0.0786578850 2 0.6356770833 0.1052782553 2
0 0.6267850156 0.0522517823 0.0298317684 0.0504260129 0.6348958333 0.0397689961 2 0.6203125000 0.0643060331 2
0 0.6563722613 0.0513823683 0.0185837246 0.0539036689 0.6555989583 0.0596764035 2 0.6544270833 0.0386115887 2
0 0.5984203834 0.0596418014 0.0190727700 0.0460789428 0.5996093750 0.0714819590 2 0.5983072917 0.0476393664 2
0 0.5669150252 0.0530578445 0.0264845888 0.0435974044 0.5638020833 0.0622226998 2 0.5739583333 0.0416208479 2
0 0.5556289124 0.0187793427 0.0234741784 0.0304294905 0.5545572917 0.0140745516 2 0.5664062500 0.0052782553 2
0 0.5299540297 0.0135628586 0.0180946792 0.0269518345 0.5316406250 0.0140745516 2 0.5272135417 0.0018060331 2
0 0.4695569249 0.0448617632 0.0195618153 0.0478177708 0.4722656250 0.0545838109 2 0.4696614583 0.0305097368 2
0 0.4336120892 0.0583376804 0.0298317684 0.0382542167 0.4388020833 0.0571301072 2 0.4194010417 0.0541208479 2
0 0.4163375461 0.0986917791 0.0297854134 0.0459316369 0.4268332681 0.0848387693 2 0.4163116050 0.1048693516 2
0 0.4063771866 0.0527117270 0.0207256738 0.0565623864 0.4082031250 0.0367597368 2 0.4075562605 0.0721854961 2
0 0.3841570851 0.0838349976 0.0215179969 0.0521648409 0.3814361588 0.0838598187 2 0.3928944922 0.0720542632 2
0 0.3754641875 0.0369159989 0.0318849478 0.0358880508 0.3664385589 0.0349163948 2 0.3872512015 0.0344263848 2
0 0.3037705399 0.2235263432 0.0224960876 0.0573813250 0.3089843750 0.2427782553 2 0.2966145833 0.2136115887 2
0 0.3084164710 0.1791862285 0.0317879499 0.0365153886 0.3148437500 0.1784264035 2 0.2977864583 0.1800467738 2
0 0.2818612488 0.1956386526 0.0203444038 0.0522977253 0.2820393359 0.1919164391 2 0.2850860627 0.2122529851 2
0 0.3243104460 0.2283081203 0.0185837246 0.0669448792 0.3256510417 0.2302782553 2 0.3178385417 0.2573615887 2
0 0.2967232453 0.1319066909 0.0209412246 0.0549801353 0.2972316608 0.1222987711 2 0.2906113157 0.1546416947 2
0 0.2795627934 0.1196313685 0.0190727700 0.0686837072 0.2819010417 0.1321301107 2 0.2858072917 0.1038893700 2
0 0.2917889280 0.0687706486 0.0249413146 0.0539036689 0.2871093750 0.0571301072 2 0.2972656250 0.0761115887 2
0 0.6661531690 0.5456442358 0.0264084507 0.0617283951 0.6641927083 0.5418523294 2 0.6756510417 0.5636115887 2
0 0.6732443271 0.4482698661 0.0190727700 0.0652060511 0.6725260417 0.4592134405 2 0.6759114583 0.4251856627 2
0 0.6950068466 0.4508781082 0.0224960876 0.0617283951 0.6990885417 0.4397689961 2 0.6881510417 0.4744912183 2
0 0.6866930751 0.3965397322 0.0273865415 0.0417318727 0.6796875000 0.3941671442 2 0.6933593750 0.4075930701 2
0 0.7283418951 0.3309999250 0.0259194053 0.0486871848 0.7223958333 0.3237967738 2 0.7360677083 0.3372226998 2
0 0.7309516823 0.2796035472 0.0347222222 0.0339071466 0.7402343750 0.2788893664 2 0.7179687500 0.2862967738 2
0 0.7937940141 0.2374369675 0.0244522692 0.0539036689 0.8015625000 0.2474078850 2 0.7899739583 0.2277319590 2
0 0.7541813380 0.2209181012 0.0215179969 0.0625978091 0.7571614583 0.2212504775 2 0.7501302083 0.1962504775 2
0 0.7463477465 0.1550821370 0.0225138184 0.0569023232 0.7512501305 0.1599513945 2 0.7406102406 0.1399915499 2
0 0.7686081768 0.1418014258 0.0220070423 0.0573813250 0.7704427083 0.1497226998 2 0.7647135417 0.1228708479 2
0 0.6815580986 0.0535559033 0.0220070423 0.0547730829 0.6869791667 0.0631486257 2 0.6858072917 0.0330560331 2
0 0.7277728873 0.2187445662 0.0244522692 0.0356459746 0.7238281250 0.2168523294 2 0.7397135417 0.2196301072 2
0 0.7619276662 0.2897568401 0.0164830313 0.0681078749 0.7630332222 0.3014596812 2 0.7660359534 0.2710209340 2
0 0.7800393230 0.2939983238 0.0161384977 0.0573813250 0.7817708333 0.2812041812 2 0.7782552083 0.3156949220 2
0 0.7779000391 0.1096331073 0.0239632238 0.0521648409 0.7850260417 0.1207875146 2 0.7718750000 0.0962504775 2
0 0.7453785211 0.0718135976 0.0234741784 0.0530342549 0.7390625000 0.0580560331 2 0.7523437500 0.0821301072 2
0 0.7145686620 0.0739871327 0.0215179969 0.0521648409 0.7105902778 0.0601240935 2 0.7048768586 0.0448610667 2
0 0.7703198357 0.0487741262 0.0156494523 0.0486871848 0.7707031250 0.0571301072 2 0.7712239583 0.0346764035 2
0 0.8224031690 0.1183272474 0.0259194053 0.0434707007 0.8259114583 0.1217134405 2 0.8147135417 0.1071301072 2
0 0.8715522300 0.1613632412 0.0224960876 0.0599895670 0.8787760417 0.1492597368 2 0.8707031250 0.1756486257 2
0 0.8531701498 0.2056868742 0.0264084507 0.0478177708 0.8513796324 0.1995877603 2 0.8619265074 0.2150970196 2
0 0.8150674883 0.2165710311 0.0200508607 0.0660754651 0.8174479167 0.2279634405 2 0.8158854167 0.1981023294 2
0 0.7920823552 0.3187271779 0.0239632238 0.0512954269 0.7946614583 0.3117597368 2 0.7865885417 0.3342134405 2
0 0.8791324335 0.2648235090 0.0220070423 0.0634672231 0.8824218750 0.2735652924 2 0.8759114583 0.2490282553 2
0 0.8620158451 0.3135106938 0.0249413146 0.0495565989 0.8680989583 0.3214819590 2 0.8584635417 0.2955560331 2
0 0.8294943271 0.3548078595 0.0176056338 0.0625978091 0.8321614583 0.3684726998 2 0.8279947917 0.3376856627 2
0 0.8233812598 0.4339245349 0.0200508607 0.0573813250 0.8272135417 0.4464819590 2 0.8233072917 0.4122226998 2
0 0.7930604460 0.4404451400 0.0278755869 0.0495565989 0.7847656250 0.4302782553 2 0.8027343750 0.4478708479 2
0 0.7595608372 0.4487045731 0.0205399061 0.0591201530 0.7641927083 0.4300467738 2 0.7572916667 0.4617597368 2
0 0.7358421362 0.4278386368 0.0190727700 0.0660754651 0.7342447917 0.4455560331 2 0.7372395833 0.4126856627 2
0 0.7791226526 0.3743696748 0.0185837246 0.0634672231 0.7790364583 0.3784264035 2 0.7769531250 0.3478708479 2
0 0.8070531122 0.3697923749 0.0214916904 0.0543126231 0.8041405404 0.3800693065 2 0.8143927483 0.3551297765 2
0 0.8160455790 0.2847870677 0.0220070423 0.0617283951 0.8139322917 0.2869528209 2 0.8183593750 0.2587120801 2
0 0.7441559077 0.5099982612 0.0268974961 0.0512954269 0.7490885417 0.5129171442 2 0.7320312500 0.5103708479 2
0 0.7720314945 0.4943488089 0.0220070423 0.0634672231 0.7769531250 0.4719449220 2 0.7673177083 0.5048152924 2
0 0.7906984843 0.4931760271 0.0198843303 0.0541663473 0.7875000000 0.5057412183 2 0.7971354167 0.4731023294 2
0 0.8121332160 0.5234741784 0.0171165884 0.0556424970 0.8121093750 0.5356023294 2 0.8113281250 0.5018060331 2
0 0.8395197574 0.4786993566 0.0190727700 0.0582507390 0.8428385417 0.4622226998 2 0.8371093750 0.4962504775 2
0 0.7771664710 0.5634672231 0.0224960876 0.0678142932 0.7777343750 0.5659264035 2 0.7807291667 0.5411578850 2
0 0.7399990219 0.5747696053 0.0215179969 0.0556424970 0.7464843750 0.5606023294 2 0.7381510417 0.5876856627 2
0 0.7111453443 0.5895496435 0.0283646322 0.0556424970 0.7154947917 0.5858338109 2 0.7080729167 0.6025004775 2
0 0.7471879311 0.6684237277 0.0212244538 0.0543888514 0.7484481665 0.6631389575 2 0.7410019011 0.6848242673 2
0 0.7546703834 0.6964875674 0.0234741784 0.0486871848 0.7569010417 0.6818986257 2 0.7493489583 0.7096764035 2
0 0.7840131064 0.6812728221 0.0185837246 0.0599895670 0.7848958333 0.6666208479 2 0.7851562500 0.6990282553 2
0 0.8522349374 0.6673621979 0.0171165884 0.0652060511 0.8553385417 0.6585189961 2 0.8540364583 0.6849078850 2
0 0.8463663928 0.3530690315 0.0151604069 0.0539036689 0.0000000000 0.0000000000 0 0.0000000000 0.0000000000 0
0 0.8523473483 0.3816937668 0.0234741784 0.0504260129 0.8513380809 0.3940903494 2 0.8599318309 0.3718681272 2
0 0.8896469092 0.4091462354 0.0205399061 0.0495565989 0.8891927083 0.4191671442 2 0.8946614583 0.3987967738 2
0 0.9219239045 0.4147974265 0.0254303599 0.0417318727 0.9154947917 0.4136115887 2 0.9320312500 0.4219449220 2
0 0.8680313930 0.4731583875 0.0262134120 0.0339359897 0.8634043477 0.4774225853 2 0.8756181594 0.4749127360 2
0 0.8507678013 0.5259814695 0.0161384977 0.0495565989 0.8493923611 0.5341981676 2 0.8532118056 0.5098154515 2
0 0.9004059077 0.4608763693 0.0224960876 0.0521648409 0.9032552083 0.4582875146 2 0.8957031250 0.4800467738 2
0 0.8952709311 0.3274213180 0.0171165884 0.0512954269 0.8970052083 0.3379171442 2 0.8920572917 0.3094449220 2
0 0.8730193662 0.3839332290 0.0215179969 0.0756390193 0.8821614583 0.3548152959 2 0.8699218750 0.3856023329 2
0 0.8960044992 0.2317857764 0.0195618153 0.0495565989 0.8966145833 0.2205560331 2 0.8993489583 0.2441671442 2
0 0.2546479592 0.6779100235 0.0210819121 0.0754093045 0.2537464300 0.6554768393 2 0.2527124455 0.6915067335 2
0 0.2922779734 0.4821770127 0.0220070423 0.0512954269 0.2852864583 0.4874541812 2 0.2966714248 0.4681594800 2
0 0.3133069249 0.4300121718 0.0151604069 0.0599895670 0.3138020833 0.4467134405 2 0.3136718750 0.4173152924 2
0 0.2937451095 0.4100156495 0.0200508607 0.0582507390 0.2925781250 0.3960189961 2 0.2976562500 0.4224078850 2
0 0.2712490219 0.3908885411 0.0200508607 0.0617283951 0.2709635417 0.3821301072 2 0.2709635417 0.4108338109 2
0 0.2526652973 0.3948009042 0.0268974961 0.0312989045 0.2572453839 0.3962468965 2 0.2439710164 0.3942277384 2
0 0.2888546557 0.3587202226 0.0200508607 0.0495565989 0.2902343750 0.3427782553 2 0.2904947917 0.3756486257 2
0 0.2780956573 0.3187271779 0.0298317684 0.0373848026 0.2833333333 0.3124541812 2 0.2705729167 0.3145375146 2
0 0.2355487089 0.2413493306 0.0239632238 0.0408624587 0.2411458333 0.2434726998 2 0.2265625000 0.2307412183 2
0 0.2123190532 0.1209354895 0.0224960876 0.0573813250 0.2136718750 0.1133801072 2 0.2080729167 0.1437041812 2
0 0.1714837637 0.1478873239 0.0239632238 0.0469483568 0.1742187500 0.1416208479 2 0.1652343750 0.1636115887 2
0 0.1631699922 0.1974439228 0.0239632238 0.0434707007 0.1563802083 0.1964819590 2 0.1697916667 0.1886115887 2
0 0.1355389280 0.2461311076 0.0185837246 0.0452095288 0.1355468750 0.2629171442 2 0.1350260417 0.2404634405 2
0 0.0890796166 0.1996174578 0.0195618153 0.0495565989 0.0880208333 0.2089819590 2 0.0877604167 0.1853708479 2
0 0.0872965131 0.2640864643 0.0189298806 0.0498213375 0.0853613945 0.2723513095 2 0.0848696793 0.2487692098 2
0 0.1269806338 0.1774474005 0.0200508607 0.0556424970 0.1266927083 0.1844449220 2 0.1233072917 0.1629171442 2
0 0.2103628717 0.0479047122 0.0185837246 0.0434707007 0.2087239583 0.0349078850 2 0.2113281250 0.0566671442 2
0 0.0959262520 0.6564945227 0.0215179969 0.0504260129 0.0942708333 0.6450930701 2 0.0920572917 0.6687041812 2
0 0.1228237480 0.7273517649 0.0234741784 0.0391236307 0.1329427083 0.7335189961 2 0.1225260417 0.7300467738 2
0 0.2428843897 0.6225873761 0.0220070423 0.0417318727 0.2509114583 0.6288893664 2 0.2394531250 0.6170838109 2
0 0.2335925274 0.6751869240 0.0190727700 0.0582507390 0.2325520833 0.6622226998 2 0.2303385417 0.6879171442 2
0 0.7003863459 0.8821074596 0.0195618153 0.0460789428 0.7010171146 0.8818888035 2 0.6994227268 0.8999994737 2
0 0.7651848592 0.7899495740 0.0180946792 0.0565119110 0.7634114583 0.7793523294 2 0.7684895833 0.8048152924 2
0 0.7534477700 0.8195096505 0.0161384977 0.0443401148 0.7526041667 0.8027319590 2 0.7513020833 0.8312041812 2
0 0.7825459703 0.7399582681 0.0224960876 0.0521648409 0.7852864583 0.7302782553 2 0.7819010417 0.7555097368 2
0 0.8057756260 0.7099634846 0.0171165884 0.0582507390 0.8083333333 0.6999541812 2 0.8044270833 0.7268060331 2
0 0.8243593505 0.7395235611 0.0200508607 0.0495565989 0.8207031250 0.7518060331 2 0.8303385417 0.7312041812 2
0 0.8264184982 0.7901365392 0.0212348836 0.0394975611 0.8233072917 0.7862967738 2 0.8339843750 0.7976393664 2
0 0.8082208529 0.6191097200 0.0288536776 0.0399930447 0.8167968750 0.6117597368 2 0.8016927083 0.6152319590 2
0 0.8138495103 0.5782802249 0.0283646322 0.0330377326 0.8165093059 0.5851777638 2 0.8037488892 0.5851777638 2
0 0.8698405712 0.5504260129 0.0161384977 0.0591201530 0.8712239583 0.5478708479 2 0.8656250000 0.5680097368 2
0 0.8884242958 0.5256477134 0.0200508607 0.0582507390 0.8912760417 0.5386115887 2 0.8895833333 0.5147689961 2
0 0.8732638889 0.6238914971 0.0229851330 0.0339071466 0.8670572917 0.6193986257 2 0.8774739583 0.6344449220 2
0 0.8791324335 0.6521474526 0.0249413146 0.0330377326 0.8812617299 0.6514742563 2 0.8683517247 0.6542345627 2
0 0.8324285994 0.6877934272 0.0185837246 0.0486871848 0.8265625000 0.6807412183 2 0.8305989583 0.7025004775 2
0 0.8522349374 0.7403929751 0.0210289515 0.0478177708 0.8545572917 0.7316671442 2 0.8457031250 0.7481023294 2
0 0.9082306338 0.5686837072 0.0224960876 0.0347765606 0.9106770833 0.5714819590 2 0.9001302083 0.5624541812 2
0 0.9241246088 0.6047643888 0.0190727700 0.0547730829 0.9282552083 0.5886115887 2 0.9220052083 0.6191671442 2
0 0.9146728217 0.3545565123 0.0141823161 0.0539036689 0.9160843289 0.3422443486 2 0.9173864123 0.3656239782 2
0 0.9258362676 0.2443922796 0.0156494523 0.0591201530 0.9287760417 0.2575930701 2 0.9282552083 0.2362967738 2
0 0.7979508998 0.1700573813 0.0249413146 0.0356459746 0.7946614583 0.1705560331 2 0.8071614583 0.1663893664 2
0 0.8038194444 0.1287602156 0.0210289515 0.0521648409 0.8018229167 0.1193986257 2 0.8070312500 0.1474078850 2
0 0.7996625587 0.0735524257 0.0273865415 0.0373848026 0.7963541667 0.0756486257 2 0.8066406250 0.0770375146 2
0 0.9507775822 0.5373848026 0.0146713615 0.0608589810 0.9527343750 0.5288893664 2 0.9511718750 0.5501856627 2
0 0.9385514476 0.4552251782 0.0156494523 0.0495565989 0.0000000000 0.0000000000 0 0.0000000000 0.0000000000 0
0 0.9612920579 0.4704399235 0.0151604069 0.0591201530 0.9621093750 0.4594449220 2 0.9652343750 0.4823615887 2
0 0.9441754695 0.4687010955 0.0151604069 0.0469483568 0.9489583333 0.4579635997 2 0.9402777778 0.4845068096 2
0 0.9781641236 0.4613110763 0.0176056338 0.0426012867 0.9847656250 0.4675467738 2 0.9761718750 0.4531949220 2
0 0.1011265311 0.5027364909 0.0199202555 0.0588636553 0.1015472827 0.5029776762 2 0.0999153540 0.4765819740 2
0 0.1225792254 0.4043644584 0.0180946792 0.0278212485 0.1264322917 0.4043523294 2 0.1167968750 0.4006486257 2
0 0.1061962050 0.3730655538 0.0166275430 0.0486871848 0.1106770833 0.3552782553 2 0.1058593750 0.3812041812 2
0 0.1247131204 0.3269778551 0.0155158339 0.0434882126 0.1269531250 0.3346764035 2 0.1235629505 0.3161202068 2
0 0.1255134977 0.2878629804 0.0200508607 0.0434707007 0.1197916667 0.2795838109 2 0.1290364583 0.2960189961 2
0 0.1514329030 0.1500608590 0.0180946792 0.0634672231 0.1493489583 0.1550467738 2 0.1546875000 0.1335189961 2
0 0.0619375978 0.5121717962 0.0200508607 0.0521648409 0.0601562500 0.4904634405 2 0.0638020833 0.5168523294 2
0 0.0871234351 0.4300121718 0.0146713615 0.0530342549 0.0861979167 0.4219449220 2 0.0852864583 0.4437041812 2
0 0.2243006651 0.1717962094 0.0239632238 0.0408624587 0.0000000000 0.0000000000 0 0.0000000000 0.0000000000 0
0 0.2365267997 0.1213701965 0.0151604069 0.0512954269 0.2339843750 0.1207875146 2 0.2373697917 0.1018060331 2
0 0.2541324335 0.1022430882 0.0171165884 0.0617283951 0.2550781250 0.1106023294 2 0.2552083333 0.0807412183 2
0 0.1223347027 0.1270213876 0.0244522692 0.0312989045 0.1268229167 0.1261115887 2 0.1162760417 0.1318986257 2
0 0.1844434664 0.0787689098 0.0127151800 0.0512954269 0.1850260417 0.0663893664 2 0.1837239583 0.0881486257 2
0 0.1577904930 0.0809424448 0.0288536776 0.0347765606 0.1649943435 0.0778135406 2 0.1519814821 0.0868225496 2
0 0.1321156103 0.0744218397 0.0166275430 0.0426012867 0.1384114583 0.0622226998 2 0.1290364583 0.0823615887 2
0 0.0951926839 0.0800730308 0.0141823161 0.0382542167 0.0942708333 0.0717134405 2 0.0972656250 0.0913893664 2
0 0.0805213224 0.3735002608 0.0151604069 0.0530342549 0.0782118056 0.3541055750 2 0.0865451389 0.3707722417 2
0 0.0817439358 0.1396278908 0.0254303599 0.0356459746 0.0875000000 0.1367597368 2 0.0721354167 0.1529634405 2
0 0.0692041516 0.1885056462 0.0133424792 0.0453455035 0.0705729167 0.1772537231 2 0.0691840278 0.1979327355 2
0 0.0455545775 0.0913754130 0.0166275430 0.0452095288 0.0432291667 0.1029634405 2 0.0497395833 0.0793523294 2
0 0.8436766432 0.0757259607 0.0283646322 0.0399930447 0.8423794237 0.0799350503 2 0.8525583187 0.0702334042 2
0 0.9439309468 0.2722135281 0.0146713615 0.0504260129 0.9459635417 0.2818986257 2 0.9421875000 0.2599078850 2
0 0.9123875196 0.1844027126 0.0229851330 0.0434707007 0.9170572917 0.1844449220 2 0.9045572917 0.1733338109 2
0 0.9001613850 0.1348461137 0.0190727700 0.0347765606 0.8989583333 0.1342134405 2 0.9066406250 0.1423152924 2
0 0.6064896322 0.9803512433 0.0254303599 0.0339071466 0.6074218750 0.9839819590 2 0.6045572917 0.9960189961 2
0 0.9500440141 0.1474526169 0.0200508607 0.0408624587 0.9449218750 0.1409264035 2 0.9557291667 0.1483338109 2
0 0.9297486307 0.1257172666 0.0205399061 0.0269518345 0.9348958333 0.1270375146 2 0.9248697917 0.1242597368 2
0 0.9678941706 0.1835332986 0.0176056338 0.0382542167 0.9730468750 0.1765745516 2 0.9669270833 0.1900004775 2
0 0.9700948748 0.2209181012 0.0180946792 0.0417318727 0.9674479167 0.2182412183 2 0.9752604167 0.2275004775 2
0 0.9825655321 0.2587376109 0.0176056338 0.0582507390 0.9839843750 0.2515745516 2 0.9829427083 0.2724078850 2
0 0.9644708529 0.2856894453 0.0146713615 0.0495565989 0.9657552083 0.2862967738 2 0.9649739583 0.2700930701 2
0 0.9126320423 0.1113719353 0.0127151800 0.0434707007 0.9097656250 0.1038893664 2 0.9160156250 0.1159264035 2
0 0.9304408848 0.3702950692 0.0167511950 0.0404349625 0.9273064196 0.3557339974 2 0.9311857512 0.3802812439 2
0 0.9295473920 0.3209259506 0.0136013719 0.0449715730 0.9326822917 0.3068986257 2 0.9289284233 0.3271212599 2
0 0.9612391552 0.3905125505 0.0150546016 0.0415423322 0.9582031250 0.3981023294 2 0.9609375000 0.3825930701 2
0 0.9689891339 0.3468322220 0.0197955605 0.0414300501 0.9643860316 0.3429825168 2 0.9746568821 0.3553110031 2
0 0.9424004781 0.3091682592 0.0135666057 0.0286999335 0.9415364583 0.3108338109 2 0.9433593750 0.2974078850 2
0 0.9424827583 0.3586836536 0.0137311660 0.0355728367 0.9403040799 0.3525988779 2 0.9442037311 0.3677969588 2
0 0.9527480758 0.3619887660 0.0087741927 0.0406646773 0.9527343750 0.3501856627 2 0.9510416667 0.3744912183 2
0 0.9084751565 0.4973917580 0.0141823161 0.0452095288 0.9097656250 0.5057412183 2 0.9108072917 0.4849078850 2
0 0.9192341549 0.5186924013 0.0151604069 0.0426012867 0.9179687500 0.5263430701 2 0.9243489583 0.5080560331 2
0 0.9295041080 0.5569466180 0.0220070423 0.0373848026 0.9270833333 0.5506486257 2 0.9352864583 0.5603708479 2
0 0.8493852630 0.1262611654 0.0156494523 0.0530342549 0.8510416667 0.1119912183 2 0.8493489583 0.1383801072 2
0 0.7397544992 0.0239958268 0.0278755869 0.0269518345 0.7485677083 0.0207875146 2 0.7329427083 0.0261115887 2
0 0.2531543427 0.1883150756 0.0268974961 0.0547730829 0.2558593750 0.1839819590 2 0.2558593750 0.2101393664 2
0 0.6392556729 0.5439054078 0.0185837246 0.0756390193 0.6394747851 0.5267501293 2 0.6382712378 0.5660912146 2
0 0.1695275822 0.0496435403 0.0210289515 0.0295600765 0.1686197917 0.0541208479 2 0.1763427594 0.0455024081 2
0 0.2208773474 0.1557120501 0.0229851330 0.0399930447 0.0000000000 0.0000000000 0 0.0000000000 0.0000000000 0
0 0.8832893192 0.5982437837 0.0215179969 0.0486871848 0.8829970773 0.5893784071 2 0.8844250733 0.6086816293 2
0 0.6908499609 0.9181881412 0.0239632238 0.0260824204 0.6829427083 0.9189356627 2 0.6980468750 0.9163893664 2
0 0.6705545775 0.9807859503 0.0215179969 0.0312989045 0.6715396235 0.9861431584 2 0.6710258814 0.9944280125 2
0 0.7751568074 0.8982724826 0.0223891234 0.0676525657 0.7783437592 0.9098487831 2 0.7768534832 0.8848714558 2
0 0.8062646714 0.8868892367 0.0239632238 0.0573813250 0.8082031250 0.8858338109 2 0.8017598458 0.8976811155 2
0 0.0851672535 0.4826117197 0.0146713615 0.0486871848 0.0863281250 0.4691671442 2 0.0834635417 0.4876856627 2
0 0.3301789906 0.0357329160 0.0264084507 0.0417318727 0.3383044797 0.0263008967 2 0.3386517019 0.0428251132 2
0 0.9678941706 0.5286906625 0.0185837246 0.0643366371 0.9678385417 0.5180097368 2 0.9658854167 0.5374541812 2
0 0.0470642443 0.1675882043 0.0128357030 0.0310104733 0.0501525228 0.1647103641 2 0.0447796559 0.1776852536 2
0 0.0553745392 0.3281990521 0.0120129015 0.0336434381 0.0563368056 0.3220068096 2 0.0552951389 0.3402166861 2
0 0.2700434439 0.6909630800 0.0176079516 0.0687496343 0.2678385417 0.6872227033 2 0.2688802083 0.7092134440 2
0 0.9378291206 0.1055672576 0.0141521854 0.0257445439 0.9359375000 0.0987967738 2 0.9408238241 0.1108692828 2
0 0.9652284097 0.1435989702 0.0083925750 0.0286700603 0.9647641509 0.1373806324 2 0.9662924175 0.1497434988 2
0 0.9848933649 0.3728131765 0.0098736177 0.0415423322 0.9845803790 0.3575139955 2 0.9843362383 0.3814197194 2
0 0.8678087151 0.4396612252 0.0128357030 0.0248668890 0.8644097222 0.4369759454 2 0.8725694444 0.4406796491 2
0 0.8443588731 0.7916008425 0.0169497104 0.0301328184 0.8444444444 0.7820376738 2 0.8447916667 0.7968524886 2
0 0.6412091890 0.9865865075 0.0149749868 0.0228190276 0.6425424459 0.9911164201 2 0.6457701192 0.9980377164 2
