0 0.1846879890 0.7338723700 0.0220070423 0.0539036689 0.1798177083 0.7210189961 2 0.1897135417 0.7492597368 2
0 0.2135049176 0.7529919401 0.0239632238 0.0408624587 0.2081376445 0.7483708301 2 0.2215491028 0.7666578671 2
0 0.2535995719 0.8070011448 0.0215179969 0.0599895670 0.2529350815 0.7919112033 2 0.2537163315 0.8180686107 2
0 0.3434015905 0.8605605660 0.0278755869 0.0625978091 0.3346030527 0.8399237631 2 0.3458009694 0.8716367260 2
0 0.3737040297 0.8581985742 0.0254303599 0.0504260129 0.3768229167 0.8483338109 2 0.3671875000 0.8670838109 2
0 0.3700361894 0.8116849244 0.0337441315 0.0495565989 0.3602864583 0.8041208479 2 0.3778645833 0.8224078850 2
0 0.1455643584 0.8725439054 0.0268974961 0.0460789428 0.1407552083 0.8631486257 2 0.1514322917 0.8818986257 2
0 0.3974227308 0.9377499565 0.0229851330 0.0565119110 0.3990885417 0.9330560331 2 0.3936197917 0.9562041812 2
0 0.4343456573 0.8538515041 0.0244522692 0.0591201530 0.4307291667 0.8504171442 2 0.4377604167 0.8742597368 2
0 0.4668671753 0.9151451921 0.0180946792 0.0408624587 0.4649739583 0.9075930701 2 0.4623697917 0.9281949220 2
0 0.3950718501 0.8198631954 0.0221957346 0.0415695486 0.3996093750 0.8101393664 2 0.3960937500 0.8279634405 2
0 0.4015796166 0.7747348287 0.0244522692 0.0608589810 0.3985677083 0.7717134405 2 0.4065104167 0.7941671442 2
0 0.4304332942 0.7690836376 0.0352112676 0.0512954269 0.4352864583 0.7647689961 2 0.4188802083 0.7853708479 2
0 0.4074481612 0.7082246566 0.0254303599 0.0634672231 0.4087239583 0.7018060331 2 0.4134114583 0.7295838109 2
0 0.4514622457 0.6734480960 0.0264084507 0.0704225352 0.4506510417 0.6670838144 2 0.4574218750 0.6974078885 2
0 0.4798268779 0.6673621979 0.0254303599 0.0686837072 0.4785156250 0.6596764070 2 0.4830729167 0.6923152959 2
0 0.4888742175 0.7564771344 0.0210289515 0.0678142932 0.4910156250 0.7483338109 2 0.4904947917 0.7835189961 2
0 0.4864289906 0.8321161537 0.0210289515 0.0625978091 0.4867187500 0.8231023294 2 0.4855468750 0.8566671442 2
0 0.5045236698 0.8773256825 0.0288536776 0.0521648409 0.5011718750 0.8818986257 2 0.5131510417 0.8619912183 2
0 0.5336218701 0.8821074596 0.0195618153 0.0530342549 0.5359375000 0.8652319590 2 0.5308593750 0.8893060331 2
0 0.5619865023 0.8473308990 0.0195618153 0.0652060511 0.5626302083 0.8404634405 2 0.5640625000 0.8700930701 2
0 0.5387568466 0.7769083638 0.0376564945 0.0582507390 0.5377604167 0.7724078850 2 0.5493489583 0.7888430701 2
0 0.5905956573 0.8216831855 0.0180946792 0.0643366371 0.5923177083 0.8191671442 2 0.5906250000 0.8437041812 2
0 0.6404782864 0.8368979308 0.0268974961 0.0634672231 0.6371093750 0.8314356627 2 0.6470052083 0.8525004775 2
0 0.6238507433 0.7664753956 0.0190727700 0.0652060511 0.6251302083 0.7636115887 2 0.6234375000 0.7881486257 2
0 0.6619962833 0.7777777778 0.0288536776 0.0460789428 0.6527343750 0.7913893664 2 0.6636718750 0.7754171442 2
0 0.6143143584 0.8934098418 0.0185837246 0.0617283951 0.6139322917 0.8849078850 2 0.6141927083 0.9103708479 2
0 0.6453687402 0.9116675361 0.0278755869 0.0582507390 0.6501302083 0.9041208479 2 0.6407552083 0.9233338109 2
0 0.5233519171 0.7151799687 0.0195618153 0.0652060511 0.5214843750 0.7075930701 2 0.5227864583 0.7383801072 2
0 0.5551398670 0.7273517649 0.0185837246 0.0686837072 0.5542968750 0.7163893700 2 0.5535156250 0.7497227033 2
0 0.5739681142 0.7399582681 0.0180946792 0.0608589810 0.5726562500 0.7617597368 2 0.5742187500 0.7224078850 2
0 0.6052670188 0.7269170579 0.0327660407 0.0660754651 0.6079852349 0.7223532149 2 0.5979526828 0.7446721757 2
0 0.5874168623 0.6847504782 0.0224960876 0.0617283951 0.5877604167 0.6744912183 2 0.5910156250 0.6971764035 2
0 0.5612529343 0.6530168666 0.0200508607 0.0660754651 0.5630208333 0.6437041812 2 0.5600260417 0.6728708479 2
0 0.5323992567 0.6564945227 0.0259194053 0.0643366371 0.5308593750 0.6492597368 2 0.5402343750 0.6744912183 2
0 0.6395001956 0.6382368284 0.0210289515 0.0660754651 0.6395833333 0.6288893664 2 0.6415364583 0.6527319590 2
0 0.6786238263 0.6143279430 0.0317879499 0.0530342549 0.0000000000 0.0000000000 0 0.0000000000 0.0000000000 0
0 0.6057560642 0.5756390193 0.0190727700 0.0660754651 0.6052083333 0.5652319590 2 0.6108072917 0.5950930701 2
0 0.5766578638 0.5621631021 0.0215179969 0.0704225352 0.5759114583 0.5434727033 2 0.5790364583 0.5844449255 2
0 0.5446253912 0.5639019301 0.0210289515 0.0686837072 0.5449218750 0.5531949220 2 0.5449218750 0.5839819590 2
0 0.5196840767 0.5143453312 0.0200508607 0.0721613632 0.5201822917 0.4904634440 2 0.5207031250 0.5210189996 2
0 0.4986551252 0.5543383759 0.0171165884 0.0617283951 0.5002604167 0.5390745516 2 0.5005208333 0.5712504775 2
0 0.4751809468 0.5791166754 0.0249413146 0.0869414015 0.4776041667 0.5849078885 2 0.4721354167 0.5487967774 2
0 0.4348347027 0.5608589810 0.0195618153 0.0765084333 0.4338541667 0.5423152959 2 0.4324218750 0.5705560366 2
0 0.4213859546 0.5030429491 0.0288536776 0.0356459746 0.4144531250 0.5052782553 2 0.4290364583 0.4978708479 2
0 0.3727259390 0.5821596244 0.0234741784 0.0704225352 0.3743489583 0.5724078885 2 0.3772135417 0.6001856663 2
0 0.3516969875 0.5634672231 0.0205399061 0.0678142932 0.3531250000 0.5487967738 2 0.3516927083 0.5747226998 2
0 0.3609888498 0.4969570509 0.0234741784 0.0739001913 0.3618489583 0.4765745551 2 0.3578125000 0.5180097403 2
0 0.3318906495 0.5047817771 0.0210289515 0.0669448792 0.3304687500 0.4978708479 2 0.3298177083 0.5219449220 2
0 0.2996136541 0.5152147453 0.0229851330 0.0669448792 0.3023437500 0.4991673034 2 0.2948784722 0.5383648343 2
0 0.2866539515 0.5656407581 0.0273865415 0.0617283951 0.2839843750 0.5525004775 2 0.2908854167 0.5837504775 2
0 0.3054821987 0.5986784907 0.0229851330 0.0739001913 0.3053385417 0.5905145221 2 0.3045572917 0.6219960036 2
0 0.2607345462 0.5812902104 0.0195618153 0.0652060511 0.2576822917 0.5693986257 2 0.2591145833 0.5964819590 2
0 0.2343260955 0.4704399235 0.0215179969 0.0660754651 0.2316406250 0.4499541812 2 0.2319010417 0.4851393664 2
0 0.2785847027 0.4504434011 0.0200508607 0.0643366371 0.2789062500 0.4367597368 2 0.2791666667 0.4689356627 2
0 0.3284673318 0.4226221527 0.0210289515 0.0765084333 0.3282552083 0.4080560366 2 0.3277343750 0.4404634440 2
0 0.3575655321 0.4156668405 0.0195618153 0.0730307773 0.3574218750 0.4048152959 2 0.3595052083 0.4367597403 2
0 0.3927767997 0.3356807512 0.0244522692 0.0712919492 0.3954427083 0.3214819626 2 0.3904947917 0.3529634440 2
0 0.4487724961 0.3261171970 0.0210289515 0.0765084333 0.4494791667 0.3094449255 2 0.4493489583 0.3441671477 2
0 0.5257971440 0.3261171970 0.0234741784 0.0747696053 0.5238281250 0.3073615922 2 0.5290364583 0.3448615922 2
0 0.4949872848 0.3256824900 0.0303208138 0.0582507390 0.4993489583 0.3150004775 2 0.4885416667 0.3443986257 2
0 0.5084360329 0.3974091462 0.0220070423 0.0730307773 0.5092447917 0.3844449255 2 0.5053385417 0.4258801107 2
0 0.4837392410 0.3939314902 0.0224960876 0.0625978091 0.4819010417 0.3800467738 2 0.4901041667 0.4191671442 2
0 0.4798268779 0.4391410190 0.0205399061 0.0608589810 0.4785156250 0.4298152924 2 0.4800781250 0.4645375146 2
0 0.4558636541 0.4474004521 0.0283646322 0.0530342549 0.4495569410 0.4541654205 2 0.4670496236 0.4321982927 2
0 0.4455937011 0.4182750826 0.0312989045 0.0539036689 0.4523437500 0.4089819590 2 0.4371093750 0.4330560331 2
0 0.3932658451 0.5491218918 0.0215179969 0.0669448792 0.3924479167 0.5298152924 2 0.3932291667 0.5691671442 2
0 0.3952220266 0.4595722483 0.0234741784 0.0721613632 0.3899739583 0.4404634440 2 0.3964843750 0.4786578885 2
0 0.3783499609 0.7108328986 0.0229851330 0.0599895670 0.3779947917 0.7052782553 2 0.3824218750 0.7335189961 2
0 0.3678354851 0.6464962615 0.0224960876 0.0582507390 0.3669270833 0.6288893664 2 0.3673177083 0.6612967738 2
0 0.3318906495 0.6582333507 0.0337441315 0.0434707007 0.3350260417 0.6522689961 2 0.3208333333 0.6610652924 2
0 0.3492517606 0.6890975483 0.0244522692 0.0495565989 0.3457031250 0.6731023294 2 0.3516927083 0.6974078850 2
0 0.3595217136 0.7308294210 0.0273865415 0.0460789428 0.3548177083 0.7175467738 2 0.3561197917 0.7381486257 2
0 0.3507188967 0.7703877587 0.0273865415 0.0469483568 0.3516927083 0.7585189961 2 0.3437500000 0.7798152924 2
0 0.3272447183 0.7312641280 0.0273865415 0.0660754651 0.3246093750 0.7212504775 2 0.3330729167 0.7520375146 2
0 0.3001026995 0.7525647713 0.0347222222 0.0443401148 0.2918256064 0.7452626059 2 0.3067995647 0.7605403836 2
0 0.3039609991 0.7187033569 0.0189646429 0.0444315791 0.3023801927 0.7031353986 2 0.3066464100 0.7300991223 2
0 0.2768104997 0.7270683259 0.0206649943 0.0379516807 0.2807339922 0.7197965196 2 0.2687332804 0.7345760381 2
0 0.2961903365 0.6812728221 0.0278755869 0.0634672231 0.2947916667 0.6814356627 2 0.2983072917 0.6548152924 2
0 0.2837196792 0.6421491914 0.0224960876 0.0739001913 0.2818576389 0.6303401429 2 0.2832465278 0.6624389083 2
0 0.5072134194 0.6186750130 0.0205399061 0.0669448792 0.5100260417 0.6045838109 2 0.5084635417 0.6367597368 2
0 0.5177278951 0.9347070075 0.0347222222 0.0399930447 0.5108072917 0.9288893664 2 0.5257812500 0.9450930701 2
0 0.5015893975 0.9633976700 0.0268974961 0.0365153886 0.5084635417 0.9552782553 2 0.4937500000 0.9571301072 2
0 0.7099227308 0.8090766823 0.0249413146 0.0617283951 0.7139322917 0.7987967738 2 0.7050781250 0.8224078850 2
0 0.6571058294 0.7069205356 0.0210289515 0.0712919492 0.6571614583 0.6978708514 2 0.6542968750 0.7254171477 2
0 0.6920725743 0.6943140323 0.0303208138 0.0547730829 0.6895833333 0.7038893664 2 0.7006510417 0.6825930701 2
0 0.6994082551 0.7443053382 0.0234741784 0.0591201530 0.6996093750 0.7302782553 2 0.6946614583 0.7594449220 2
0 0.7236160016 0.7043122935 0.0210289515 0.0660754651 0.7247395833 0.6941671442 2 0.7180989583 0.7198615887 2
0 0.7003863459 0.6417144844 0.0254303599 0.0539036689 0.6912760417 0.6529634405 2 0.7080729167 0.6321301072 2
0 0.7170138889 0.5060858981 0.0312989045 0.0591201530 0.7113281250 0.5168523294 2 0.7272135417 0.4886115887 2
0 0.5551398670 0.5030429491 0.0234741784 0.0634672231 0.5563802083 0.5140745516 2 0.5493489583 0.4872226998 2
0 0.5438918232 0.4065379934 0.0185837246 0.0773778473 0.5461081701 0.3839002291 2 0.5417153481 0.4235987287 2
0 0.5668769562 0.3952356112 0.0195618153 0.0634672231 0.5687500000 0.4115282553 2 0.5654947917 0.3761115887 2
0 0.5548953443 0.3226395409 0.0288536776 0.0452095288 0.5636718750 0.3251856627 2 0.5449218750 0.3161578850 2
0 0.5685886150 0.2687358720 0.0308098592 0.0539036689 0.5634114583 0.2756486257 2 0.5783854167 0.2506486257 2
0 0.5407130282 0.2378716745 0.0210289515 0.0669448792 0.5438802083 0.2497226998 2 0.5406250000 0.2175467738 2
0 0.5221293036 0.2287428273 0.0210289515 0.0643366371 0.5214843750 0.2200582936 2 0.5251302083 0.2524657010 2
0 0.5001222613 0.1839680056 0.0308098592 0.0582507390 0.4972656250 0.1985652924 2 0.5118489583 0.1693986257 2
0 0.5218847809 0.1318031647 0.0224960876 0.0634672231 0.5261718750 0.1448615887 2 0.5196614583 0.1099078850 2
0 0.5473151408 0.1622326552 0.0254303599 0.0512954269 0.5459635417 0.1719449220 2 0.5501302083 0.1446301072 2
0 0.4700459703 0.2791688402 0.0391236307 0.0556424970 0.4628906250 0.2719449220 2 0.4773437500 0.2934726998 2
0 0.4727357199 0.2274387063 0.0347222222 0.0443401148 0.4840858519 0.2386115887 2 0.4637941098 0.2152655071 2
0 0.4350792254 0.2109198400 0.0357003130 0.0408624587 0.4454427083 0.2106438693 2 0.4246093750 0.2078745090 2
0 0.4319004304 0.2804729612 0.0273865415 0.0617283951 0.4263020833 0.2916208479 2 0.4334635417 0.2626856627 2
0 0.4047584116 0.2569987828 0.0327660407 0.0426012867 0.3971359631 0.2590351710 2 0.4173596847 0.2625639776 2
0 0.3744375978 0.2804729612 0.0298317684 0.0599895670 0.3764322917 0.2925467738 2 0.3710937500 0.2640745516 2
0 0.3925322770 0.1965745088 0.0376564945 0.0504260129 0.4026041667 0.2048152924 2 0.3837239583 0.1911578850 2
0 0.4685788341 0.1574508781 0.0528169014 0.0382542167 0.4707031250 0.1545838109 2 0.4477864583 0.1596764035 2
0 0.4426594288 0.1083289863 0.0283646322 0.0478177708 0.4365885417 0.1133801072 2 0.4537760417 0.0923152924 2
0 0.3607443271 0.2296122413 0.0180946792 0.0573813250 0.3582031250 0.2089819590 2 0.3618489583 0.2497226998 2
0 0.3441167840 0.2322204834 0.0151604069 0.0556424970 0.3440104167 0.2193986257 2 0.3446614583 0.2474078850 2
0 0.3277337637 0.3004694836 0.0224960876 0.0547730829 0.3274739583 0.2872226998 2 0.3302083333 0.3177782553 2
0 0.3490072379 0.3413319423 0.0171165884 0.0582507390 0.3498697917 0.3376856627 2 0.3449218750 0.3663893664 2
0 0.3074383803 0.3626325856 0.0200508607 0.0591201530 0.3067708333 0.3513430701 2 0.3087239583 0.3830560331 2
0 0.3485181925 0.1361502347 0.0347222222 0.0443401148 0.3561055406 0.1390745516 2 0.3371826076 0.1383801072 2
0 0.1382286776 0.6169361850 0.0249413146 0.0478177708 0.1328125000 0.6059726998 2 0.1378906250 0.6228708479 2
0 0.1015502739 0.5747696053 0.0288536776 0.0434707007 0.1066406250 0.5830560331 2 0.0934895833 0.5663893664 2
0 0.1624364241 0.4973917580 0.0283646322 0.0347765606 0.1707031250 0.5001856627 2 0.1585937500 0.4987967738 2
0 0.2054724178 0.4274039298 0.0166275430 0.0547730829 0.2053385417 0.4145375146 2 0.2050781250 0.4427782553 2
0 0.2263158572 0.3055042953 0.0377745156 0.0429646314 0.2339905675 0.2963570721 2 0.2150765293 0.3170036734 2
0 0.1898229656 0.3339419231 0.0264084507 0.0382542167 0.1910156250 0.3281949220 2 0.1800781250 0.3478708479 2
0 0.1983812598 0.2974265345 0.0288536776 0.0330377326 0.1961140274 0.2971443155 2 0.2095143779 0.2928456349 2
0 0.1981367371 0.2404799165 0.0176056338 0.0634672231 0.1986984958 0.2291337118 2 0.1947511274 0.2671545451 2
0 0.1841989437 0.2083115980 0.0132042254 0.0599895670 0.1829427083 0.1983338109 2 0.1832031250 0.2316671442 2
0 0.1592576291 0.2504781777 0.0249413146 0.0434707007 0.1563802083 0.2390745516 2 0.1634114583 0.2601393664 2
0 0.1482541080 0.2935141714 0.0293427230 0.0391236307 0.1526041667 0.2888430701 2 0.1412760417 0.2946301072 2
0 0.1653706964 0.3361154582 0.0215179969 0.0739001913 0.1644531250 0.3169359953 2 0.1631510417 0.3601585211 2
0 0.1555897887 0.4195792036 0.0205399061 0.0669448792 0.1540364583 0.4034264035 2 0.1566406250 0.4402319590 2
0 0.1795530125 0.4508781082 0.0244522692 0.0512954269 0.1750000000 0.4404634405 2 0.1830729167 0.4631486257 2
0 0.1846879890 0.3952356112 0.0220070423 0.0617283951 0.1786458333 0.3825930701 2 0.1847656250 0.4233338109 2
0 0.1411629499 0.3826291080 0.0190727700 0.0608589810 0.1407552083 0.3668523294 2 0.1397135417 0.4041208479 2
0 0.1431191315 0.4508781082 0.0180946792 0.0756390193 0.1403645833 0.4446301107 2 0.1397135417 0.4728708514 2
0 0.1223347027 0.4717440445 0.0234741784 0.0547730829 0.1178385417 0.4487967738 2 0.1239583333 0.4696301072 2
0 0.1372505869 0.5512954269 0.0220070423 0.0695531212 0.1373697917 0.5450930737 2 0.1324218750 0.5714819626 2
0 0.1849325117 0.5678142932 0.0283646322 0.0504260129 0.1807291667 0.5707875146 2 0.1946614583 0.5617597368 2
0 0.2172095070 0.6382368284 0.0205399061 0.0591201530 0.2147135417 0.6300467738 2 0.2179687500 0.6525004775 2
0 0.2670921362 0.5139106242 0.0234741784 0.0608589810 0.2641927083 0.5048152924 2 0.2630208333 0.5314356627 2
0 0.2269904147 0.3834985220 0.0205399061 0.0625978091 0.2266927083 0.3754171442 2 0.2261718750 0.4027319590 2
0 0.1741735133 0.6251956182 0.0244522692 0.0365153886 0.1700520833 0.6187041812 2 0.1800781250 0.6305097368 2
0 0.7387764085 0.7686489306 0.0190727700 0.0556424970 0.7423177083 0.7636115887 2 0.7352864583 0.7941671442 2
0 0.6888937793 0.5473830638 0.0190727700 0.0686837072 0.6877604167 0.5402319626 2 0.6927083333 0.5721764070 2
0 0.6238507433 0.5573813250 0.0190727700 0.0765084333 0.6253906250 0.5710189996 2 0.6207031250 0.5395375181 2
0 0.5913292254 0.5034776561 0.0176056338 0.0608589810 0.5907552083 0.5168523294 2 0.5936197917 0.4918523294 2
0 0.5781250000 0.4682663885 0.0215179969 0.0582507390 0.5833333333 0.4518060331 2 0.5744791667 0.4872226998 2
0 0.6111355634 0.4952182229 0.0200508607 0.0669448792 0.6115885417 0.4779634405 2 0.6074218750 0.5150004775 2
0 0.6424344679 0.4534863502 0.0278755869 0.0582507390 0.6371792863 0.4577841769 2 0.6497290022 0.4422749177 2
0 0.6082012911 0.4269692227 0.0425469484 0.0504260129 0.6139322917 0.4187041812 2 0.5981770833 0.4298152924 2
0 0.5976868153 0.3682837767 0.0254303599 0.0617283951 0.5954427083 0.3844449220 2 0.6011718750 0.3529634405 2
0 0.6245843114 0.3565466875 0.0254303599 0.0712919492 0.6277343750 0.3802782589 2 0.6246093750 0.3464819626 2
0 0.5984203834 0.3065553817 0.0239632238 0.0565119110 0.6023437500 0.3212504775 2 0.5994791667 0.2853708479 2
0 0.6265404930 0.2982959485 0.0254303599 0.0608589810 0.6305989583 0.3085189961 2 0.6250000000 0.2761115887 2
0 0.6170041080 0.2361328465 0.0317879499 0.0669448792 0.6137312736 0.2518120382 2 0.6223358743 0.2124265842 2
0 0.5680995696 0.1991827508 0.0190727700 0.0678142932 0.5694010417 0.1890745516 2 0.5703125000 0.2191671442 2
0 0.5905956573 0.1974439228 0.0190727700 0.0643366371 0.5958333333 0.2187041812 2 0.5889322917 0.1832875146 2
0 0.6048355705 0.1512762797 0.0289688718 0.0606815804 0.5998652863 0.1415958803 2 0.6118336758 0.1651147935 2
0 0.6676203052 0.2422187446 0.0273865415 0.0791166754 0.6687500000 0.2592134440 2 0.6615885417 0.2180097403 2
0 0.6622408059 0.3282907320 0.0215179969 0.0652060511 0.6653659940 0.3147816760 2 0.6665492958 0.3484370777 2
0 0.6556386933 0.3791514519 0.0308098592 0.0486871848 0.6493489583 0.3805097368 2 0.6670572917 0.3733338109 2
0 0.6910163918 0.3369049665 0.0171724187 0.0430244351 0.6945437021 0.3231253363 2 0.6888072049 0.3453073053 2
0 0.6821411368 0.3166702348 0.0180635838 0.0520944837 0.0000000000 0.0000000000 0 0.0000000000 0.0000000000 0
0 0.7048750334 0.2991909927 0.0187582827 0.0435219610 0.7036458333 0.2816671442 2 0.7049479167 0.3119912183 2
0 0.6930506651 0.2330898974 0.0293427230 0.0521648409 0.6815104167 0.2233338109 2 0.7016927083 0.2367597368 2
0 0.7067439358 0.1674491393 0.0273865415 0.0547730829 0.7036109888 0.1779123624 2 0.7111630722 0.1584679180 2
0 0.6742224178 0.1604938272 0.0268974961 0.0478177708 0.6697916667 0.1742597368 2 0.6763020833 0.1509583544 2
0 0.6983294577 0.1120219856 0.0330536729 0.0499872854 0.7080121543 0.0997189012 2 0.6919550279 0.1177253506 2
0 0.6425429484 0.1364962414 0.0310268200 0.0332151332 0.6383461008 0.1400141295 2 0.6531082270 0.1301976551 2
0 0.6405542580 0.0973173301 0.0221589855 0.0501380509 0.6365885417 0.0902319590 2 0.6438802083 0.1133801072 2
0 0.6282521518 0.0487741262 0.0278755869 0.0521648409 0.6358311126 0.0358608991 2 0.6222040634 0.0612440409 2
0 0.6599849781 0.0438893261 0.0185837246 0.0539036689 0.6610345918 0.0487111391 2 0.6572585501 0.0244055835 2
0 0.5984203834 0.0596418014 0.0190727700 0.0460789428 0.5994791667 0.0638430701 2 0.5963541667 0.0464819590 2
0 0.5634536385 0.0565988524 0.0264084507 0.0452095288 0.5603496457 0.0661026014 2 0.5704766984 0.0447389439 2
0 0.5556289124 0.0187793427 0.0234741784 0.0304294905 0.0000000000 0.0000000000 0 0.0000000000 0.0000000000 0
0 0.5301985524 0.0205181708 0.0176056338 0.0408624587 0.5291666667 0.0140745516 2 0.5313802083 0.0029634405 2
0 0.4707795383 0.0535559033 0.0220070423 0.0652060511 0.4683593750 0.0633801072 2 0.4787760417 0.0404634405 2
0 0.4336120892 0.0551263766 0.0298317684 0.0382542167 0.4360677083 0.0631780626 2 0.4216590966 0.0465294062 2
0 0.4161336637 0.0960013991 0.0278755869 0.0391236307 0.4253906250 0.0876856627 2 0.4149739583 0.1020375146 2
0 0.4062255477 0.0505129543 0.0210289515 0.0521648409 0.4080782050 0.0358011805 2 0.4074218750 0.0684726998 2
0 0.3840248661 0.0833496663 0.0215179969 0.0521648409 0.3796112315 0.0866152281 2 0.3941945649 0.0718004133 2
0 0.3746821205 0.0379064511 0.0303208138 0.0339071466 0.3670572917 0.0332875146 2 0.3858909159 0.0355542556 2
0 0.3037705399 0.2235263432 0.0224960876 0.0573813250 0.3089843750 0.2427782553 2 0.2966145833 0.2136115887 2
0 0.3084164710 0.1791862285 0.0317879499 0.0365153886 0.3148437500 0.1784264035 2 0.2977864583 0.1800467738 2
0 0.2785847027 0.1930968527 0.0268974961 0.0573813250 0.2719443833 0.1795416297 2 0.2826865708 0.2044387490 2
0 0.3243104460 0.2283081203 0.0185837246 0.0669448792 0.3256510417 0.2302782553 2 0.3178385417 0.2573615887 2
0 0.2976574726 0.1335419927 0.0190727700 0.0582507390 0.2981205254 0.1233625265 2 0.2920908723 0.1576294338 2
0 0.2822334618 0.1191750517 0.0228805395 0.0560194105 0.2800781250 0.1281949220 2 0.2860677083 0.1029634405 2
0 0.2900772692 0.0692053556 0.0283646322 0.0530342549 0.2847554246 0.0577525648 2 0.2963056697 0.0764278934 2
0 0.6661531690 0.5456442358 0.0264084507 0.0617283951 0.6653645833 0.5356023294 2 0.6756510417 0.5636115887 2
0 0.6727552817 0.4534863502 0.0190727700 0.0652060511 0.6725578296 0.4702169616 2 0.6756828296 0.4364206653 2
0 0.6950068466 0.4508781082 0.0224960876 0.0617283951 0.6970052083 0.4464819590 2 0.6881510417 0.4744912183 2
0 0.6866930751 0.3982785603 0.0273865415 0.0417318727 0.6796875000 0.3959059722 2 0.6933593750 0.4093318982 2
0 0.7285064554 0.3356807512 0.0259194053 0.0486871848 0.7187500000 0.3474078850 2 0.7313802083 0.3210189961 2
0 0.7309516823 0.2796035472 0.0347222222 0.0339071466 0.7402343750 0.2788893664 2 0.7179687500 0.2862967738 2
0 0.7920823552 0.2326551904 0.0278755869 0.0565119110 0.8009384292 0.2431085716 2 0.7877274917 0.2224805848 2
0 0.7536922926 0.2157016171 0.0234741784 0.0556424970 0.7609586179 0.2259789017 2 0.7456177088 0.2043739634 2
0 0.7478237480 0.1561467571 0.0195618153 0.0547730829 0.7441406250 0.1478708479 2 0.7561197917 0.1710189961 2
0 0.7686081768 0.1418014258 0.0220070423 0.0573813250 0.7700520833 0.1508801072 2 0.7652343750 0.1268060331 2
0 0.6826701115 0.0636908585 0.0234282421 0.0610147720 0.6820312500 0.0693986257 2 0.6907977591 0.0485907186 2
0 0.7272838419 0.2187445662 0.0244522692 0.0356459746 0.7213859546 0.2152319590 2 0.7371411629 0.2161578850 2
0 0.7629841549 0.2904712224 0.0185837246 0.0730307773 0.7658854167 0.3059727033 2 0.7639322917 0.2705560366 2
0 0.7788781299 0.2869935663 0.0180946792 0.0539036689 0.7798177083 0.2707875146 2 0.7808593750 0.3038893664 2
0 0.7779000391 0.1096331073 0.0239632238 0.0521648409 0.7821614583 0.1177782553 2 0.7720052083 0.0876856627 2
0 0.7453785211 0.0718135976 0.0234741784 0.0530342549 0.7390625000 0.0580560331 2 0.7523437500 0.0821301072 2
0 0.7126124804 0.0600765084 0.0215179969 0.0591201530 0.7149739583 0.0663893664 2 0.7058593750 0.0413893664 2
0 0.7703198357 0.0487741262 0.0156494523 0.0486871848 0.7707031250 0.0571301072 2 0.7712239583 0.0346764035 2
0 0.8224031690 0.1183272474 0.0259194053 0.0434707007 0.8266927083 0.1247226998 2 0.8194010417 0.1027319590 2
0 0.8700850939 0.1478873239 0.0146713615 0.0625978091 0.8670572917 0.1207820807 2 0.8739583333 0.1518005993 2
0 0.8527239828 0.2030951139 0.0259194053 0.0408624587 0.8480468750 0.1978708479 2 0.8597656250 0.1946301072 2
0 0.8150674883 0.2165710311 0.0200508607 0.0660754651 0.8153645833 0.2102784145 2 0.8147135417 0.1816671442 2
0 0.7920823552 0.3187271779 0.0239632238 0.0512954269 0.7946614583 0.3117597368 2 0.7865885417 0.3342134405 2
0 0.8791324335 0.2648235090 0.0220070423 0.0634672231 0.8824218750 0.2735652924 2 0.8759114583 0.2490282553 2
0 0.8678843897 0.3204660059 0.0249413146 0.0495565989 0.8704427083 0.3247226998 2 0.8593750000 0.3015745516 2
0 0.8294943271 0.3548078595 0.0176056338 0.0625978091 0.8257812500 0.3661578850 2 0.8300781250 0.3332875146 2
0 0.8219141236 0.4469657451 0.0200508607 0.0573813250 0.8191406250 0.4622226998 2 0.8209079393 0.4297325090 2
0 0.7930604460 0.4404451400 0.0278755869 0.0495565989 0.7847656250 0.4302782553 2 0.8027343750 0.4478708479 2
0 0.7595608372 0.4487045731 0.0205399061 0.0591201530 0.7639322917 0.4307412183 2 0.7555989583 0.4638430701 2
0 0.7358421362 0.4278386368 0.0190727700 0.0660754651 0.7342447917 0.4455560331 2 0.7372395833 0.4126856627 2
0 0.7783890845 0.3756737959 0.0200508607 0.0608589810 0.7733506944 0.3392907602 2 0.7747395833 0.3673771799 2
0 0.8053293367 0.3710558506 0.0191582822 0.0509677633 0.7995893358 0.3850838405 2 0.8075594805 0.3597135283 2
0 0.8162901017 0.2817770822 0.0224960876 0.0747696053 0.8160156250 0.2895375181 2 0.8149739583 0.2555097403 2
0 0.7441559077 0.5099982612 0.0268974961 0.0512954269 0.7519531250 0.5138430701 2 0.7359375000 0.5052782553 2
0 0.7720314945 0.4943488089 0.0220070423 0.0634672231 0.7769531250 0.4719449220 2 0.7673177083 0.5048152924 2
0 0.7898816510 0.4952182229 0.0176056338 0.0565119110 0.7832000685 0.5089254471 2 0.7907521518 0.4725828545 2
0 0.8121332160 0.5234741784 0.0171165884 0.0556424970 0.8082031250 0.5367597368 2 0.8147135417 0.5075930701 2
0 0.8395197574 0.4786993566 0.0190727700 0.0582507390 0.8428385417 0.4645375146 2 0.8382812500 0.5001856627 2
0 0.7771664710 0.5634672231 0.0224960876 0.0678142932 0.7778645833 0.5659264035 2 0.7769531250 0.5395375146 2
0 0.7399990219 0.5747696053 0.0215179969 0.0556424970 0.7464843750 0.5606023294 2 0.7381510417 0.5876856627 2
0 0.7111453443 0.5895496435 0.0283646322 0.0556424970 0.7156250000 0.5839819590 2 0.7046875000 0.6062041812 2
0 0.7485573161 0.6591027647 0.0239632238 0.0730307773 0.7490885417 0.6589819626 2 0.7415730506 0.6811246337 2
0 0.7546703834 0.6964875674 0.0234741784 0.0486871848 0.7569010417 0.6818986257 2 0.7493489583 0.7096764035 2
0 0.7842576291 0.6743175100 0.0190727700 0.0739001913 0.7865885417 0.6663893700 2 0.7854308554 0.6961901451 2
0 0.8522349374 0.6673621979 0.0171165884 0.0652060511 0.8553385417 0.6585189961 2 0.8540364583 0.6849078850 2
0 0.8466109155 0.3482872544 0.0156494523 0.0634672231 0.0000000000 0.0000000000 0 0.0000000000 0.0000000000 0
0 0.8510123239 0.3852373500 0.0234741784 0.0504260129 0.8500030565 0.3976339326 2 0.8585968065 0.3754117104 2
0 0.8901359546 0.4065379934 0.0205399061 0.0495565989 0.8925781250 0.4173152924 2 0.8936197917 0.3925467738 2
0 0.9219239045 0.4147974265 0.0254303599 0.0417318727 0.9162760417 0.4085189961 2 0.9292968750 0.4251856627 2
0 0.8705741393 0.4730481655 0.0303208138 0.0399930447 0.8648437500 0.4735652924 2 0.8768229167 0.4691671442 2
0 0.8507678013 0.5213006434 0.0161384977 0.0495565989 0.8531250000 0.5129171442 2 0.8513020833 0.5381486257 2
0 0.9004059077 0.4608763693 0.0224960876 0.0521648409 0.9037760417 0.4527319590 2 0.8955729167 0.4818986257 2
0 0.8969825900 0.3326378021 0.0205399061 0.0565119110 0.8988281250 0.3383801072 2 0.8933593750 0.3103708479 2
0 0.8726041723 0.3683219706 0.0206876091 0.0444165026 0.8813110672 0.3555644871 2 0.8710902251 0.3741766547 2
0 0.8960044992 0.2248304643 0.0195618153 0.0495565989 0.8966145833 0.2136007210 2 0.8993489583 0.2372118321 2
0 0.2533988654 0.6838810642 0.0185837246 0.0634672231 0.2522135417 0.6640745516 2 0.2518229167 0.6886115887 2
0 0.2922779734 0.4821770127 0.0220070423 0.0512954269 0.0000000000 0.0000000000 0 0.0000000000 0.0000000000 0
0 0.3133069249 0.4300121718 0.0151604069 0.0599895670 0.3105468750 0.4332875146 2 0.3141927083 0.4089819590 2
0 0.2937451095 0.4100156495 0.0200508607 0.0582507390 0.2981826372 0.4140844252 2 0.2898493039 0.3893159067 2
0 0.2712490219 0.3908885411 0.0200508607 0.0617283951 0.2709635417 0.3821301072 2 0.2709635417 0.4108338109 2
0 0.2526652973 0.3948009042 0.0268974961 0.0312989045 0.2423177083 0.3890745516 2 0.2611979167 0.3909264035 2
0 0.2925224961 0.3448095983 0.0264084507 0.0773778473 0.2942708333 0.3464819626 2 0.2888403967 0.3701176145 2
0 0.2780956573 0.3187271779 0.0298317684 0.0373848026 0.2803385417 0.3224078850 2 0.2665364583 0.3089819590 2
0 0.2371448202 0.2402492454 0.0271554463 0.0386622884 0.2454057563 0.2389730191 2 0.2281419584 0.2343736464 2
0 0.2123190532 0.1209354895 0.0224960876 0.0573813250 0.2136718750 0.1133801072 2 0.2080729167 0.1437041812 2
0 0.1714837637 0.1478873239 0.0239632238 0.0469483568 0.1742187500 0.1416208479 2 0.1652343750 0.1636115887 2
0 0.1607032105 0.1963249920 0.0288967871 0.0412328391 0.1525155418 0.1954125499 2 0.1686881594 0.1879473444 2
0 0.1355389280 0.2461311076 0.0185837246 0.0452095288 0.1355468750 0.2629171442 2 0.1350260417 0.2404634405 2
0 0.0890796166 0.1996174578 0.0195618153 0.0495565989 0.0907552083 0.2096764035 2 0.0868489583 0.1900004775 2
0 0.0878570031 0.2630846809 0.0200508607 0.0547730829 0.0858072917 0.2721709696 2 0.0852864583 0.2462450437 2
0 0.1269806338 0.1774474005 0.0200508607 0.0556424970 0.1286458333 0.1862967738 2 0.1246093750 0.1643060331 2
0 0.2136536807 0.0469817765 0.0251653426 0.0416248293 0.2085937500 0.0369912183 2 0.2183593750 0.0543523294 2
0 0.0956817293 0.6534515736 0.0220070423 0.0565119110 0.0915364583 0.6455560331 2 0.0917248381 0.6671348117 2
0 0.1228237480 0.7273517649 0.0234741784 0.0391236307 0.1187500000 0.7226393664 2 0.1300781250 0.7293523294 2
0 0.2433734351 0.6260650322 0.0220070423 0.0417318727 0.2332031250 0.6307412183 2 0.2497395833 0.6323615887 2
0 0.2335925274 0.6751869240 0.0190727700 0.0582507390 0.2317708333 0.6615282553 2 0.2303385417 0.6879171442 2
0 0.6996527778 0.8760215615 0.0210289515 0.0582507390 0.6996093750 0.8731023294 2 0.7032552083 0.8960189961 2
0 0.7651848592 0.7899495740 0.0180946792 0.0565119110 0.7634114583 0.7793523294 2 0.7684895833 0.8048152924 2
0 0.7529587246 0.8142931664 0.0171165884 0.0547730829 0.7522135417 0.7974078850 2 0.7527343750 0.8284264035 2
0 0.7825459703 0.7399582681 0.0224960876 0.0521648409 0.7852864583 0.7302782553 2 0.7819010417 0.7555097368 2
0 0.8057756260 0.7099634846 0.0171165884 0.0582507390 0.8083333333 0.6999541812 2 0.8044270833 0.7268060331 2
0 0.8243593505 0.7395235611 0.0200508607 0.0495565989 0.8286458333 0.7339819590 2 0.8184895833 0.7550467738 2
0 0.8275978628 0.7915130116 0.0235936129 0.0422505058 0.8194444444 0.7840438466 2 0.8355902778 0.8004018713 2
0 0.8050095491 0.6134007355 0.0288536776 0.0399930447 0.7973958333 0.6075930701 2 0.8092447917 0.6214819590 2
0 0.8197134194 0.5782472613 0.0283646322 0.0330377326 0.8132586317 0.5777642313 2 0.8273211317 0.5770697869 2
0 0.8698405712 0.5504260129 0.0161384977 0.0591201530 0.8712239583 0.5478708479 2 0.8656250000 0.5680097368 2
0 0.8884242958 0.5256477134 0.0200508607 0.0582507390 0.8912760417 0.5386115887 2 0.8895833333 0.5147689961 2
0 0.8732638889 0.6238914971 0.0229851330 0.0339071466 0.8670572917 0.6193986257 2 0.8774739583 0.6344449220 2
0 0.8791324335 0.6521474526 0.0249413146 0.0330377326 0.8812617299 0.6514742563 2 0.8683517247 0.6542345627 2
0 0.8309614632 0.6856198922 0.0215179969 0.0530342549 0.8375000000 0.6754171442 2 0.8288429315 0.7016400720 2
0 0.8522349374 0.7403929751 0.0210289515 0.0478177708 0.8555989583 0.7349078850 2 0.8457031250 0.7481023294 2
0 0.9082306338 0.5686837072 0.0224960876 0.0347765606 0.9106770833 0.5714819590 2 0.9001302083 0.5624541812 2
0 0.9241246088 0.6047643888 0.0190727700 0.0547730829 0.9282552083 0.5886115887 2 0.9220052083 0.6191671442 2
0 0.7964837637 0.1722309164 0.0278755869 0.0399930447 0.7921875000 0.1636115887 2 0.7990885417 0.1812041812 2
0 0.8038194444 0.1287602156 0.0210289515 0.0521648409 0.8018229167 0.1193986257 2 0.8070312500 0.1474078850 2
0 0.7996625587 0.0735524257 0.0273865415 0.0373848026 0.7963541667 0.0756486257 2 0.8066406250 0.0770375146 2
0 0.9507775822 0.5373848026 0.0146713615 0.0608589810 0.9527343750 0.5247226998 2 0.9501302083 0.5497226998 2
0 0.9612920579 0.4704399235 0.0151604069 0.0591201530 0.9621093750 0.4594449220 2 0.9652343750 0.4823615887 2
0 0.9781641236 0.4613110763 0.0176056338 0.0426012867 0.9847656250 0.4687041812 2 0.9738281250 0.4497226998 2
0 0.1015502739 0.5021735350 0.0190727700 0.0495565989 0.1023258325 0.5054782850 2 0.0980966506 0.4820038733 2
0 0.1220901800 0.3961050252 0.0190727700 0.0373848026 0.1221354167 0.3830560331 2 0.1173177083 0.3997226998 2
0 0.1061962050 0.3730655538 0.0166275430 0.0486871848 0.1134114583 0.3633801072 2 0.1076822917 0.3814356627 2
0 0.1247799296 0.3322030951 0.0166275430 0.0643366371 0.1263020833 0.3295685380 2 0.1297743056 0.3085808836 2
0 0.1255134977 0.2878629804 0.0200508607 0.0434707007 0.1197916667 0.2795838109 2 0.1290364583 0.2960189961 2
0 0.1514329030 0.1500608590 0.0180946792 0.0634672231 0.1493489583 0.1550467738 2 0.1546875000 0.1335189961 2
0 0.0619375978 0.5121717962 0.0200508607 0.0521648409 0.0601562500 0.4904634405 2 0.0638020833 0.5168523294 2
0 0.0861365104 0.4275200191 0.0166452109 0.0480499496 0.0850864750 0.4202109517 2 0.0840523913 0.4399252158 2
0 0.2273402376 0.1741240277 0.0234826590 0.0388924570 0.2318040750 0.1764903668 2 0.2308593750 0.1768060331 2
0 0.2365267997 0.1213701965 0.0151604069 0.0512954269 0.2364583333 0.1156949220 2 0.2373697917 0.1018060331 2
0 0.2541324335 0.1022430882 0.0171165884 0.0617283951 0.2550781250 0.1106023294 2 0.2552083333 0.0807412183 2
0 0.1223347027 0.1270213876 0.0244522692 0.0312989045 0.1268229167 0.1261115887 2 0.1162760417 0.1318986257 2
0 0.1856660798 0.0709441836 0.0151604069 0.0512954269 0.1860677083 0.0726393664 2 0.1828125000 0.0930097368 2
0 0.1599982643 0.0809424448 0.0288536776 0.0347765606 0.1672021149 0.0778135406 2 0.1541892535 0.0868225496 2
0 0.1321156103 0.0744218397 0.0166275430 0.0426012867 0.1382812500 0.0594449220 2 0.1321614583 0.0800467738 2
0 0.0951926839 0.0800730308 0.0141823161 0.0382542167 0.0942708333 0.0717134405 2 0.0972656250 0.0913893664 2
0 0.1037509781 0.3300295601 0.0205399061 0.0443401148 0.1045138889 0.3135191552 2 0.1041666667 0.3391364392 2
0 0.0770980047 0.1452790819 0.0210289515 0.0278212485 0.0778739528 0.1459312183 2 0.0687218094 0.1571326636 2
0 0.0685397105 0.1909233177 0.0146713615 0.0530342549 0.0695237017 0.1703111324 2 0.0674403684 0.1969315028 2
0 0.0455545775 0.0913754130 0.0166275430 0.0452095288 0.0496093750 0.0800467738 2 0.0442708333 0.0967134405 2
0 0.9462436650 0.2805639230 0.0131003385 0.0443813240 0.9431754566 0.2703445870 2 0.9501513868 0.2921440429 2
0 0.9128765649 0.1835332986 0.0229851330 0.0434707007 0.9175463371 0.1835755080 2 0.9050463371 0.1724643969 2
0 0.9001613850 0.1348461137 0.0190727700 0.0347765606 0.8989583333 0.1342134405 2 0.9066406250 0.1423152924 2
0 0.9471807664 0.1451426392 0.0208869022 0.0379813312 0.9528645833 0.1413893664 2 0.9397047838 0.1474413674 2
0 0.9297486307 0.1257172666 0.0205399061 0.0269518345 0.9348958333 0.1270375146 2 0.9248697917 0.1242597368 2
0 0.9678941706 0.1835332986 0.0176056338 0.0382542167 0.9748697917 0.1761115887 2 0.9651041667 0.1918523294 2
0 0.9725401017 0.2217875152 0.0180946792 0.0417318727 0.9670138889 0.2238586614 2 0.9743055556 0.2275623651 2
0 0.9828100548 0.2591723179 0.0171165884 0.0573813250 0.9833033453 0.2484677454 2 0.9829235710 0.2694461865 2
0 0.9639818075 0.2848200313 0.0146713615 0.0495565989 0.9611979167 0.2710189961 2 0.9636718750 0.2900004775 2
0 0.9126320423 0.1113719353 0.0127151800 0.0434707007 0.9108072917 0.0920838109 2 0.9164062500 0.1080560331 2
0 0.9113479448 0.4915078855 0.0130459216 0.0438878185 0.9100260417 0.5001856627 2 0.9121093750 0.4754171442 2
0 0.9182560642 0.5230394714 0.0171165884 0.0512954269 0.9173177083 0.5298152924 2 0.9235677083 0.5089819590 2
0 0.9295041080 0.5569466180 0.0220070423 0.0373848026 0.9270833333 0.5506486257 2 0.9352864583 0.5603708479 2
0 0.8490561424 0.1257172666 0.0156494523 0.0530342549 0.8500000000 0.1344449220 2 0.8490885417 0.1096764035 2
0 0.7397544992 0.0239958268 0.0278755869 0.0269518345 0.7467447917 0.0168523294 2 0.7311197917 0.0233338109 2
0 0.2512352636 0.1819784044 0.0230593379 0.0674464255 0.2470798661 0.1709418666 2 0.2522147614 0.2045767567 2
0 0.6392556729 0.5439054078 0.0185837246 0.0756390193 0.6394747851 0.5267501293 2 0.6382712378 0.5660912146 2
0 0.2208773474 0.1557120501 0.0229851330 0.0399930447 0.2215277778 0.1644450812 2 0.2303819444 0.1783339701 2
0 0.8798660016 0.5930272996 0.0146713615 0.0556424970 0.8762560964 0.5785799233 2 0.8806403793 0.6049562660 2
0 0.6903609155 0.9103634151 0.0249413146 0.0417318727 0.6829427083 0.9182412183 2 0.6978515812 0.9074853754 2
0 0.6705545775 0.9807859503 0.0215179969 0.0312989045 0.6715396235 0.9861431584 2 0.6710258814 0.9944280125 2
0 0.7737431534 0.9034081029 0.0234741784 0.0573813250 0.7759114583 0.8879171442 2 0.7779947917 0.9110652924 2
0 0.8062646714 0.8868892367 0.0239632238 0.0573813250 0.8082031250 0.8814356627 2 0.8010416667 0.9006486257 2
0 0.0855598326 0.4793481506 0.0138862034 0.0421600466 0.0866585784 0.4677059919 2 0.0839472972 0.4837418668 2
0 0.3301789906 0.0357329160 0.0264084507 0.0417318727 0.3373697917 0.0247226998 2 0.3389322917 0.0450930701 2
0 0.9678941706 0.5286906625 0.0185837246 0.0643366371 0.9664062500 0.5170838109 2 0.9639322917 0.5388430701 2
0 0.4365767502 0.3698351531 0.0224791265 0.0403197031 0.4423085827 0.3744651688 2 0.4265999139 0.3676063484 2
0 0.4353237480 0.3965397322 0.0224960876 0.0417318727 0.0000000000 0.0000000000 0 0.0000000000 0.0000000000 0
0 0.9444199922 0.4752217006 0.0166275430 0.0426012867 0.9479166667 0.4720068096 2 0.9402777778 0.4852784145 2
0 0.9417302426 0.4487045731 0.0210289515 0.0434707007 0.9412760417 0.4483338109 2 0.9488281250 0.4358338109 2
0 0.9292595853 0.2365675535 0.0146713615 0.0452095288 0.9273437500 0.2263430701 2 0.9290364583 0.2462504775 2
0 0.9350973879 0.2933940617 0.0127766640 0.0458387232 0.9368605675 0.2752351674 2 0.9350138833 0.3015060001 2
0 0.9165444053 0.3487219614 0.0156494523 0.0521648409 0.9162326389 0.3548771799 2 0.9176215278 0.3314203898 2
0 0.9334164710 0.3765432099 0.0141823161 0.0556424970 0.9344618056 0.3630561923 2 0.9332465278 0.3803401429 2
0 0.9414857199 0.3617631716 0.0117370892 0.0399930447 0.0000000000 0.0000000000 0 0.0000000000 0.0000000000 0
0 0.9522447183 0.3665449487 0.0117370892 0.0426012867 0.9523437500 0.3492597368 2 0.9506510417 0.3726393664 2
0 0.9605584898 0.3891497131 0.0136932707 0.0512954269 0.9636718750 0.3700930701 2 0.9627604167 0.3886115887 2
0 0.9683832160 0.3456790123 0.0185837246 0.0391236307 0.9640619044 0.3420436210 2 0.9737039984 0.3536857779 2
0 0.9840326682 0.3761085029 0.0156494523 0.0547730829 0.9851562500 0.3585189961 2 0.9855468750 0.3876856627 2
0 0.0487114644 0.1637764933 0.0140494541 0.0392492685 0.0498013301 0.1575563197 2 0.0446977324 0.1767066185 2
0 0.0573418433 0.3273745807 0.0188664098 0.0353243417 0.0577259482 0.3190280953 2 0.0536539252 0.3364931564 2
0 0.2696893064 0.6929279954 0.0140494541 0.0531649183 0.2691127314 0.6845863468 2 0.2708116662 0.7080921324 2
0 0.8445126846 0.7887318918 0.0190671162 0.0299721687 0.0000000000 0.0000000000 0 0.0000000000 0.0000000000 0
0 0.9462708735 0.3180974809 0.0182642903 0.0510240491 0.0000000000 0.0000000000 0 0.0000000000 0.0000000000 0
0 0.9647358703 0.1441518590 0.0130459216 0.0399628916 0.9638557802 0.1342213865 2 0.9654618045 0.1532032342 2
0 0.9393464997 0.1034753443 0.0168593449 0.0264040534 0.9333333333 0.1006486257 2 0.9424744121 0.1099293487 2
