0 0.0656054382 0.7799513128 0.0185837246 0.0591201530 0.0643229167 0.7647689961 2 0.0628906250 0.7918523294 2
0 0.0717185055 0.7347417840 0.0171165884 0.0521648409 0.0716145833 0.7244912183 2 0.0730468750 0.7497226998 2
0 0.0582697574 0.7012693445 0.0215179969 0.0478177708 0.0584635417 0.6964819590 2 0.0542968750 0.7101393664 2
0 0.1783161246 0.9126387990 0.0151318579 0.0358496724 0.1805989583 0.8999541812 2 0.1750000000 0.9173152924 2
0 0.2007573546 0.8745285364 0.0161384977 0.0495565989 0.1978740305 0.8627126477 2 0.1997554229 0.8892544687 2
0 0.2155533459 0.9848345291 0.0270084915 0.0303309418 0.2170572917 0.9862967738 2 0.2084635417 0.9900004775 2
0 0.2683235191 0.9236999302 0.0190903090 0.0492777946 0.2662006412 0.9156010537 2 0.2697030085 0.9385880713 2
0 0.3407179186 0.8963441141 0.0170676839 0.0571639715 0.3438802083 0.8941671442 2 0.3401595820 0.9167717291 2
0 0.1713147742 0.7112676056 0.0298317684 0.0312989045 0.1613281250 0.7126856627 2 0.1766927083 0.7154634405 2
0 0.4639329030 0.9342723005 0.0288536776 0.0408624587 0.4658854167 0.9247226998 2 0.4545572917 0.9446301072 2
0 0.5649207746 0.9786124152 0.0303208138 0.0373848026 0.5699218750 0.9856023294 2 0.5579427083 0.9696301072 2
0 0.5705447966 0.9338375935 0.0210289515 0.0504260129 0.5686197917 0.9196301072 2 0.5747395833 0.9476393664 2
0 0.5158112085 0.7603434094 0.0240422136 0.0372926265 0.5099183506 0.7582978000 2 0.5222616424 0.7647227824 2
0 0.2042498044 0.2543905408 0.0229851330 0.0634672231 0.2030009047 0.2412491734 2 0.2041727797 0.2731936179 2
0 0.4218477312 0.3064927930 0.0207242583 0.0530023916 0.4208307324 0.2971033726 2 0.4191379041 0.3214992359 2
0 0.4076926839 0.2761258911 0.0200508607 0.0669448792 0.4087239583 0.2638430701 2 0.4066406250 0.2932412183 2
0 0.4671116980 0.4004520953 0.0205399061 0.0582507390 0.4662760417 0.3881486257 2 0.4652343750 0.4156949220 2
0 0.3062157668 0.4408798470 0.0293427230 0.0556424970 0.3080729167 0.4242597368 2 0.2975226423 0.4556736010 2
0 0.0538683490 0.5073900191 0.0146713615 0.0478177708 0.0529947917 0.4964819590 2 0.0547920335 0.5124541812 2
0 0.0495525235 0.1747304817 0.0158206182 0.0397756912 0.0499651700 0.1701196231 2 0.0516245674 0.1849852104 2
0 0.1315287559 0.1607111807 0.0125195618 0.0373848026 0.1337829674 0.1495323157 2 0.1261386703 0.1664899710 2
0 0.1825117371 0.2371109372 0.0204910016 0.0306468440 0.1750000000 0.2409264035 2 0.1903645833 0.2288893664 2
0 0.6517263302 0.6078073379 0.0190727700 0.0625978091 0.6508846426 0.5969006899 2 0.6493489583 0.6339819590 2
0 0.2600009781 0.3861067640 0.0308098592 0.0434707007 0.2562500000 0.3822887752 2 0.2667968750 0.3980295160 2
0 0.2920940693 0.3740607142 0.0382667771 0.0280727413 0.2798177083 0.3756486257 2 0.2955729167 0.3761115887 2
0 0.1771077856 0.6656233698 0.0156494523 0.0478177708 0.1772135417 0.6562041812 2 0.1795572917 0.6812041812 2
0 0.1956915102 0.6486697966 0.0156494523 0.0539036689 0.1953125000 0.6487967738 2 0.2026041667 0.6337504775 2
0 0.1561591041 0.2610505480 0.0134525887 0.0484083806 0.1554687500 0.2487967738 2 0.1563802083 0.2751856627 2
0 0.1582795383 0.1631020692 0.0210289515 0.0339071466 0.1597630000 0.1652621809 2 0.1521217887 0.1536544822 2
0 0.2292155712 0.1198487220 0.0127640845 0.0499913059 0.2293402778 0.1096611306 2 0.2293402778 0.1300315009 2
0 0.1587319053 0.4734828725 0.0175322770 0.0582507390 0.1590791793 0.4631431919 2 0.1582413387 0.4906894882 2
0 0.1411629499 0.4543557642 0.0190727700 0.0460789428 0.1384114583 0.4460189961 2 0.1446614583 0.4636115887 2
0 0.1203785211 0.4547904712 0.0176056338 0.0539036689 0.1180176722 0.4438678685 2 0.1195801722 0.4658586093 2
0 0.1394261347 0.6049174466 0.0214676841 0.0724674789 0.1368489583 0.5978708514 2 0.1364583333 0.6214819626 2
0 0.2839275235 0.6373674144 0.0209555947 0.0695531212 0.2829427083 0.6300467774 2 0.2826822917 0.6518060366 2
0 0.3604998044 0.2882976874 0.0264084507 0.0460789428 0.3631510417 0.2830560331 2 0.3511718750 0.2983338109 2
0 0.3691456019 0.5963900200 0.0169415819 0.0614052097 0.3695080170 0.5961126515 2 0.3713533018 0.6170780155 2
0 0.4546410407 0.4882629108 0.0229851330 0.0669448792 0.4555989583 0.4818986257 2 0.4527343750 0.5140745516 2
0 0.4343456573 0.4587028343 0.0234741784 0.0825943314 0.4295572917 0.4492597403 2 0.4317708333 0.4923152959 2
0 0.5146276419 0.7180937574 0.0269547221 0.0477824936 0.5192708333 0.7295838109 2 0.5117187500 0.7094449220 2
0 0.6232065989 0.6906946982 0.0226749349 0.0515787830 0.6255208333 0.6886115887 2 0.6220052083 0.7108338109 2
0 0.6859595070 0.2896018084 0.0210289515 0.0660754651 0.6873697917 0.2842134405 2 0.6910156250 0.3094449220 2
0 0.7478126741 0.3131528002 0.0205177582 0.0610126079 0.7471354167 0.3045838109 2 0.7541537874 0.3327213318 2
0 0.7742321987 0.3721961398 0.0185837246 0.0660754651 0.7796875000 0.3562041812 2 0.7739583333 0.3832875146 2
0 0.3548685492 0.1244979248 0.0268830296 0.0766779918 0.3598958333 0.1103708514 2 0.3528645833 0.1446301107 2
0 0.8973717779 0.2047224202 0.0224960876 0.0382542167 0.9040955406 0.2016662555 2 0.8906840823 0.2113884777 2
0 0.9410892987 0.2046035017 0.0242670208 0.0473568904 0.9477134370 0.2000127148 2 0.9357142619 0.2096547169 2
0 0.8385416667 0.3348113372 0.0141823161 0.0591201530 0.0000000000 0.0000000000 0 0.0000000000 0.0000000000 0
0 0.8897062476 0.4236981094 0.0174869571 0.0525779264 0.8896183924 0.4241132309 2 0.8903240772 0.4080661251 2
0 0.9431973787 0.4826117197 0.0161384977 0.0539036689 0.9498697917 0.4731023294 2 0.9428385417 0.4925467738 2
0 0.6587196792 0.5278212485 0.0183881064 0.0469483568 0.6569218626 0.5321979513 2 0.6627020312 0.5157343045 2
0 0.7922121059 0.5838773999 0.0167974287 0.0493073820 0.7967447917 0.5682412183 2 0.7885416667 0.5987967738 2
0 0.8651592419 0.8113384105 0.0225668840 0.0471247432 0.8565104167 0.8008801072 2 0.8682291667 0.8168523294 2
0 0.8050420579 0.8634150583 0.0205399061 0.0469483568 0.8108967505 0.8710652593 2 0.8015371798 0.8514089002 2
0 0.8529929577 0.3541557990 0.0196107199 0.0482524778 0.8514322917 0.3622226998 2 0.8555922516 0.3405887990 2
0 0.8600841158 0.4002347418 0.0161874022 0.0473830638 0.8605468750 0.4129171442 2 0.8636290263 0.3939165428 2
0 0.4223640454 0.9094940010 0.0337441315 0.0434707007 0.4309895833 0.9152319590 2 0.4143229167 0.9163893664 2
0 0.1551007433 0.6621457138 0.0215179969 0.0547730829 0.1527343750 0.6575930701 2 0.1498697917 0.6830560331 2
0 0.2176443990 0.7448515669 0.0242077465 0.0499913059 0.2113223884 0.7383407905 2 0.2213313948 0.7522254222 2
0 0.4864774471 0.7860190033 0.0230820459 0.0622131730 0.4851562500 0.7923152924 2 0.4901184700 0.7722107512 2
0 0.4817830595 0.7199617458 0.0244522692 0.0521648409 0.4882812500 0.7325930701 2 0.4811197917 0.7099078850 2
0 0.4116050469 0.5291253695 0.0229851330 0.0617283951 0.4153645833 0.5059574268 2 0.4110243056 0.5368216244 2
0 0.4805954601 0.5543764981 0.0201208889 0.0581744946 0.4776041667 0.5457875146 2 0.4865885417 0.5680097368 2
0 0.3265628073 0.2222171013 0.0289569917 0.0408727005 0.3360677083 0.2228708479 2 0.3162760417 0.2161578850 2
0 0.3805506651 0.0822465658 0.0224960876 0.0478177708 0.3762697759 0.0707780855 2 0.3844729009 0.0955466040 2
0 0.5233519171 0.1352808207 0.0215179969 0.0652060511 0.5222656250 0.1430097368 2 0.5222656250 0.1108338109 2
0 0.5091783705 0.3512021811 0.0234917175 0.0454655735 0.5033744244 0.3396779322 2 0.5137958760 0.3649717272 2
0 0.5204187329 0.4202540237 0.0322791717 0.0381358671 0.5121093750 0.4214819590 2 0.5285156250 0.4168523294 2
0 0.7066970156 0.3386423349 0.0287598372 0.0572185944 0.7093750000 0.3293523294 2 0.6983072917 0.3497226998 2
0 0.6162705399 0.1661450183 0.0200508607 0.0643366371 0.6169270833 0.1478708479 2 0.6148437500 0.1807412183 2
0 0.7390209311 0.4817423057 0.0264084507 0.0434707007 0.7398835862 0.4775791055 2 0.7332429612 0.4960976240 2
0 0.7812841180 0.9227690654 0.0186563132 0.0459685591 0.7797534930 0.9143870580 2 0.7837355026 0.9333751436 2
0 0.6810690532 0.5499913059 0.0180946792 0.0512954269 0.6791666667 0.5497226998 2 0.6832031250 0.5612967738 2
0 0.7691309561 0.6541235487 0.0269649639 0.0395185085 0.7735290627 0.6502043017 2 0.7582739258 0.6630140462 2
0 0.8113996479 0.5765084333 0.0166275430 0.0625978091 0.8117769906 0.5846520436 2 0.8116172561 0.5522729278 2
0 0.9035847027 0.9399234916 0.0200508607 0.0434707007 0.9062500000 0.9295838109 2 0.9001302083 0.9455560331 2
0 0.7042987089 0.2782994262 0.0283646322 0.0521648409 0.7107922311 0.2906198052 2 0.6999318971 0.2674768215 2
0 0.7659624029 0.3109018828 0.0147593129 0.0512942889 0.7653645833 0.2990282553 2 0.7671109392 0.3253408494 2
0 0.8174149061 0.3013388976 0.0218114241 0.0426012867 0.8150032248 0.2939459513 2 0.8236363332 0.3130040447 2
0 0.9087196792 0.3413319423 0.0166275430 0.0547730829 0.9092447917 0.3249541812 2 0.9098739573 0.3491103735 2
0 0.9049076216 0.4340286597 0.0168281541 0.0450012791 0.9072293361 0.4238571188 2 0.9016920798 0.4498187772 2
0 0.9156853753 0.7933612274 0.0161384977 0.0504260129 0.9169270833 0.7812041812 2 0.9162760417 0.8029634405 2
0 0.8062646714 0.3756737959 0.0171165884 0.0382542167 0.8032118056 0.3649080441 2 0.8108506944 0.3781796491 2
0 0.8522865944 0.2957053451 0.0191760840 0.0487224621 0.8536458333 0.2853708479 2 0.8527343750 0.3122226998 2
0 0.7818124022 0.5178229873 0.0190727700 0.0373848026 0.7844315675 0.5072343116 2 0.7822648509 0.5282681507 2
0 0.8513366686 0.4811744554 0.0221666861 0.0307026049 0.8480468750 0.4768060331 2 0.8567708333 0.4839819590 2
0 0.8529574315 0.4461088488 0.0185615767 0.0290866783 0.8520578911 0.4456210702 2 0.8558974537 0.4525918872 2
0 0.8776926301 0.6925018048 0.0210836170 0.0372380037 0.8881510417 0.6983338109 2 0.8769531250 0.6937041812 2
0 0.8849031690 0.6224786994 0.0173122066 0.0419492262 0.8906189952 0.6338817868 2 0.8819011801 0.6144188223 2
0 0.9089642019 0.6225873761 0.0171165884 0.0452095288 0.9123697917 0.6092134405 2 0.9057291667 0.6318986257 2
0 0.9200368551 0.5899183479 0.0146713615 0.0469483568 0.9175919370 0.5752663141 2 0.9220855214 0.6016720361 2
0 0.9581132629 0.6012867327 0.0156494523 0.0478177708 0.9601141155 0.5893547241 2 0.9588541667 0.6170838109 2
0 0.8862480438 0.5189097548 0.0156983568 0.0395583377 0.8852864583 0.5159264035 2 0.8910156250 0.5302782553 2
0 0.9095949680 0.5259356215 0.0150887144 0.0436300175 0.9100260417 0.5228708479 2 0.9084635417 0.5386115887 2
0 0.8906250000 0.5608589810 0.0146713615 0.0399930447 0.8941406250 0.5562041812 2 0.8895833333 0.5728708479 2
0 0.9045568404 0.5667997872 0.0102580470 0.0368055726 0.9053385417 0.5617597368 2 0.9061755221 0.5792229544 2
0 0.9254355576 0.4971254715 0.0151604069 0.0408624587 0.9217447917 0.4927782553 2 0.9294270833 0.5082875146 2
0 0.9535381921 0.5154110462 0.0162802184 0.0342997485 0.9565505543 0.5192032503 2 0.9488461237 0.5086604714 2
0 0.9072363482 0.4812592347 0.0234417887 0.0331344606 0.9058702590 0.4819203614 2 0.9130876403 0.4835304524 2
0 0.8228922144 0.5456442358 0.0220070423 0.0408624587 0.8213541667 0.5369912183 2 0.8291666667 0.5571301072 2
0 0.9383069249 0.3061206747 0.0220070423 0.0260824204 0.9434895833 0.3080560331 2 0.9333333333 0.3115282553 2
0 0.9684321205 0.4004520953 0.0205399061 0.0482524778 0.9688802083 0.3937041812 2 0.9735515570 0.4075954792 2
0 0.3086826935 0.7337437787 0.0199964512 0.0371663112 0.0000000000 0.0000000000 0 0.0000000000 0.0000000000 0
0 0.6324090376 0.4226221527 0.0185837246 0.0556424970 0.6356770833 0.4124541812 2 0.6304687500 0.4367597368 2
0 0.6172486307 0.3904538341 0.0166275430 0.0434707007 0.6165657861 0.3750006096 2 0.6205609589 0.4024128903 2
0 0.6009511933 0.2174404451 0.0231562989 0.0486871848 0.5985332574 0.2153244375 2 0.6058055206 0.2317558310 2
0 0.5942771960 0.6733081249 0.0190881326 0.0458923147 0.5962239583 0.6610652924 2 0.5928534621 0.6865814507 2
0 0.6261735169 0.9349266369 0.0227402263 0.0349040140 0.6213504698 0.9305820138 2 0.6301099006 0.9410658591 2
0 0.6780369718 0.4157755173 0.0231807512 0.0541210224 0.6795572917 0.4117597368 2 0.6694010417 0.4265745516 2
0 0.6593065336 0.3891497131 0.0273865415 0.0408624587 0.6644531250 0.3851393664 2 0.6518431483 0.3920942522 2
0 0.4928920070 0.0314251061 0.0329768935 0.0365939090 0.5000000000 0.0349078850 2 0.4878906250 0.0244912183 2
0 0.8015654189 0.4914794013 0.0155428097 0.0309518217 0.8014322917 0.4909264035 2 0.8019531250 0.4775004775 2
0 0.8138693271 0.3411145888 0.0196107199 0.0456442358 0.8158854167 0.3339819590 2 0.8148437500 0.3575930701 2
0 0.9441754695 0.2543905408 0.0180946792 0.0304294905 0.9414062500 0.2506486257 2 0.9471354167 0.2652319590 2
0 0.1531445618 0.7786471918 0.0234741784 0.0269518345 0.1567003352 0.7717709764 2 0.1430989583 0.7779634405 2
0 0.3902948944 0.7688662841 0.0351379108 0.0412971657 0.3957031250 0.7689356627 2 0.3819810463 0.7712135443 2
0 0.5369473787 0.5138019475 0.0285602504 0.0471657103 0.5449218750 0.5203245516 2 0.5287760417 0.5034264035 2
0 0.5693975243 0.8851560985 0.0255810422 0.0326417168 0.5769531250 0.8876856627 2 0.5628906250 0.8832875146 2
0 0.5952644404 0.8817427381 0.0254760639 0.0627377802 0.5996093750 0.8784264035 2 0.5910846289 0.8917577950 2
0 0.7540721350 0.8342544115 0.0298138453 0.0352271993 0.7576822917 0.8323615887 2 0.7470052083 0.8383801072 2
0 0.7228824335 0.4626151974 0.0244522692 0.0469483568 0.7204427083 0.4758801072 2 0.7263020833 0.4513430701 2
0 0.8472404014 0.5288442893 0.0136343805 0.0352271993 0.8459635417 0.5231023294 2 0.8498697917 0.5400004775 2
0 0.8387870855 0.5718279361 0.0159976731 0.0391054230 0.8379235169 0.5739598562 2 0.8431324407 0.5601212872 2
0 0.4568754788 0.6736091197 0.0286574194 0.0561898636 0.4540364583 0.6691671442 2 0.4449218750 0.6893060331 2
0 0.7290913255 0.3394127450 0.0163301471 0.0265910959 0.7259114583 0.3344449220 2 0.7354166667 0.3420838109 2
0 0.0797877543 0.8947139628 0.0166275430 0.0399930447 0.0782259948 0.8830499838 2 0.0807420816 0.9052498730 2
0 0.1709947183 0.7560424274 0.0220070423 0.0478177708 0.1714843750 0.7543523294 2 0.1757812500 0.7395375146 2
0 0.0907912754 0.5530342549 0.0171165884 0.0278212485 0.0933593750 0.5578245516 2 0.0850260417 0.5487967738 2
0 0.0810103678 0.4378368979 0.0141823161 0.0373848026 0.0806621413 0.4317315925 2 0.0777704683 0.4531593454 2
0 0.1707501956 0.5921578856 0.0273865415 0.0625978091 0.1630208333 0.5874541812 2 0.1685721097 0.6082142718 2
0 0.2568221831 0.9807859503 0.0156494523 0.0347765606 0.2561631944 0.9780253281 2 0.2562903462 0.9950419339 2
0 0.3223542645 0.9799165363 0.0146713615 0.0330377326 0.3227430556 0.9858956985 2 0.3236979167 0.9969449220 2
0 0.3431386933 0.9778386368 0.0151604069 0.0330377326 0.3406250000 0.9855870565 2 0.3454427083 0.9953245516 2
0 0.2881210876 0.9790471222 0.0195618153 0.0347765606 0.0000000000 0.0000000000 0 0.0000000000 0.0000000000 0
0 0.6035553599 0.2813423752 0.0234741784 0.0434707007 0.6110677083 0.2728708479 2 0.5981966982 0.2911183467 2
0 0.8896713615 0.2956877065 0.0165786385 0.0521648409 0.8886860629 0.2902248328 2 0.8882847845 0.3110581661 2
0 0.9064211659 0.2355894627 0.0198552426 0.0293427230 0.9079427083 0.2346764035 2 0.9016927083 0.2386115887 2
0 0.8166554135 0.4887050147 0.0173581666 0.0486723911 0.8171651096 0.4759079081 2 0.8195188616 0.5080625629 2
0 0.8302278951 0.3739349678 0.0200508607 0.0417318727 0.8331597222 0.3758648343 2 0.8258453363 0.3572471354 2
0 0.5923073161 0.1248478525 0.0205399061 0.0565119110 0.5889322917 0.1177782553 2 0.5971884504 0.1405573873 2
0 0.1832697574 0.4841331942 0.0198063380 0.0499913059 0.1831020266 0.4740085644 2 0.1809933508 0.4926734460 2
0 0.2020980047 0.5024995653 0.0215179969 0.0536863154 0.2029947917 0.4927782553 2 0.1953125000 0.5166208479 2
0 0.2137128326 0.3821944010 0.0220070423 0.0339071466 0.2077868434 0.3739179890 2 0.2174785930 0.3890134920 2
0 0.2216109155 0.4156668405 0.0185837246 0.0504260129 0.2233072917 0.4075930701 2 0.2194010417 0.4286578850 2
0 0.1712636933 0.4243609807 0.0323258998 0.0312989045 0.1775524303 0.4227586090 2 0.1604416442 0.4250181351 2
0 0.1726085681 0.3903451574 0.0330594679 0.0362980351 0.1771528488 0.3914120934 2 0.1623715810 0.3916466783 2
0 0.1120647496 0.3195965919 0.0136932707 0.0391236307 0.1132415565 0.3178353664 2 0.1098847126 0.3356820699 2
0 0.1374891565 0.2556224003 0.0166156370 0.0401375677 0.1411330575 0.2491502617 2 0.1350676320 0.2604976134 2
0 0.1284477700 0.2391757955 0.0210289515 0.0382542167 0.1303385417 0.2335189961 2 0.1248697917 0.2494912183 2
0 0.2131055585 0.1726832620 0.0191786444 0.0478530481 0.2134114583 0.1608338109 2 0.2115885417 0.1876856627 2
0 0.2357838860 0.1758206631 0.0176337987 0.0480419522 0.2358072917 0.1710189961 2 0.2321122526 0.1930316173 2
0 0.1983445814 0.1424534864 0.0181680360 0.0456442358 0.1973958333 0.1342134405 2 0.2000000000 0.1501856627 2
0 0.2479826878 0.1163710659 0.0204665493 0.0543383759 0.2470052083 0.1318986257 2 0.2430989583 0.1092134405 2
0 0.4301668157 0.2511239793 0.0288097660 0.0499787881 0.4342447917 0.2571301072 2 0.4213358885 0.2336719318 2
0 0.5102441565 0.5212317958 0.0231780627 0.0320306234 0.5166666667 0.5231023294 2 0.5026709145 0.5171261674 2
0 0.7299735915 0.8751521475 0.0308098592 0.0356459746 0.7273437500 0.8724078850 2 0.7402343750 0.8731023294 2
0 0.7429332942 0.6982263954 0.0244522692 0.0486871848 0.7368489583 0.6987967738 2 0.7483072917 0.6902319590 2
0 0.8710405887 0.1176177191 0.0292975311 0.0316186759 0.8639322917 0.1156949220 2 0.8787350168 0.1167490349 2
0 0.7551854813 0.7376999538 0.0166796481 0.0479873293 0.7507812500 0.7492597368 2 0.7584635417 0.7228708479 2
0 0.7675884148 0.6966616778 0.0198697091 0.0399065585 0.7651041667 0.6911578850 2 0.7719629348 0.7081436779 2
0 0.6950068466 0.5039123631 0.0322769953 0.0408624587 0.6898437500 0.5052782553 2 0.7088862300 0.4967249086 2
0 0.7067439358 0.4339245349 0.0195618153 0.0608589810 0.7032552083 0.4388430701 2 0.7082031250 0.4205560331 2
0 0.9262275039 0.2805816380 0.0148669797 0.0528169014 0.9259657703 0.2847287857 2 0.9246934489 0.2618772232 2
0 0.9700948748 0.5160841593 0.0151604069 0.0426012867 0.9703125000 0.5094449220 2 0.9710892778 0.5237865437 2
0 0.9664185209 0.4631062342 0.0126981530 0.0374291837 0.9665364583 0.4571301072 2 0.9662760417 0.4761115887 2
0 0.8666617762 0.5334724396 0.0166275430 0.0460789428 0.8634114583 0.5231023294 2 0.8651041667 0.5462504775 2
0 0.8743886933 0.5892236133 0.0154538341 0.0376021561 0.8780129649 0.5796941109 2 0.8746462572 0.6015732444 2
0 0.7167693662 0.6051990958 0.0288536776 0.0591201530 0.7205729167 0.5974078850 2 0.7108072917 0.6177782553 2
0 0.1431191315 0.7217005738 0.0190727700 0.0539036689 0.1428385417 0.7150004775 2 0.1386718750 0.7441671442 2
0 0.0213468310 0.6330203443 0.0190727700 0.0330377326 0.0235677083 0.6358338109 2 0.0173177083 0.6198615887 2
0 0.0303941706 0.4756564076 0.0127151800 0.0382542167 0.0276041667 0.4765745516 2 0.0347656250 0.4636115887 2
0 0.0291715571 0.4187097896 0.0132042254 0.0426012867 0.0298177083 0.4143060331 2 0.0269531250 0.4349078850 2
0 0.0379743740 0.3569813945 0.0190727700 0.0373848026 0.0382812500 0.3497226998 2 0.0334635417 0.3633801072 2
0 0.3538123648 0.5420948872 0.0228144792 0.0549415035 0.3513020833 0.5307412183 2 0.3513908726 0.5612138245 2
0 0.3947329812 0.4860893758 0.0244522692 0.0591201530 0.3882342704 0.4999570231 2 0.3951602456 0.4716728796 2
0 0.2983910407 0.1674491393 0.0215179969 0.0652060511 0.2970052083 0.1566671442 2 0.2971728830 0.1875161001 2
0 0.3966524844 0.5765084333 0.0263350939 0.0556424970 0.3975260417 0.5680097368 2 0.3903190869 0.5927371330 2
0 0.6786238263 0.8586332812 0.0200508607 0.0547730829 0.6791666667 0.8550467738 2 0.6816406250 0.8788893664 2
0 0.7999100899 0.5268078804 0.0210349685 0.0437586088 0.8039062500 0.5129171442 2 0.8049479167 0.5284264035 2
0 0.7247408059 0.5241262389 0.0281690141 0.0378195097 0.7223958333 0.5203245516 2 0.7343332366 0.5302719691 2
0 0.7480682707 0.5417318727 0.0180946792 0.0556424970 0.7522569444 0.5220068096 2 0.7463541667 0.5491673034 2
0 0.7519806338 0.4104503565 0.0229851330 0.0347765606 0.7554285822 0.4173980226 2 0.7490885417 0.4018060331 2
0 0.7737431534 0.4717440445 0.0244522692 0.0582507390 0.7756510417 0.4608338109 2 0.7698353953 0.4888935174 2
0 0.8412314163 0.6808381151 0.0215179969 0.0547730829 0.8430989583 0.6677782553 2 0.8420572917 0.6872226998 2
0 0.8556937173 0.7159685864 0.0192699244 0.0355503846 0.8482638889 0.7071919947 2 0.8612847222 0.7207722417 2
0 0.8321516870 0.7502262297 0.0187245492 0.0536487622 0.8336421611 0.7475954483 2 0.8293547075 0.7662079109 2
0 0.8398108163 0.7889908288 0.0186767968 0.0497352612 0.8445312500 0.7700930701 2 0.8402343750 0.7893060331 2
0 0.8069598327 0.7516953573 0.0273865415 0.0408624587 0.8015625000 0.7478708479 2 0.8154947917 0.7596764035 2
0 0.7830350156 0.7508259433 0.0166275430 0.0373848026 0.7796875000 0.7441671442 2 0.7873658748 0.7588794364 2
0 0.9691167840 0.5752043123 0.0122261346 0.0530342549 0.9696614583 0.5714819590 2 0.9709635417 0.5888430701 2
0 0.9620644808 0.6575499959 0.0137709803 0.0386263350 0.9651041667 0.6492597368 2 0.9626302083 0.6682412183 2
0 0.0487333725 0.3661102417 0.0210289515 0.0243435924 0.0535156250 0.3645375146 2 0.0425781250 0.3751856627 2
0 0.6295447935 0.7339053713 0.0187245492 0.0416909056 0.6306314149 0.7261430668 2 0.6285726892 0.7406629770 2
0 0.7103384194 0.8034254912 0.0215179969 0.0569466180 0.7098958333 0.7950930701 2 0.7138020833 0.8119912183 2
0 0.6753340999 0.9638466017 0.0164056803 0.0390951813 0.6732030242 0.9606821845 2 0.6754460576 0.9778972213 2
0 0.7008753912 0.9786124152 0.0215179969 0.0356459746 0.7013020833 0.9784882910 2 0.7046139052 0.9949246026 2
0 0.2764042900 0.8112473724 0.0254709430 0.0347822505 0.2739583333 0.8138430701 2 0.2801345942 0.8043261473 2
0 0.2636688185 0.7386541471 0.0205399061 0.0426012867 0.2589843750 0.7247226998 2 0.2680989583 0.7492597368 2
0 0.2857766143 0.7229170706 0.0221785922 0.0394286084 0.2888020833 0.7173152924 2 0.2802855171 0.7380190361 2
0 0.3290499615 0.7214917551 0.0249902191 0.0328203791 0.3358072917 0.7275004775 2 0.3246093750 0.7126856627 2
0 0.3382482394 0.6817075291 0.0229851330 0.0452095288 0.3358072917 0.6881486257 2 0.3433593750 0.6682412183 2
0 0.2223078052 0.4533776734 0.0322036385 0.0328203791 0.2290364583 0.4548152924 2 0.2084635417 0.4501856627 2
0 0.1437548905 0.3718701095 0.0291471049 0.0441227613 0.1493489583 0.3594449220 2 0.1355326734 0.3839876155 2
0 0.6062451095 0.4474004521 0.0229851330 0.0669448792 0.6067708333 0.4413893664 2 0.6097656250 0.4719449220 2
0 0.8585925274 0.6269344462 0.0161384977 0.0591201530 0.8602864583 0.6156949220 2 0.8593750000 0.6409264035 2
0 0.7756511345 0.2969593952 0.0233777776 0.0442752501 0.0000000000 0.0000000000 0 0.0000000000 0.0000000000 0
0 0.7928159233 0.2769953052 0.0215179969 0.0547730829 0.7988068360 0.2953473706 2 0.7907822497 0.2732359186 2
0 0.7576046557 0.2530864198 0.0215179969 0.0486871848 0.7653645833 0.2617597368 2 0.7550781250 0.2474078850 2
0 0.7705643584 0.2352634324 0.0161384977 0.0443401148 0.7727864583 0.2460189961 2 0.7660962464 0.2235996869 2
0 0.8321589203 0.2683335973 0.0248910018 0.0390587660 0.8415364583 0.2754171442 2 0.8295572917 0.2580560331 2
0 0.8456806411 0.2403473423 0.0214223642 0.0301643420 0.8524739583 0.2349078850 2 0.8394531250 0.2462504775 2
0 0.8428452660 0.1648408972 0.0188771518 0.0495565989 0.8430989583 0.1564356627 2 0.8444010417 0.1770375146 2
0 0.9359812068 0.4251865826 0.0153994246 0.0399054205 0.9385416667 0.4196301072 2 0.9327631293 0.4328394498 2
0 0.1553452660 0.9673100330 0.0239632238 0.0339071466 0.1529947917 0.9684726998 2 0.1589843750 0.9770375146 2
0 0.1612138106 0.8651538863 0.0171165884 0.0434707007 0.1578935079 0.8547632175 2 0.1636226745 0.8714298842 2
0 0.4309259882 0.9788394415 0.0196561678 0.0390246267 0.4288995309 0.9828502643 2 0.4312670461 0.9941362873 2
0 0.3564896322 0.9080812033 0.0213223787 0.0615110416 0.3541666667 0.8937041812 2 0.3550781250 0.9138430701 2
0 0.2793182707 0.7738654147 0.0283646322 0.0382542167 0.2852864583 0.7765745516 2 0.2735803840 0.7667756951 2
0 0.2988800861 0.5625978091 0.0361893584 0.0382542167 0.2882812500 0.5656949220 2 0.3005208333 0.5594449220 2
0 0.2860670970 0.5209746131 0.0408841941 0.0328203791 0.2750000000 0.5247226998 2 0.2858072917 0.5210189961 2
0 0.2423953443 0.5412971657 0.0347222222 0.0391236307 0.2333333333 0.5425467738 2 0.2485677083 0.5437041812 2
0 0.2406836854 0.4821770127 0.0278755869 0.0452095288 0.2373697917 0.4772689961 2 0.2480468750 0.4941671442 2
0 0.2701119914 0.4499000174 0.0280467527 0.0480351243 0.2720991670 0.4462010007 2 0.2602781061 0.4699286821 2
0 0.4883851721 0.3535037385 0.0327660407 0.0460789428 0.4800409915 0.3478211216 2 0.4928709435 0.3617704434 2
0 0.4751809468 0.2778647192 0.0200508607 0.0565119110 0.4770833333 0.2693986257 2 0.4697731473 0.2952699934 2
0 0.4374205621 0.3306082211 0.0237554435 0.0414439647 0.4338541667 0.3372226998 2 0.4384114583 0.3193986257 2
0 0.5536727308 0.6773604591 0.0244522692 0.0625978091 0.5582031250 0.6687041812 2 0.5524739583 0.6918523294 2
0 0.6531934664 0.8338549817 0.0239632238 0.0539036689 0.6527343750 0.8159264035 2 0.6548177083 0.8427782553 2
0 0.8171092527 0.6792079638 0.0212001174 0.0541210224 0.8179687500 0.6700930701 2 0.8211864896 0.6926659539 2
0 0.9385514476 0.5743348983 0.0136932707 0.0408624587 0.9373697917 0.5636115887 2 0.9362715180 0.5791207497 2
0 0.9356171753 0.5404277517 0.0205399061 0.0356459746 0.9287760417 0.5328245516 2 0.9384114583 0.5369912183 2
0 0.8309614632 0.4569640063 0.0176056338 0.0391236307 0.8319010417 0.4455560331 2 0.8343750000 0.4654634405 2
0 0.8384683099 0.4141453660 0.0163830203 0.0378195097 0.8411458333 0.4256486257 2 0.8358072917 0.4041208479 2
0 0.8137470657 0.4169709616 0.0164319249 0.0391236307 0.8151041667 0.4089819590 2 0.8097991281 0.4288623470 2
0 0.7876809468 0.4356633629 0.0229851330 0.0434707007 0.7898437500 0.4228708479 2 0.7880208333 0.4513430701 2
0 0.7287509781 0.3778473309 0.0273865415 0.0426012867 0.7231770833 0.3714819590 2 0.7351562500 0.3879171442 2
0 0.5287314163 0.0587723874 0.0264084507 0.0512954269 0.5302083333 0.0529634405 2 0.5259226726 0.0751623528 2
0 0.5526946401 0.0909407060 0.0244522692 0.0547730829 0.5470052083 0.1071301072 2 0.5532552083 0.0807412183 2
0 0.9133656103 0.3930620762 0.0171165884 0.0521648409 0.9175781250 0.4043523294 2 0.9087239583 0.3791208479 2
0 0.9277404081 0.3474730322 0.0126110978 0.0392340144 0.9291666667 0.3562041812 2 0.9265625000 0.3353708479 2
0 0.8627972295 0.1688994903 0.0137889034 0.0463714027 0.8574218750 0.1599078850 2 0.8656250000 0.1818986257 2
0 0.3098836072 0.6656233698 0.0298317684 0.0504260129 0.3062467103 0.6568203156 2 0.3178352519 0.6792740193 2
0 0.1452220266 0.1826638845 0.0138888889 0.0326030256 0.1449218750 0.1747226998 2 0.1434895833 0.1897689961 2
0 0.4111160016 0.1439749609 0.0268974961 0.0408624587 0.4023437500 0.1492597368 2 0.4215766823 0.1507214391 2
0 0.4398293027 0.3842148782 0.0285729246 0.0507321285 0.4365885417 0.3751856627 2 0.4457031250 0.3869912183 2
0 0.6204387556 0.8705313940 0.0220297022 0.0437927481 0.6173611111 0.8605870565 2 0.6236111111 0.8877475503 2
0 0.8972271127 0.6864893062 0.0141823161 0.0460789428 0.8972656250 0.6969449220 2 0.8975260417 0.6731023294 2
0 0.7622505869 0.5591201530 0.0249413146 0.0608589810 0.0000000000 0.0000000000 0 0.0000000000 0.0000000000 0
0 0.7774109937 0.5847678665 0.0171165884 0.0617283951 0.7759114583 0.5946301072 2 0.7778645833 0.5578245516 2
0 0.8534575509 0.5830290384 0.0224960876 0.0512954269 0.8555989583 0.5636115887 2 0.8515625000 0.5900004775 2
0 0.3406934664 0.7816901408 0.0278755869 0.0399930447 0.3356770833 0.7724078850 2 0.3462239583 0.7895375146 2
0 0.4152728873 0.8229873066 0.0352112676 0.0391236307 0.4149739583 0.8247226998 2 0.4022135417 0.8344449220 2
0 0.2957012911 0.8316814467 0.0200508607 0.0495565989 0.2972656250 0.8251856627 2 0.2936197917 0.8513430701 2
0 0.3240659233 0.8368979308 0.0210289515 0.0373848026 0.3288194444 0.8230870565 2 0.3196180556 0.8397537231 2
0 0.3627005086 0.8151625804 0.0415688576 0.0356459746 0.3459635417 0.8136115887 2 0.3591145833 0.8173152924 2
0 0.2186766432 0.6612762998 0.0244522692 0.0773778473 0.2123697917 0.6566671477 2 0.2086669290 0.6868609718 2
0 0.1453198357 0.5452095288 0.0381455399 0.0365153886 0.1382324302 0.5487893743 2 0.1489818999 0.5424064768 2
0 0.1169552034 0.5386889237 0.0215179969 0.0391236307 0.1220052083 0.5367597368 2 0.1132812500 0.5457875146 2
0 0.2453296166 0.4200139106 0.0239632238 0.0573813250 0.2436551188 0.4177601877 2 0.2513697453 0.4383777392 2
0 0.1153902582 0.3838245523 0.0149647887 0.0284733090 0.1123697917 0.3751856627 2 0.1131510417 0.3909264035 2
0 0.1289368153 0.3126412798 0.0190727700 0.0391236307 0.1251302083 0.3221764035 2 0.1324218750 0.3052782553 2
0 0.1368104460 0.3333985394 0.0205399061 0.0458615893 0.1395833333 0.3251856627 2 0.1309345187 0.3466327130 2
0 0.1666177621 0.2968831508 0.0328149452 0.0445574683 0.1621093750 0.2983338109 2 0.1748697917 0.2865282553 2
0 0.1436081768 0.2856894453 0.0132042254 0.0286906625 0.1422743056 0.2763277972 2 0.1450520833 0.2942290318 2
0 0.1748337246 0.3608937576 0.0276310642 0.0317336115 0.1802083333 0.3562041812 2 0.1680989583 0.3696301072 2
0 0.3583097900 0.3367282585 0.0298103887 0.0542598556 0.3632812500 0.3284264035 2 0.3499278840 0.3498819939 2
0 0.4663875395 0.1023005560 0.0254491792 0.0470632924 0.4609375000 0.0909264035 2 0.4683593750 0.1112967738 2
0 0.4940091941 0.2861241523 0.0234741784 0.0539036689 0.4998697917 0.2705560331 2 0.4932291667 0.2895375146 2
0 0.5426483421 0.7634768276 0.0209060500 0.0465386853 0.5402343750 0.7531949220 2 0.5472656250 0.7751856627 2
0 0.5639399314 0.7413778938 0.0303153088 0.0475867616 0.5597656250 0.7335189961 2 0.5736979167 0.7538893664 2
0 0.5764133412 0.7056164145 0.0171165884 0.0460789428 0.5787760417 0.6950930701 2 0.5759114583 0.7150004775 2
0 0.6022026118 0.6289936146 0.0369386732 0.0393523639 0.6014322917 0.6256486257 2 0.6165364583 0.6226393664 2
0 0.7126124804 0.1974439228 0.0176056338 0.0625978091 0.7139322917 0.1869912183 2 0.7121093750 0.2200930701 2
0 0.7003863459 0.1626673622 0.0215179969 0.0382542167 0.6985243056 0.1615129824 2 0.7111979167 0.1562660688 2
0 0.7314407277 0.1287602156 0.0229851330 0.0625978091 0.7317708333 0.1177782553 2 0.7357935373 0.1416794752 2
0 0.7104117762 0.0818118588 0.0268974961 0.0452095288 0.7022086178 0.0707473754 2 0.7129850099 0.0852839009 2
0 0.6913390063 0.1270213876 0.0259194053 0.0417318727 0.6845052083 0.1316671442 2 0.7005789190 0.1160733707 2
0 0.9417302426 0.8268996696 0.0132042254 0.0504260129 0.9444010417 0.8101393664 2 0.9421875000 0.8305097368 2
0 0.9407521518 0.7377847331 0.0180946792 0.0321683186 0.9364583333 0.7330560331 2 0.9475260417 0.7402319590 2
0 0.8774207746 0.9403581986 0.0136932707 0.0321683186 0.8826822917 0.9309726998 2 0.8772135417 0.9478708479 2
0 0.8744139777 0.2122666352 0.0174605845 0.0313842528 0.8677083333 0.2066671442 2 0.8770833333 0.2207875146 2
0 0.8407423709 0.2117892540 0.0264084507 0.0304294905 0.8476562500 0.2131486257 2 0.8339843750 0.2108338109 2
0 0.8179452387 0.1926923021 0.0189597262 0.0391839434 0.0000000000 0.0000000000 0 0.0000000000 0.0000000000 0
0 0.8238703052 0.1591897061 0.0200508607 0.0521648409 0.8266493056 0.1508648343 2 0.8242187500 0.1798771799 2
0 0.7862138106 0.2300469484 0.0200508607 0.0391236307 0.7786458333 0.2214819590 2 0.7886718750 0.2298152924 2
0 0.7910112562 0.2090541276 0.0130182089 0.0284368937 0.7934045249 0.2123293704 2 0.7880784942 0.2019605421 2
0 0.7991739614 0.1772226501 0.0152355560 0.0436220516 0.8002182318 0.1745562126 2 0.7988660762 0.1921982955 2
0 0.7937940141 0.1026777952 0.0234741784 0.0330377326 0.7861850425 0.1013298707 2 0.8012173621 0.1018525383 2
0 0.7448894757 0.0657276995 0.0176056338 0.0460789428 0.7462239583 0.0476393664 2 0.7454427083 0.0707875146 2
0 0.2908108372 0.4030603373 0.0327660407 0.0304294905 0.2786458333 0.4006486257 2 0.2927083333 0.4031949220 2
0 0.1946156103 0.3192705616 0.0242566510 0.0541210224 0.1910156250 0.3112967738 2 0.1974534755 0.3299412150 2
0 0.1634145149 0.2026604069 0.0195618153 0.0382542167 0.1662760417 0.2071301072 2 0.1608072917 0.1969449220 2
0 0.1775968310 0.1835332986 0.0224960876 0.0469483568 0.1735677083 0.1751856627 2 0.1848958333 0.1948615887 2
0 0.3140404930 0.2952529995 0.0283646322 0.0547730829 0.3207031250 0.3066671442 2 0.3078488826 0.2845000510 2
0 0.3358030125 0.2683011650 0.0278755869 0.0339071466 0.3269531250 0.2719449220 2 0.3446614583 0.2705560331 2
0 0.3869082551 0.2252651713 0.0312989045 0.0347765606 0.3781250000 0.2307412183 2 0.3996093750 0.2242597368 2
0 0.4023131847 0.1957050948 0.0337441315 0.0399930447 0.4119791667 0.1955560331 2 0.3885416667 0.1913893664 2
0 0.3729704617 0.1587549991 0.0200508607 0.0565119110 0.3722656250 0.1427782553 2 0.3721377460 0.1696212235 2
0 0.3602243643 0.2310341429 0.0199890259 0.0649704900 0.3600260417 0.2335189961 2 0.3600260417 0.2515745516 2
0 0.4857443271 0.1917927317 0.0224960876 0.0569466180 0.4912760417 0.1830560331 2 0.4777343750 0.2078245516 2
0 0.4656445618 0.2309163624 0.0166275430 0.0565119110 0.4665198968 0.2219340703 2 0.4656975527 0.2506456870 2
0 0.5610084116 0.1370196488 0.0205399061 0.0304294905 0.5532552083 0.1379171442 2 0.5647135417 0.1395375146 2
0 0.5798366588 0.1626673622 0.0278755869 0.0347765606 0.5838541667 0.1645375146 2 0.5713541667 0.1615282553 2
0 0.6972075509 0.8329855677 0.0200508607 0.0434707007 0.6970052083 0.8258801072 2 0.6971354167 0.8467134405 2
0 0.7003863459 0.5747696053 0.0234741784 0.0434707007 0.7035156250 0.5640745516 2 0.6956295215 0.5802337230 2
0 0.6998973005 0.5408624587 0.0244522692 0.0295600765 0.7054687500 0.5432412183 2 0.6936197917 0.5443986257 2
0 0.7955056729 0.6325856373 0.0229851330 0.0443401148 0.7941406250 0.6263430701 2 0.8022135417 0.6478708479 2
0 0.7458675665 0.5699878282 0.0303208138 0.0339071466 0.7368489583 0.5670838109 2 0.7566406250 0.5770375146 2
0 0.8671794346 0.4842447159 0.0137504967 0.0504169091 0.8697916667 0.4978708479 2 0.8662760417 0.4705560331 2
0 0.8805995696 0.3804555729 0.0161384977 0.0512954269 0.8845052083 0.3721764035 2 0.8814080170 0.3931824202 2
0 0.8789216447 0.2484360790 0.0157169200 0.0319054460 0.8756510417 0.2487967738 2 0.8834635417 0.2393060331 2
0 0.8021077856 0.4560945922 0.0215179969 0.0408624587 0.7966145833 0.4606023294 2 0.8085937500 0.4497226998 2
0 0.1017214397 0.1539732220 0.0151604069 0.0247782994 0.0958333333 0.1497226998 2 0.1051082068 0.1575974051 2
0 0.1099129499 0.2346113719 0.0122261346 0.0399930447 0.1074218750 0.2434726998 2 0.1131510417 0.2272689961 2
0 0.0555066510 0.4169709616 0.0202953834 0.0304294905 0.0490885417 0.4136115887 2 0.0596354167 0.4177782553 2
0 0.1358323552 0.4065379934 0.0185837246 0.0273865415 0.0000000000 0.0000000000 0 0.0000000000 0.0000000000 0
0 0.2473347027 0.8399408798 0.0290982003 0.0317336115 0.2427083333 0.8400004775 2 0.2555989583 0.8402319590 2
0 0.0372897105 0.8368979308 0.0122261346 0.0352112676 0.0365885417 0.8291208479 2 0.0368489583 0.8460189961 2
0 0.5888106416 0.7845157364 0.0371674491 0.0312989045 0.5817708333 0.7835189961 2 0.5973958333 0.7867597368 2
0 0.4940769819 0.2247860832 0.0167907715 0.0424556257 0.4920138889 0.2112043404 2 0.4949652778 0.2343524886 2
0 0.5877102895 0.5639019301 0.0224960876 0.0547730829 0.5942708333 0.5601393664 2 0.5841145833 0.5805097368 2
0 0.6170530125 0.5182576943 0.0185837246 0.0539036689 0.6154947917 0.5108338109 2 0.6188802083 0.5321301072 2
0 0.8999657668 0.1657103113 0.0273865415 0.0260824204 0.9045572917 0.1631486257 2 0.8904736947 0.1621411723 2
0 0.8955643584 0.1372370023 0.0210289515 0.0299947835 0.8916666667 0.1418523294 2 0.9035156250 0.1450930701 2
0 0.9432462833 0.1554946966 0.0200508607 0.0352112676 0.9399739583 0.1515745516 2 0.9472656250 0.1622226998 2
0 0.9291862285 0.3965397322 0.0193172926 0.0252130064 0.9351023750 0.3978846611 2 0.9228180663 0.3995053241 2
0 0.0564463351 0.4480479607 0.0179973822 0.0239157133 0.0545572917 0.4525004775 2 0.0622395833 0.4434726998 2
0 0.2354203025 0.7046571004 0.0209060500 0.0313489755 0.2268229167 0.7066671442 2 0.2390625000 0.7034264035 2
0 0.4879290285 0.5962284274 0.0221785922 0.0407213496 0.4954861111 0.5879018713 2 0.4817708333 0.6020994022 2
0 0.9559518615 0.9481772348 0.0125436300 0.0339344580 0.9567708333 0.9376856627 2 0.9546875000 0.9552782553 2
0 0.9899469168 0.8869336177 0.0081806283 0.0342576433 0.9897135417 0.8788893664 2 0.9886718750 0.8967134405 2
0 0.9824934555 0.8487977506 0.0125436300 0.0252084545 0.9860677083 0.8467134405 2 0.9787395751 0.8547585798 2
0 0.9556791739 0.7012636546 0.0101803374 0.0342576433 0.9561197917 0.6948615887 2 0.9557291667 0.7115282553 2
0 0.9333187900 0.6241839571 0.0196335079 0.0342576433 0.9357590233 0.6202414291 2 0.9274862426 0.6338337076 2
0 0.9388634380 0.6406664081 0.0110892961 0.0245620839 0.9378906250 0.6339819590 2 0.9378906250 0.6478708479 2
0 0.8919611693 0.7995119902 0.0187245492 0.0281171224 0.8925781250 0.8029634405 2 0.8996093750 0.7987967738 2
0 0.8995055265 0.8389405985 0.0130890052 0.0391054230 0.9000000000 0.8249389083 2 0.9013888889 0.8483956985 2
0 0.9117764689 0.8431420076 0.0096349622 0.0268243811 0.9134114583 0.8381486257 2 0.9121093750 0.8515745516 2
0 0.9609511344 0.7497414517 0.0089077952 0.0381358671 0.9613281250 0.7432412183 2 0.9605468750 0.7589819590 2
0 0.9807664340 0.6589263784 0.0101803374 0.0281171224 0.9798177083 0.6504171442 2 0.9798177083 0.6677782553 2
0 0.9920375218 0.5687576757 0.0123618383 0.0271475664 0.0000000000 0.0000000000 0 0.0000000000 0.0000000000 0
0 0.9953097731 0.4829519747 0.0076352531 0.0332880874 0.9949218750 0.4735652924 2 0.9964843750 0.4911578850 2
0 0.9862201862 0.4879613470 0.0079988365 0.0329649021 0.0000000000 0.0000000000 0 0.0000000000 0.0000000000 0
0 0.9496800465 0.4430385883 0.0196335079 0.0203606748 0.9538194444 0.4433031059 2 0.9437500000 0.4429944639 2
0 0.9604057592 0.3573944800 0.0112710878 0.0265011958 0.9588541667 0.3483338109 2 0.9613281250 0.3659264035 2
0 0.9392270215 0.3441438821 0.0096349622 0.0255316398 0.9402343750 0.3362967738 2 0.9391927083 0.3518060331 2
0 0.8009744037 0.2323217633 0.0109075044 0.0290866783 0.7989583333 0.2258801072 2 0.8029947917 0.2409264035 2
0 0.0781484324 0.3075468974 0.0147914531 0.0450317572 0.0781173617 0.2936363575 2 0.0779324685 0.3150017898 2
0 0.0377875403 0.2399959746 0.0240361113 0.0254741692 0.0315353780 0.2409804937 2 0.0405285815 0.2388768204 2
0 0.0354403216 0.3005523151 0.0184597335 0.0393386913 0.0362686430 0.2894407125 2 0.0350648436 0.3103279706 2
0 0.0462084995 0.2609359389 0.0293462430 0.0273477533 0.0516517542 0.2547679687 2 0.0437410721 0.2637318798 2
0 0.0094340279 0.5435357913 0.0129598767 0.0328655697 0.0124834106 0.5330933495 2 0.0071469908 0.5513896460 2
0 0.1060630115 0.7434982183 0.0120069446 0.0454019210 0.1051084117 0.7308534444 2 0.1060613438 0.7582978892 2
0 0.0973896616 0.7774412365 0.0219174385 0.0240562417 0.0917673622 0.7780104546 2 0.1030119611 0.7722505094 2
0 0.0819521615 0.7815680678 0.0127692903 0.0450631007 0.0837627325 0.7692621143 2 0.0828098004 0.7906077936 2
0 0.0412143138 0.5600812339 0.0197733413 0.0406584367 0.0346629055 0.5468164190 2 0.0482421881 0.5675691627 2
0 0.0117210650 0.6331546093 0.0213456793 0.0304938275 0.0164857255 0.6350791086 2 0.0063846451 0.6276250619 2
0 0.0664739884 0.6172839506 0.0098346179 0.0292585456 0.0683593750 0.6108338109 2 0.0670572917 0.6205560331 2
0 0.1466002670 0.0781383154 0.0416812505 0.0465877920 0.1560945202 0.0828076827 2 0.1349013100 0.0836208515 2
0 0.3039353141 0.0584465027 0.0169145450 0.0554818251 0.3066202004 0.0408701994 2 0.3025451432 0.0664138411 2
0 0.2732675765 0.1226105982 0.0254909339 0.0491289443 0.2807171233 0.1141400905 2 0.2728554334 0.1378575119 2
0 0.2661849086 0.0952932110 0.0221556716 0.0647993835 0.2704183095 0.1149871413 2 0.2639860178 0.0806815853 2
0 0.3305721490 0.0491289443 0.0388319835 0.0487054190 0.3436201719 0.0429878263 2 0.3169380728 0.0603523670 2
0 0.4579867955 0.1245164624 0.0266820991 0.0528559677 0.4495571581 0.1150294938 2 0.4661381768 0.1380692746 2
0 0.4167762935 0.0901262013 0.0369737659 0.0470960225 0.4306452674 0.0913120724 2 0.4104894876 0.0895886460 2
0 0.4906668678 0.1132869166 0.0190727700 0.0573813250 0.4860856467 0.1361634104 2 0.4908503072 0.1099048367 2
0 0.1104590936 0.6731429466 0.0240122432 0.0278312995 0.1178777020 0.6791332896 2 0.1045366525 0.6777780084 2
0 0.1620937519 0.9472951250 0.0243950620 0.0379478742 0.1721509974 0.9599717691 2 0.1559511515 0.9413366523 2
0 0.1098025961 0.9445554452 0.0245856484 0.0233786011 0.1014872697 0.9447248553 2 0.1157812514 0.9498071599 2
0 0.1906817152 0.9725081204 0.0171527780 0.0406584367 0.1917813989 0.9870773935 2 0.1901832286 0.9659038689 2
0 0.3179607439 0.8565298602 0.0234741784 0.0530342549 0.3203945325 0.8393517402 2 0.3142957670 0.8701843880 2
0 0.6438367243 0.9745514186 0.0333526238 0.0508971628 0.6507663274 0.9575733448 2 0.6427259628 0.9861613081 2
0 0.0954837974 0.5022866295 0.0169621916 0.0538724286 0.0974849549 0.4862536526 2 0.0967226092 0.5157310192 2
0 0.0651805563 0.5307272060 0.0127692903 0.0406584367 0.0641323310 0.5434939551 2 0.0656570224 0.5255364789 2
0 0.1984822815 0.5805444824 0.0211303603 0.0487305350 0.2040259641 0.5679149556 2 0.1959693302 0.5862694470 2
0 0.2653349012 0.6089464873 0.0304702173 0.0573813250 0.2726653315 0.5999169261 2 0.2671859719 0.6265990252 2
0 0.1086433221 0.6415679213 0.0179913582 0.0422847742 0.1136397358 0.6311810460 2 0.1040341801 0.6561182205 2
0 0.0788005378 0.5731750096 0.0175339508 0.0449953366 0.0767682108 0.5570959532 2 0.0779879639 0.5869121401 2
0 0.0538621014 0.6559421423 0.0174668644 0.0447568071 0.0498147166 0.6752292036 2 0.0556695315 0.6502486601 2
0 0.1287994474 0.9228071876 0.0129072135 0.0452459440 0.1294270833 0.9122226998 2 0.1294488901 0.9378333098 2
0 0.0645970491 0.0318427115 0.0258850429 0.0567005702 0.0731483579 0.0174621321 2 0.0636725833 0.0441689225 2
0 0.0804909277 0.0591658124 0.0171026176 0.0398547486 0.0761528718 0.0548516386 2 0.0844730642 0.0721083339 2
0 0.0695198296 0.1704448724 0.0099102736 0.0436512216 0.0695937868 0.1566868488 2 0.0687062997 0.1806161329 2
0 0.0828623517 0.1769963666 0.0102673238 0.0507566212 0.0849768981 0.1627124247 2 0.0819038279 0.1834712775 2
0 0.1042068080 0.8453544079 0.0136480411 0.0508882726 0.1064570021 0.8308272814 2 0.1018184024 0.8580908877 2
0 0.1268131460 0.8067599952 0.0150618988 0.0559422745 0.1232887569 0.7927377503 2 0.1284107516 0.8131162789 2
0 0.1061417945 0.8720874668 0.0184597335 0.0305032633 0.0999021679 0.8757015776 2 0.1089702172 0.8704491904 2
0 0.1325976303 0.8439470289 0.0162572254 0.0235495611 0.1291798498 0.8409905201 2 0.1367319331 0.8504812608 2
0 0.9368010760 0.9189394843 0.0202598533 0.0344205660 0.9318440134 0.9281189049 2 0.9432795816 0.9077216883 2
0 0.8535444766 0.9321701277 0.0118416827 0.0224791265 0.0000000000 0.0000000000 0 0.0000000000 0.0000000000 0
0 0.8413013809 0.9329538207 0.0146515735 0.0440279583 0.8400489589 0.9447760507 2 0.8426995873 0.9175124443 2
0 0.8650698868 0.9381929700 0.0115003539 0.0310607848 0.8631510417 0.9353708479 2 0.8652343750 0.9460189961 2
0 0.6001701512 0.8290895872 0.0354994874 0.0443743593 0.5904207346 0.8429541092 2 0.6066913330 0.8248756665 2
0 0.5683440923 0.8090766823 0.0215179969 0.0565119110 0.5673771011 0.8323091247 2 0.5687824295 0.7985454162 2
0 0.0782120270 0.3781966274 0.0140518804 0.0312789928 0.0744036420 0.3650999988 2 0.0805568865 0.3836123241 2
0 0.0573316722 0.3867543705 0.0158564377 0.0189330600 0.0525984072 0.3858455837 2 0.0601716312 0.3852144817 2
0 0.0561023458 0.3351441580 0.0127937744 0.0373848026 0.0550040209 0.3266107609 2 0.0555051889 0.3449783625 2
0 0.1051976428 0.2932101650 0.0161877663 0.0382027077 0.1080631614 0.2806184179 2 0.1018625843 0.3051051755 2
0 0.0936995955 0.3069025539 0.0096558606 0.0370246506 0.0940564836 0.2942266599 2 0.0935378180 0.3126485367 2
0 0.1421933819 0.1327061483 0.0238142395 0.0268218350 0.1489634299 0.1289405731 2 0.1384614982 0.1381441439 2
0 0.1113250984 0.1168853494 0.0106498462 0.0389179566 0.0000000000 0.0000000000 0 0.0000000000 0.0000000000 0
0 0.1239763969 0.1166773710 0.0140494541 0.0328266610 0.1223958333 0.1075930701 2 0.1233072917 0.1228708479 2
