0 0.0642633799 0.7807672419 0.0118164631 0.0581733566 0.0627604167 0.7675467738 2 0.0635338661 0.7934668646 2
0 0.0737165503 0.7356828906 0.0147251309 0.0488009825 0.0691406250 0.7270375146 2 0.0747319708 0.7487227032 2
0 0.0574461896 0.7001325060 0.0174520070 0.0423372762 0.0583333333 0.6939356627 2 0.0556635588 0.7097634365 2
0 0.1552311341 0.9334136972 0.0183229430 0.0356675962 0.1602639261 0.9250830272 2 0.1523307649 0.9458917441 2
0 0.1924435831 0.8699356634 0.0161384977 0.0495565989 0.1925781250 0.8566671442 2 0.1914416514 0.8846615957 2
0 0.2172903397 0.9862978690 0.0294143666 0.0274042620 0.2213013066 0.9830135889 2 0.2074741894 0.9959618957 2
0 0.2685545220 0.9228536272 0.0195523148 0.0475851887 0.2678814501 0.9146393185 2 0.2699673965 0.9372303868 2
0 0.3385985922 0.8967850510 0.0187953847 0.0580458453 0.3396409922 0.8848860668 2 0.3379837372 0.9175278046 2
0 0.2940931383 0.8321537069 0.0217250090 0.0468618706 0.2962239583 0.8228708479 2 0.2888020833 0.8450930701 2
0 0.1758851721 0.7112676056 0.0298317684 0.0312989045 0.1677083333 0.7082875146 2 0.1798177083 0.7075930701 2
0 0.4578100420 0.9377858028 0.0166079556 0.0338354541 0.4634213524 0.9288339408 2 0.4526827201 0.9466447050 2
0 0.5649207746 0.9786124152 0.0303208138 0.0373848026 0.5619791667 0.9675467738 2 0.5712239583 0.9830560331 2
0 0.5705447966 0.9338375935 0.0210289515 0.0504260129 0.5686197917 0.9196301072 2 0.5747395833 0.9476393664 2
0 0.5210767678 0.7681931710 0.0319368399 0.0391657358 0.5108865601 0.7716688955 2 0.5289724691 0.7683333253 2
0 0.5502494131 0.7743001217 0.0234741784 0.0582507390 0.5462239583 0.7599078850 2 0.5529139578 0.7908721570 2
0 0.5654789521 0.7510376069 0.0283646322 0.0591201530 0.5628906250 0.7381486257 2 0.5730468750 0.7575930701 2
0 0.2003374413 0.2769953052 0.0229851330 0.0634672231 0.1962239583 0.2728708479 2 0.2026489140 0.2970195666 2
0 0.4220751629 0.3039465706 0.0204511866 0.0652049131 0.4240885417 0.2941671442 2 0.4194010417 0.3224078850 2
0 0.4076926839 0.2761258911 0.0200508607 0.0669448792 0.4058593750 0.2640745516 2 0.4039062500 0.2978708479 2
0 0.4671116980 0.4004520953 0.0205399061 0.0582507390 0.4675781250 0.3853708479 2 0.4628906250 0.4145375146 2
0 0.2969239045 0.4334898279 0.0264084507 0.0634672231 0.2998697917 0.4268060331 2 0.2929687500 0.4566671442 2
0 0.0739892379 0.6590879710 0.0174520070 0.0261780105 0.0783854167 0.6525004775 2 0.0683593750 0.6693986257 2
0 0.0494669405 0.5073900191 0.0146713615 0.0478177708 0.0503906250 0.5001856627 2 0.0519531250 0.5177782553 2
0 0.0506895540 0.1839680056 0.0180946792 0.0582507390 0.0483072917 0.1724078850 2 0.0509153302 0.1898600037 2
0 0.1340223112 0.1631601060 0.0155504910 0.0439532028 0.1373934502 0.1502807125 2 0.1302792792 0.1642637438 2
0 0.1788194444 0.2496087637 0.0268974961 0.0434707007 0.1765625000 0.2437041812 2 0.1875000000 0.2562041812 2
0 0.1778814887 0.2112162829 0.0259996753 0.0292835482 0.1709635417 0.2057412183 2 0.1841998581 0.2125298448 2
0 0.2450170500 0.4331672115 0.0311628168 0.0345523792 0.2420572917 0.4279634405 2 0.2569010417 0.4316671442 2
0 0.3737040297 0.1418014258 0.0283646322 0.0556424970 0.3740885417 0.1293523294 2 0.3725260417 0.1525004775 2
0 0.3431386933 0.6278038602 0.0210289515 0.0556424970 0.3407552083 0.6154634405 2 0.3475260417 0.6485652924 2
0 0.3272447183 0.7712571727 0.0352112676 0.0469483568 0.3251302083 0.7677782553 2 0.3389322917 0.7895375146 2
0 0.6495926457 0.6125464408 0.0151689844 0.0643195675 0.6491516755 0.6059043728 2 0.6477018707 0.6394409973 2
0 0.2600009781 0.3956703182 0.0308098592 0.0434707007 0.2562500000 0.3918523294 2 0.2667968750 0.4075930701 2
0 0.2908504748 0.3781131390 0.0357795882 0.0361775908 0.2953125000 0.3754171442 2 0.2740885417 0.3740282553 2
0 0.2607345462 0.5160841593 0.0264084507 0.0426012867 0.2524739583 0.5235652924 2 0.2621093750 0.5059726998 2
0 0.1771077856 0.6656233698 0.0156494523 0.0478177708 0.1777343750 0.6534264035 2 0.1792968750 0.6807412183 2
0 0.1956915102 0.6469309685 0.0156494523 0.0539036689 0.1932291667 0.6566671442 2 0.1988281250 0.6406949220 2
0 0.1558864165 0.2570454399 0.0147251309 0.0475082412 0.1567708333 0.2478708479 2 0.1566406250 0.2765745516 2
0 0.1490495749 0.2168088682 0.0182184768 0.0316721608 0.1457031250 0.2085189961 2 0.1516927083 0.2298152924 2
0 0.1585347509 0.1743139823 0.0225174674 0.0319873803 0.1601232181 0.1763517920 2 0.1519411304 0.1654013019 2
0 0.2110964397 0.1196313685 0.0210289515 0.0426012867 0.2110243056 0.1110500194 2 0.2092881944 0.1338895256 2
0 0.2294356416 0.1074595722 0.0136932707 0.0565119110 0.2308593750 0.1055097368 2 0.2290364583 0.1337504775 2
0 0.1592576291 0.4769605286 0.0190727700 0.0582507390 0.1618489583 0.4691671442 2 0.1576822917 0.4886115887 2
0 0.1411629499 0.4543557642 0.0190727700 0.0460789428 0.1384114583 0.4460189961 2 0.1446614583 0.4636115887 2
0 0.1203785211 0.4547904712 0.0176056338 0.0539036689 0.1180176722 0.4438678685 2 0.1195801722 0.4658586093 2
0 0.1405183566 0.6030335882 0.0241649854 0.0558745209 0.1399739583 0.5974078850 2 0.1356155826 0.6231387051 2
0 0.1235182236 0.5813739966 0.0183563340 0.0236167154 0.1203073747 0.5784390963 2 0.1308302640 0.5849118069 2
0 0.2867347841 0.7138869230 0.0187986553 0.0487536369 0.2865451389 0.7104327355 2 0.2815821906 0.7339423154 2
0 0.2788292254 0.6399756564 0.0205399061 0.0591201530 0.2782660092 0.6337476393 2 0.2745709078 0.6574696007 2
0 0.2069395540 0.5978090767 0.0342331768 0.0339071466 0.2063802083 0.5974078850 2 0.1936197917 0.5994912183 2
0 0.1902940222 0.3366775316 0.0214820193 0.0419866055 0.1895193116 0.3315612448 2 0.1876987920 0.3492998228 2
0 0.3414270344 0.2700399930 0.0352112676 0.0321683186 0.3303385417 0.2719449220 2 0.3453125000 0.2724078850 2
0 0.3597662363 0.2926447574 0.0249413146 0.0547730829 0.3617797619 0.2836274616 2 0.3549130722 0.3026700133 2
0 0.3686736475 0.5970363907 0.0192699244 0.0630211363 0.3690858706 0.5967517230 2 0.3711847595 0.6182688071 2
0 0.4438820423 0.5938967136 0.0259194053 0.0452095288 0.4500000000 0.5853708479 2 0.4368489583 0.6066671442 2
0 0.4541246617 0.4947475211 0.0219523751 0.0539756586 0.4546664650 0.4898028245 2 0.4555369701 0.5166784966 2
0 0.4353555983 0.4679562790 0.0214542964 0.0640874420 0.4319010417 0.4566671442 2 0.4331251730 0.4871040252 2
0 0.3705252347 0.2296122413 0.0220070423 0.0643366371 0.3649739583 0.2293523294 2 0.3707031250 0.2501856627 2
0 0.5164846061 0.7150087032 0.0288763376 0.0445802278 0.5136045407 0.7111595911 2 0.5243929966 0.7303173574 2
0 0.5530900371 0.6844346897 0.0177929305 0.0524026780 0.5535156250 0.6798152924 2 0.5529317055 0.6628049463 2
0 0.6248182083 0.6868779252 0.0254508435 0.0607668050 0.6256510417 0.6844449220 2 0.6184694316 0.7084962101 2
0 0.8141543048 0.6849001221 0.0161794648 0.0498558867 0.8144303768 0.6777062824 2 0.8134295138 0.6974427349 2
0 0.3140404930 0.2878629804 0.0303208138 0.0504260129 0.3193707542 0.3029660841 2 0.3035184815 0.2736279497 2
0 0.6869886147 0.3018071749 0.0179926454 0.0539708095 0.6877778512 0.2903516430 2 0.6901184734 0.3129741779 2
0 0.7138350939 0.2065727700 0.0229851330 0.0460789428 0.7131510417 0.1976393664 2 0.7146965043 0.2158105696 2
0 0.7502668626 0.3161422644 0.0254261352 0.0669915362 0.7506122256 0.3066065883 2 0.7581249337 0.3376284135 2
0 0.7744139905 0.3699338426 0.0185837246 0.0660754651 0.7775768892 0.3579621765 2 0.7727488245 0.3874712212 2
0 0.7580937011 0.2535211268 0.0224960876 0.0478177708 0.7641493056 0.2627475503 2 0.7546006944 0.2423771799 2
0 0.3540237689 0.1333592496 0.0242153781 0.0499220850 0.3556605937 0.1284548463 2 0.3501001209 0.1472242264 2
0 0.8249935093 0.1606571268 0.0174068151 0.0550996822 0.8246441642 0.1521542640 2 0.8233567851 0.1744611439 2
0 0.8999168623 0.2043992349 0.0224960876 0.0382542167 0.9066406250 0.2013430701 2 0.8932291667 0.2110652924 2
0 0.9395295383 0.2030951139 0.0273865415 0.0443401148 0.9470052083 0.1987967738 2 0.9334635417 0.2078245516 2
0 0.8370948221 0.3235789405 0.0152009900 0.0679542643 0.8385416667 0.3154634405 2 0.8371093750 0.3457875146 2
0 0.8896469092 0.4274039298 0.0166275430 0.0565119110 0.8882812500 0.4404634405 2 0.8861979167 0.4145375146 2
0 0.9431973787 0.4826117197 0.0161384977 0.0539036689 0.9451822917 0.4726393664 2 0.9424479167 0.4918523294 2
0 0.7542201928 0.5937038266 0.0160651408 0.0292084418 0.7554687500 0.5969449220 2 0.7497395833 0.5837504775 2
0 0.6623777854 0.5310718601 0.0280906734 0.0534495801 0.6605141685 0.5380159864 2 0.6711656109 0.5179663566 2
0 0.7085200539 0.7752730916 0.0231140515 0.0465386853 0.7110677083 0.7849078850 2 0.7036458333 0.7640745516 2
0 0.7978839442 0.6440598539 0.0152705061 0.0462155000 0.8001302083 0.6589819590 2 0.7976562500 0.6312041812 2
0 0.7962115242 0.5772521009 0.0146159278 0.0541551617 0.7962239583 0.5608338109 2 0.7934895833 0.5842134405 2
0 0.8654195753 0.8077532157 0.0241783013 0.0429836468 0.8605468750 0.8034264035 2 0.8718750000 0.8154634405 2
0 0.8050420579 0.8634150583 0.0205399061 0.0469483568 0.8100260417 0.8677782553 2 0.7997395833 0.8511115887 2
0 0.8586111391 0.3421224445 0.0191099935 0.0392814542 0.8545599124 0.3506981142 2 0.8609199571 0.3372224980 2
0 0.8838714369 0.3758160429 0.0163612565 0.0507400944 0.8837239583 0.3589819590 2 0.8824671530 0.3840960918 2
0 0.8595706182 0.4043644584 0.0151604069 0.0556424970 0.8576000029 0.4153238492 2 0.8609623731 0.3880974969 2
0 0.8454224840 0.1759259259 0.0209060500 0.0316721608 0.8496455339 0.1828042882 2 0.8370053935 0.1693952205 2
0 0.8718484098 0.1900032637 0.0199475467 0.0442388349 0.8647135417 0.1814356627 2 0.8752195269 0.2034592581 2
0 0.8886628654 0.1653478657 0.0273984475 0.0363708656 0.8925781250 0.1661578850 2 0.8791666667 0.1603708479 2
0 0.3726079664 0.8324023548 0.0207758513 0.0602865789 0.3738076589 0.8194176298 2 0.3752506772 0.8524507433 2
0 0.4103824335 0.9121022431 0.0303208138 0.0469483568 0.4118489583 0.9182412183 2 0.4003906250 0.9022689961 2
0 0.5588440017 0.8434862455 0.0229381488 0.0514285701 0.5542968750 0.8330560331 2 0.5655669437 0.8537747465 2
0 0.1551007433 0.6621457138 0.0215179969 0.0547730829 0.1516927083 0.6606023294 2 0.1489583333 0.6802782553 2
0 0.4857938077 0.8385815670 0.0295394934 0.0409728424 0.4896436283 0.8285166510 2 0.4753510036 0.8416970823 2
0 0.4874745492 0.7797976860 0.0214514252 0.0604356538 0.4884444011 0.7950133937 2 0.4856821176 0.7611197649 2
0 0.4817830595 0.7199617458 0.0244522692 0.0521648409 0.4803385417 0.7092134405 2 0.4876302083 0.7367597368 2
0 0.4116050469 0.5291253695 0.0229851330 0.0617283951 0.4115885417 0.5256486257 2 0.4083333333 0.5538893664 2
0 0.4451481833 0.3892726146 0.0224960876 0.0617283951 0.4510558355 0.3744997816 2 0.4419412522 0.4036664482 2
0 0.5775026193 0.7000192773 0.0208065767 0.0383623244 0.5772135417 0.7126856627 2 0.5798177083 0.6879171442 2
0 0.4798268779 0.5534689619 0.0244522692 0.0791166754 0.4804687500 0.5573615922 2 0.4846959360 0.5755247377 2
0 0.3992955099 0.1801165569 0.0365115988 0.0366372173 0.4095052083 0.1818986257 2 0.3847656250 0.1835189961 2
0 0.3194199922 0.2152669101 0.0273865415 0.0686837072 0.3139322917 0.2025004811 2 0.3214843750 0.2242597403 2
0 0.3834849374 0.0874630499 0.0224960876 0.0478177708 0.3791666667 0.0846764035 2 0.3868489583 0.1101393664 2
0 0.5253080986 0.1352808207 0.0215179969 0.0652060511 0.5264322917 0.1376856627 2 0.5303385417 0.1110652924 2
0 0.4779453974 0.3081707393 0.0203905040 0.0632202822 0.4760333646 0.2992077153 2 0.4777680344 0.3288025440 2
0 0.4663504131 0.2619962064 0.0201062944 0.0508573059 0.4657552083 0.2525004775 2 0.4610890321 0.2782896656 2
0 0.5205180237 0.4213921197 0.0324777531 0.0377987869 0.5274739583 0.4210189961 2 0.5131510417 0.4244912183 2
0 0.5857619814 0.5761437119 0.0221205981 0.0566518821 0.5858319600 0.5668464256 2 0.5847884705 0.5980028102 2
0 0.6994055026 0.3541722997 0.0322825003 0.0430029924 0.7041134291 0.3449447846 2 0.6903090318 0.3677209365 2
0 0.5640615526 0.0840587933 0.0251926224 0.0392704296 0.5544270833 0.0920838109 2 0.5691406250 0.0754171442 2
0 0.5327321148 0.0542910361 0.0366784038 0.0365153886 0.5361979167 0.0492597368 2 0.5204427083 0.0601393664 2
0 0.6199561114 0.1427681368 0.0204499064 0.0566200187 0.6246093750 0.1316671442 2 0.6192752791 0.1532570330 2
0 0.5734724757 0.1112888630 0.0268843098 0.0365199405 0.5716145833 0.1122226998 2 0.5830052039 0.1105861904 2
0 0.6248369635 0.5847195025 0.0200346019 0.0685869792 0.0000000000 0.0000000000 0 0.0000000000 0.0000000000 0
0 0.7379609061 0.4826117197 0.0264084507 0.0434707007 0.7394531250 0.4772689961 2 0.7332806847 0.4921496716 2
0 0.7812033538 0.9222943227 0.0217670362 0.0534218917 0.7791666667 0.9175467738 2 0.7840634783 0.9346200681 2
0 0.6804153071 0.5480049680 0.0167871869 0.0473227511 0.6794270833 0.5499541812 2 0.6859582127 0.5637935349 2
0 0.7047877543 0.5452095288 0.0303208138 0.0486871848 0.7117187500 0.5550467738 2 0.6968750000 0.5335189961 2
0 0.7687673726 0.6462624074 0.0262377969 0.0421335784 0.7730468750 0.6420838109 2 0.7582031250 0.6557412183 2
0 0.8104834559 0.5796372996 0.0147951591 0.0563400765 0.8115885417 0.5867597368 2 0.8106770833 0.5578245516 2
0 0.7777532615 0.5774296253 0.0193663252 0.0364118328 0.7816406250 0.5856023294 2 0.7709635417 0.5728708479 2
0 0.9035847027 0.9399234916 0.0200508607 0.0434707007 0.9084635417 0.9293523294 2 0.9014322917 0.9497226998 2
0 0.7027159686 0.2775677073 0.0201788831 0.0471850559 0.7065104167 0.2853708479 2 0.6996093750 0.2677782553 2
0 0.7730095853 0.2396105025 0.0210289515 0.0495565989 0.7753906250 0.2483338109 2 0.7671875000 0.2265745516 2
0 0.7852357199 0.2278734133 0.0161384977 0.0365153886 0.7778907103 0.2203933874 2 0.7904139026 0.2303583722 2
0 0.7840441779 0.2012386104 0.0196239584 0.0358813255 0.7821614583 0.2001856627 2 0.7906250000 0.2099078850 2
0 0.7666519953 0.3074247957 0.0161384977 0.0443401148 0.7674545236 0.2939127076 2 0.7679078566 0.3199062132 2
0 0.8187353286 0.3017736046 0.0244522692 0.0434707007 0.8139322917 0.2950930701 2 0.8257100227 0.3136768160 2
0 0.9072525430 0.3430707703 0.0136932707 0.0582507390 0.9096354167 0.3240282553 2 0.9082031250 0.3513430701 2
0 0.9187451095 0.3739349678 0.0151604069 0.0556424970 0.9167968750 0.3666208479 2 0.9178385417 0.3886115887 2
0 0.9055408842 0.4282733438 0.0180946792 0.0565119110 0.9087239583 0.4244912183 2 0.9020833333 0.4481023294 2
0 0.9268109658 0.6349167821 0.0215247821 0.0350917801 0.9305989583 0.6302782553 2 0.9243489583 0.6420838109 2
0 0.8060201487 0.3774126239 0.0176056338 0.0417318727 0.8029947917 0.3696301072 2 0.8113281250 0.3886115887 2
0 0.8592841041 0.2401590072 0.0148160268 0.0363583479 0.8598638044 0.2345524173 2 0.8604191426 0.2473285577 2
0 0.8521956986 0.3029377545 0.0189942923 0.0455691293 0.8529513889 0.2857413775 2 0.8493055556 0.3169142170 2
0 0.7818124022 0.5178229873 0.0190727700 0.0373848026 0.7839843750 0.5075930701 2 0.7803385417 0.5284098098 2
0 0.8517053729 0.4811681966 0.0200192392 0.0384465347 0.8549479167 0.4867597368 2 0.8464843750 0.4744912183 2
0 0.8544117655 0.4459614809 0.0214702445 0.0397233443 0.8501302083 0.4388430701 2 0.8578125000 0.4548152924 2
0 0.9116467182 0.1636727644 0.0244378026 0.0367873650 0.9128906250 0.1626856627 2 0.9009114583 0.1522689961 2
0 0.8770563590 0.6913706562 0.0198110749 0.0349757065 0.8861111111 0.6999389083 2 0.8744791667 0.6900623651 2
0 0.8965059628 0.6786406826 0.0150887144 0.0313489755 0.8990961444 0.6720246848 2 0.8966797518 0.6889915329 2
0 0.8855339992 0.6224263524 0.0160505463 0.0420539201 0.8904513889 0.6284882910 2 0.8821180556 0.6087352046 2
0 0.9089642019 0.6225873761 0.0171165884 0.0452095288 0.9123697917 0.6092134405 2 0.9057291667 0.6318986257 2
0 0.9211903365 0.5956355416 0.0151604069 0.0486871848 0.9199218750 0.5865282553 2 0.9233072917 0.6078245516 2
0 0.9581132629 0.6012867327 0.0156494523 0.0478177708 0.9579427083 0.5957875146 2 0.9588541667 0.6170838109 2
0 0.9436864241 0.6047643888 0.0141823161 0.0495565989 0.9459635417 0.5932412183 2 0.9449218750 0.6103708479 2
0 0.8867801047 0.5214110271 0.0181791739 0.0310257902 0.8855553979 0.5199491607 2 0.8919248466 0.5312963876 2
0 0.9070498837 0.5223805830 0.0154522978 0.0403981643 0.9091900269 0.5234812441 2 0.9043701977 0.5406111197 2
0 0.8906250000 0.5608589810 0.0146713615 0.0399930447 0.8925781250 0.5538893664 2 0.8895833333 0.5728708479 2
0 0.9065045084 0.5656572588 0.0143615474 0.0338741453 0.9037586763 0.5583008184 2 0.9087707073 0.5770909668 2
0 0.9341561911 0.5791831274 0.0166398470 0.0366482927 0.9375000000 0.5650004775 2 0.9313856566 0.5834754115 2
0 0.9262438268 0.5032665614 0.0156639188 0.0370741351 0.9208897332 0.4927266140 2 0.9276463693 0.5126379940 2
0 0.9285922048 0.5469426669 0.0225421757 0.0313489755 0.9255208333 0.5462504775 2 0.9329730251 0.5399621877 2
0 0.9557520615 0.5214847709 0.0167955940 0.0447083697 0.9589843750 0.5231023294 2 0.9509114583 0.5126856627 2
0 0.9092360573 0.4773275260 0.0274412070 0.0329023134 0.9027343750 0.4742597368 2 0.9129136301 0.4788302174 2
0 0.8772791179 0.4918242081 0.0153661388 0.0462462253 0.8778960995 0.4794400947 2 0.8778960995 0.5069542678 2
0 0.8228922144 0.5456442358 0.0220070423 0.0408624587 0.8197916667 0.5395375146 2 0.8291666667 0.5571301072 2
0 0.9769415102 0.2830812033 0.0161384977 0.0286906625 0.9740885417 0.2756486257 2 0.9786867909 0.2898874537 2
0 0.9397740610 0.3069900887 0.0249413146 0.0278212485 0.9445312500 0.3059726998 2 0.9348958333 0.3129171442 2
0 0.9678941706 0.4030603373 0.0185837246 0.0478177708 0.9690104167 0.3923152924 2 0.9725260417 0.4101393664 2
0 0.9619102954 0.4380570203 0.0212873357 0.0291309072 0.9563802083 0.4337504775 2 0.9673177083 0.4372226998 2
0 0.3119470984 0.7077927184 0.0161447275 0.0385311001 0.3102864583 0.6976393664 2 0.3115885417 0.7205560331 2
0 0.5657879340 0.6190932194 0.0271646787 0.0347435593 0.5578125000 0.6133648343 2 0.5684027778 0.6192290318 2
0 0.6325088950 0.4234005286 0.0185837246 0.0556424970 0.6351562500 0.4140745516 2 0.6299479167 0.4432412183 2
0 0.6172486307 0.3904538341 0.0166275430 0.0434707007 0.6165657861 0.3750006096 2 0.6205609589 0.4024128903 2
0 0.6021699661 0.2075542746 0.0265719352 0.0463031242 0.5929182271 0.1979027560 2 0.6073625651 0.2085498437 2
0 0.1424781549 0.5486871848 0.0213328138 0.0260824204 0.1466145833 0.5426858219 2 0.1379340278 0.5513277972 2
0 0.1272251565 0.5312989045 0.0264084507 0.0382542167 0.1302083333 0.5288893664 2 0.1197916667 0.5441671442 2
0 0.3184419014 0.3430707703 0.0244522692 0.0460789428 0.3147135417 0.3265745516 2 0.3234375000 0.3513430701 2
0 0.5940533490 0.6700848066 0.0190040220 0.0584794723 0.5960937500 0.6601393664 2 0.5926358886 0.6869986862 2
0 0.6272000034 0.9383009546 0.0247931992 0.0414992906 0.6214392615 0.9337632806 2 0.6319627987 0.9471204403 2
0 0.6781740838 0.4389179756 0.0238147179 0.0554262814 0.6809895833 0.4237967738 2 0.6735677083 0.4497226998 2
0 0.6615883400 0.3933972102 0.0260816096 0.0424021409 0.6579427083 0.3992597368 2 0.6652569243 0.3840251549 2
0 0.4911542748 0.0300955691 0.0295014291 0.0339348349 0.4836477518 0.0308517357 2 0.5009720877 0.0299774517 2
0 0.7801007433 0.0522517823 0.0224960876 0.0278212485 0.7786458333 0.0478708479 2 0.7897135417 0.0654634405 2
0 0.8008851721 0.4791340636 0.0171165884 0.0312989045 0.8007812500 0.4855870565 2 0.8023437500 0.4732413775 2
0 0.8145174402 0.3413177176 0.0209069462 0.0460504934 0.8102864583 0.3346764035 2 0.8177083333 0.3575930701 2
0 0.9441754695 0.2543905408 0.0180946792 0.0304294905 0.9420572917 0.2460189961 2 0.9471354167 0.2652319590 2
0 0.4037803208 0.3800208659 0.0474374022 0.0347765606 0.3874131944 0.3775623651 2 0.4151909722 0.3852784145 2
0 0.5336763037 0.5057259496 0.0333639532 0.0389741136 0.5425781250 0.5112967738 2 0.5243489583 0.5001856627 2
0 0.5566070031 0.5725960702 0.0224960876 0.0599895670 0.5552951389 0.5642907602 2 0.5580729167 0.5886734762 2
0 0.5720354248 0.8864084416 0.0230321172 0.0320761425 0.5774739583 0.8897689961 2 0.5639322917 0.8812041812 2
0 0.6022594675 0.8771650901 0.0306633013 0.0733519621 0.6042968750 0.8703245551 2 0.5966145833 0.8900004811 2
0 0.8952073680 0.8412285002 0.0143094423 0.0391566320 0.8942708333 0.8376856627 2 0.8957031250 0.8538893664 2
0 0.7436340776 0.8334230436 0.0287881082 0.0408679964 0.7481785552 0.8382150875 2 0.7418248113 0.8356891169 2
0 0.7229571345 0.4643136272 0.0243028671 0.0522456372 0.7201822917 0.4733338109 2 0.7260416667 0.4490282553 2
0 0.8471913048 0.5234713335 0.0164448551 0.0469426669 0.8459635417 0.5140745516 2 0.8492377632 0.5407243420 2
0 0.8391506690 0.5724743068 0.0174520070 0.0358735699 0.8381006673 0.5767840683 2 0.8438425423 0.5620092823 2
0 0.7881699922 0.2704747001 0.0229851330 0.0539036689 0.7907552083 0.2599078850 2 0.7886718750 0.2893060331 2
0 0.9099422926 0.8452210471 0.0122261346 0.0373848026 0.9097656250 0.8338934948 2 0.9098958333 0.8496342355 2
0 0.4536629499 0.6712745609 0.0239632238 0.0521648409 0.4563802083 0.6677782553 2 0.4492187500 0.6890745516 2
0 0.7360293048 0.3421448163 0.0209969459 0.0224196946 0.7309209938 0.3408761922 2 0.7421018674 0.3425343155 2
0 0.1275269747 0.9125434885 0.0146018454 0.0513864650 0.1275819059 0.9052999288 2 0.1291444059 0.9335406695 2
0 0.0797877543 0.8947139628 0.0166275430 0.0399930447 0.0782259948 0.8830499838 2 0.0807420816 0.9052498730 2
0 0.1706115474 0.7541072984 0.0181791739 0.0439475129 0.0000000000 0.0000000000 0 0.0000000000 0.0000000000 0
0 0.2805266097 0.8069452524 0.0190442210 0.0313489755 0.2770833333 0.8007105133 2 0.2835069444 0.8133648343 2
0 0.1107189248 0.5955069431 0.0112480438 0.0252130064 0.1119791667 0.6013430701 2 0.1072586088 0.5890123208 2
0 0.0907912754 0.5530342549 0.0171165884 0.0278212485 0.0882812500 0.5441671442 2 0.0907552083 0.5603708479 2
0 0.0810103678 0.4378368979 0.0141823161 0.0373848026 0.0806621413 0.4317315925 2 0.0777704683 0.4531593454 2
0 0.1687940141 0.5956355416 0.0234741784 0.0556424970 0.1649739583 0.5853708479 2 0.1669270833 0.6099078850 2
0 0.2644023865 0.7360459051 0.0239632238 0.0443401148 0.2579427083 0.7247226998 2 0.2661458333 0.7478708479 2
0 0.2587783646 0.9790471222 0.0156494523 0.0347765606 0.2584201389 0.9750932293 2 0.2601562500 0.9917598960 2
0 0.3223542645 0.9799165363 0.0146713615 0.0330377326 0.3226562500 0.9869912183 2 0.3276041667 0.9960189961 2
0 0.3397153756 0.9781777082 0.0151604069 0.0330377326 0.3402777778 0.9871302664 2 0.3451574111 0.9955118010 2
0 0.2897572133 0.9803398635 0.0195618153 0.0347765606 0.0000000000 0.0000000000 0 0.0000000000 0.0000000000 0
0 0.2196547340 0.6673206654 0.0215179969 0.0660754651 0.0000000000 0.0000000000 0 0.0000000000 0.0000000000 0
0 0.4940623193 0.3615304301 0.0317879499 0.0339071466 0.4884114583 0.3599078850 2 0.5009114583 0.3631486257 2
0 0.6866930751 0.2109198400 0.0244522692 0.0634672231 0.6891927083 0.2168523294 2 0.6875000000 0.1971764035 2
0 0.6027614293 0.2798738166 0.0211496766 0.0396641695 0.5983072917 0.2890745516 2 0.6113281250 0.2687041812 2
0 0.8424186316 0.2069517161 0.0229143367 0.0323185314 0.8475581694 0.2106860124 2 0.8333027577 0.2007219926 2
0 0.8901717764 0.2934726389 0.0161384977 0.0504260129 0.8897135417 0.2805097368 2 0.8923177083 0.3094449220 2
0 0.8925974404 0.2486426217 0.0192699244 0.0323185314 0.8878906250 0.2413893664 2 0.8970052083 0.2585189961 2
0 0.9070080203 0.2317857764 0.0141823161 0.0339071466 0.9018229167 0.2298152924 2 0.9097656250 0.2416208479 2
0 0.8194688967 0.4886976178 0.0210289515 0.0539036689 0.8201546800 0.4737373103 2 0.8189616513 0.5045809746 2
0 0.8256643464 0.3800476084 0.0167923078 0.0487406697 0.8252604167 0.3851393664 2 0.8295572917 0.3599078850 2
0 0.7994180360 0.4413145540 0.0229851330 0.0547730829 0.8033854167 0.4538893664 2 0.7933593750 0.4270375146 2
0 0.3370256260 0.6999652234 0.0244522692 0.0312989045 0.3287760417 0.6916208479 2 0.3394531250 0.7117597368 2
0 0.3423423942 0.6664927839 0.0239632238 0.0356459746 0.3367187500 0.6615129824 2 0.3407118056 0.6828092787 2
0 0.3047486307 0.5547730829 0.0264084507 0.0591201530 0.3087239583 0.5548152924 2 0.2988483226 0.5644376686 2
0 0.5969161208 0.1471521912 0.0205399061 0.0565119110 0.5953199989 0.1382492171 2 0.6017972551 0.1628617259 2
0 0.1829763302 0.4852199617 0.0185837246 0.0504260129 0.1785156250 0.4902319590 2 0.1875000000 0.4677782553 2
0 0.1992516197 0.5018463668 0.0296163068 0.0523799184 0.2055989583 0.4920838109 2 0.1906826350 0.5116946370 2
0 0.2015747729 0.4475776575 0.0254597961 0.0335527358 0.2074218750 0.4413893664 2 0.1957031250 0.4575930701 2
0 0.2367724106 0.4705269787 0.0254281836 0.0485130744 0.2401041667 0.4747226998 2 0.2279947917 0.4522689961 2
0 0.2665672690 0.4603585973 0.0229851330 0.0495565989 0.2717447917 0.4450930701 2 0.2611134732 0.4811891043 2
0 0.2081621674 0.3843679360 0.0337441315 0.0382542167 0.2042968750 0.3798152924 2 0.2201600372 0.3916317094 2
0 0.2206109337 0.4188094676 0.0174653229 0.0349925297 0.2166666667 0.4101240935 2 0.2243055556 0.4230870565 2
0 0.1701613943 0.4240813284 0.0301213019 0.0307396000 0.1748113265 0.4218616677 2 0.1587000457 0.4266274184 2
0 0.1715522145 0.3922701895 0.0322051960 0.0353857042 0.1744791667 0.3930097368 2 0.1609674856 0.4005145724 2
0 0.1350067089 0.3871303594 0.0192172395 0.0342633042 0.1381510417 0.3777319590 2 0.1326822917 0.3948615887 2
0 0.1617028560 0.3530690315 0.0298317684 0.0382542167 0.1666666667 0.3534264035 2 0.1545572917 0.3619912183 2
0 0.1267056626 0.3363992637 0.0195009183 0.0333395355 0.0000000000 0.0000000000 0 0.0000000000 0.0000000000 0
0 0.1120647496 0.3195965919 0.0136932707 0.0391236307 0.1115885417 0.3110652924 2 0.1106770833 0.3335189961 2
0 0.1395797615 0.2544206972 0.0207968470 0.0391839434 0.1441406250 0.2481023294 2 0.1365488771 0.2591800806 2
0 0.1284477700 0.2391757955 0.0210289515 0.0382542167 0.1332031250 0.2288893664 2 0.1260941943 0.2443927536 2
0 0.1861551252 0.1848374196 0.0278755869 0.0460789428 0.1824218750 0.1775004775 2 0.1953125000 0.1932412183 2
0 0.2130526213 0.1839680056 0.0220070423 0.0547730829 0.2098346961 0.1755789323 2 0.2151732378 0.1975696731 2
0 0.2333518205 0.1795724809 0.0225037192 0.0459820336 0.2320312500 0.1932412183 2 0.2329427083 0.1705560331 2
0 0.1917791471 0.1487567380 0.0215179969 0.0399930447 0.1959635417 0.1376856627 2 0.1889322917 0.1562041812 2
0 0.1245354069 0.1378890628 0.0229851330 0.0373848026 0.1260416667 0.1362967738 2 0.1181726964 0.1516276513 2
0 0.2504645931 0.1183272474 0.0244522692 0.0504260129 0.2438802083 0.1254171442 2 0.2475260417 0.1043523294 2
0 0.3967755244 0.2140915399 0.0304935371 0.0379967151 0.3928545264 0.2132828569 2 0.4090923349 0.2146623967 2
0 0.4298156797 0.2497347457 0.0281074940 0.0472003207 0.4300771268 0.2548164859 2 0.4212000168 0.2332529086 2
0 0.4705042324 0.2207969647 0.0355767592 0.0337147126 0.4773668489 0.2191119616 2 0.4619727936 0.2284955574 2
0 0.5032192113 0.2280367746 0.0184200345 0.0466216343 0.5029901665 0.2196373227 2 0.5026464893 0.2437818992 2
0 0.5137048739 0.5314871853 0.0286323612 0.0368919501 0.5186197917 0.5302782553 2 0.5048177083 0.5312041812 2
0 0.7291106756 0.8726961913 0.0290840273 0.0307340623 0.7204427083 0.8705560331 2 0.7399739583 0.8717134405 2
0 0.7395099765 0.7060511215 0.0244522692 0.0486871848 0.7420572917 0.7015745516 2 0.7333440098 0.7206364752 2
0 0.8776652973 0.1148495914 0.0327660407 0.0347765606 0.8709635417 0.1131486257 2 0.8817708333 0.1191671442 2
0 0.7515304432 0.7388311024 0.0181723888 0.0457250321 0.7545572917 0.7474078850 2 0.7501302083 0.7193986257 2
0 0.7631818757 0.6897454555 0.0180010753 0.0404194452 0.7670572917 0.7031949220 2 0.7602413180 0.6811056072 2
0 0.7895472876 0.6835474196 0.0170368965 0.0293579516 0.7871527778 0.6831179207 2 0.7942708333 0.6809574268 2
0 0.6698483422 0.6064087648 0.0201055263 0.0429836468 0.6750000000 0.5939356627 2 0.6659035253 0.6227548606 2
0 0.6955641919 0.5051829138 0.0279379337 0.0370286160 0.6893229167 0.5062041812 2 0.7040047339 0.4964171908 2
0 0.7067439358 0.4339245349 0.0195618153 0.0608589810 0.7065104167 0.4383801072 2 0.7096959360 0.4152373929 2
0 0.7420435389 0.3772897224 0.0308098592 0.0295600765 0.7342447917 0.3707875146 2 0.7503306461 0.3808029263 2
0 0.6426787986 0.1630741888 0.0204524668 0.0525073718 0.6451822917 0.1453245516 2 0.6380208333 0.1712504775 2
0 0.8021077856 0.1761432794 0.0205399061 0.0686837072 0.8035156250 0.1719449255 2 0.8016927083 0.1997227033 2
0 0.9262342251 0.2803779402 0.0125330042 0.0441500727 0.9272135417 0.2900004775 2 0.9264322917 0.2636115887 2
0 0.9381729046 0.4385803300 0.0139142756 0.0411144226 0.9364583333 0.4330560331 2 0.9370539918 0.4498492127 2
0 0.9314602895 0.3456790123 0.0151604069 0.0391236307 0.9315104167 0.3390745516 2 0.9287760417 0.3617597368 2
0 0.9700948748 0.5160841593 0.0151604069 0.0426012867 0.9727864583 0.5059726998 2 0.9710892778 0.5237865437 2
0 0.9571351721 0.4804381847 0.0136932707 0.0426012867 0.9584635417 0.4756486257 2 0.9585937500 0.4900004775 2
0 0.8698512611 0.4555182072 0.0112266641 0.0484038287 0.8684895833 0.4393060331 2 0.8709635417 0.4659264035 2
0 0.8651195550 0.5438843552 0.0233240082 0.0390815255 0.8608072917 0.5411578850 2 0.8685507108 0.5511194685 2
0 0.7183195248 0.5949829121 0.0257533603 0.0386877857 0.7234375000 0.5953245516 2 0.7143229167 0.6038893664 2
0 0.1110866588 0.9442705616 0.0146713615 0.0347765606 0.1114583333 0.9321301072 2 0.1126221697 0.9523194315 2
0 0.1446153287 0.7240482192 0.0123618383 0.0507400944 0.1449218750 0.7143060331 2 0.1431947078 0.7382367946 2
0 0.0612411562 0.5902415332 0.0190727700 0.0365153886 0.0563802083 0.5927782553 2 0.0644531250 0.5858338109 2
0 0.0360173359 0.4592912116 0.0132059386 0.0385615573 0.0355663689 0.4499128337 2 0.0346748697 0.4683060760 2
0 0.0291715571 0.4187097896 0.0132042254 0.0426012867 0.0307291667 0.4154634405 2 0.0290420760 0.4329937643 2
0 0.0409086463 0.3465484264 0.0190727700 0.0373848026 0.0373697917 0.3515745516 2 0.0450520833 0.3381486257 2
0 0.3179528560 0.8012519562 0.0176056338 0.0408624587 0.3147055767 0.7942317333 2 0.3188662782 0.8121277100 2
0 0.2724716354 0.7690836376 0.0185837246 0.0339071466 0.2677083333 0.7629171442 2 0.2782552083 0.7807412183 2
0 0.2942341549 0.7764736568 0.0317879499 0.0365153886 0.2958333333 0.7741673034 2 0.2817708333 0.7803401429 2
0 0.3554710864 0.5506376765 0.0303208138 0.0652060511 0.3561197917 0.5474078850 2 0.3467447917 0.5728708479 2
0 0.3939994131 0.4878282038 0.0229851330 0.0556424970 0.3894388994 0.5009613454 2 0.3969611433 0.4697722616 2
0 0.1678159233 0.3035124326 0.0312989045 0.0295600765 0.1619791667 0.3022689961 2 0.1747395833 0.3025004775 2
0 0.1300913849 0.3589279033 0.0167636308 0.0282753011 0.1266927083 0.3684726998 2 0.1356770833 0.3518060331 2
0 0.3010807903 0.1696226743 0.0210289515 0.0608589810 0.2977751560 0.1529529774 2 0.2998903180 0.1883518378 2
0 0.3884290461 0.6086136812 0.0206472157 0.0560258211 0.3882812500 0.5971764035 2 0.3834635417 0.6249541812 2
0 0.6783793036 0.8642844723 0.0195618153 0.0434707007 0.6785156250 0.8552782553 2 0.6829900473 0.8753610424 2
0 0.8448992567 0.9090592940 0.0180946792 0.0582507390 0.8436197917 0.9001856627 2 0.8463738843 0.9285448603 2
0 0.6549051252 0.2300469484 0.0254303599 0.0321683186 0.6591407392 0.2324301569 2 0.6463760535 0.2231395103 2
0 0.7016089593 0.1070248652 0.0190727700 0.0556424970 0.7055989583 0.0981023294 2 0.7016848740 0.1225930290 2
0 0.7712979264 0.0844201009 0.0283646322 0.0295600765 0.7691406250 0.0832875146 2 0.7833333333 0.0858338109 2
0 0.6890815881 0.6143268050 0.0185427574 0.0245620839 0.6848958333 0.6117597368 2 0.6958201185 0.6172801813 2
0 0.7815678795 0.3104677447 0.0205399061 0.0556424970 0.7769829873 0.3016720962 2 0.7849126748 0.3217779163 2
0 0.8281531009 0.4407449968 0.0198136353 0.0501563124 0.8309352655 0.4592196968 2 0.8269428180 0.4320420222 2
0 0.7995861648 0.5276855756 0.0203871184 0.0420032185 0.8009114583 0.5184726998 2 0.7974377822 0.5390595554 2
0 0.7258337601 0.5344359940 0.0254644685 0.0427895675 0.7216145833 0.5316671442 2 0.7345052083 0.5413893664 2
0 0.7502304818 0.5356570500 0.0171364767 0.0434928514 0.7544261159 0.5272809632 2 0.7483939160 0.5431430620 2
0 0.7519806338 0.4104503565 0.0229851330 0.0347765606 0.7570312500 0.4191671442 2 0.7490885417 0.4018060331 2
0 0.7686329492 0.4350983576 0.0181442238 0.0393842273 0.7716584011 0.4251561143 2 0.7658836040 0.4430679486 2
0 0.7732541080 0.4769605286 0.0244522692 0.0582507390 0.7777343750 0.4761115887 2 0.7683593750 0.4964819590 2
0 0.7463519391 0.6490641054 0.0205305605 0.0513762232 0.7498697917 0.6395375146 2 0.7449218750 0.6606023294 2
0 0.8368300078 0.6812728221 0.0215179969 0.0547730829 0.8389108879 0.6775160023 2 0.8334710189 0.7005115015 2
0 0.8534400758 0.7142007400 0.0205049560 0.0597699376 0.8526041667 0.7068986257 2 0.8555989583 0.7312041812 2
0 0.8324285994 0.7529994784 0.0244522692 0.0573813250 0.8360677083 0.7476393664 2 0.8287760417 0.7682412183 2
0 0.8404978482 0.7869066249 0.0200508607 0.0539036689 0.8410156250 0.7918523294 2 0.8451822917 0.7673152924 2
0 0.8025968310 0.7516953573 0.0273865415 0.0408624587 0.8084635417 0.7562041812 2 0.7954427083 0.7425467738 2
0 0.7779000391 0.7573465484 0.0220070423 0.0486871848 0.7792968750 0.7437041812 2 0.7846354167 0.7636115887 2
0 0.9696058294 0.5952008346 0.0122261346 0.0530342549 0.9695278194 0.5856000865 2 0.9715342670 0.6124894383 2
0 0.9575665912 0.6562480964 0.0112480438 0.0356459746 0.9579427083 0.6487967738 2 0.9595052083 0.6696301072 2
0 0.7116343897 0.1331072857 0.0176056338 0.0382542167 0.7079427083 0.1404634405 2 0.7174479167 0.1275004775 2
0 0.7162803208 0.1644061902 0.0249413146 0.0312989045 0.7108072917 0.1624541812 2 0.7265625000 0.1687041812 2
0 0.7370647496 0.1448443749 0.0176056338 0.0617283951 0.7369791667 0.1383801072 2 0.7403988165 0.1575842003 2
0 0.7925714006 0.1044166232 0.0249413146 0.0347765606 0.7871093750 0.0932412183 2 0.7946614583 0.1096764035 2
0 0.8065091941 0.1331072857 0.0205399061 0.0469483568 0.8058593750 0.1281949220 2 0.8067708333 0.1467134405 2
0 0.1391615765 0.2932421951 0.0209060500 0.0319953461 0.1394965278 0.2809574268 2 0.1368449601 0.3008086221 2
0 0.0322680337 0.8502520845 0.0121800465 0.0336112727 0.0326822917 0.8411578850 2 0.0339843750 0.8562041812 2
0 0.1086205643 0.7547508241 0.0112710878 0.0271475664 0.1070312500 0.7446301072 2 0.1095052083 0.7624541812 2
0 0.1212550902 0.6783174973 0.0169066318 0.0232693426 0.1171875000 0.6768060331 2 0.1257812500 0.6761115887 2
0 0.1479784759 0.7810904273 0.0212696335 0.0297330489 0.1404947917 0.7832875146 2 0.1563802083 0.7812041812 2
0 0.3548377908 0.8930183018 0.0190487637 0.0451342701 0.3503906250 0.8844449220 2 0.3570312500 0.9029634405 2
0 0.4371182373 0.3273382458 0.0207242583 0.0468618706 0.4370659722 0.3325006367 2 0.4448784722 0.3167598960 2
0 0.5740983130 0.8145401073 0.0239965096 0.0458923147 0.5716145833 0.8184726998 2 0.5826822917 0.8027319590 2
0 0.7023523851 0.9832428414 0.0196335079 0.0265011958 0.7004454524 0.9788034203 2 0.7057634899 0.9953702268 2
0 0.6606311809 0.8712591300 0.0189063409 0.0371663112 0.6574218750 0.8633801072 2 0.6675781250 0.8812041812 2
0 0.6411794648 0.2609236636 0.0227239674 0.0326417168 0.0000000000 0.0000000000 0 0.0000000000 0.0000000000 0
0 0.4661140198 0.1392443927 0.0285413031 0.0458923147 0.4611979167 0.1330560331 2 0.4733072917 0.1443986257 2
0 0.9450443572 0.1642912546 0.0249054683 0.0229461573 0.9424266669 0.1582775254 2 0.9427186260 0.1709643718 2
0 0.8216077661 0.2143849783 0.0212696335 0.0533255769 0.8196614583 0.2099078850 2 0.8292968750 0.2309726998 2
0 0.8398778360 0.2433100640 0.0207242583 0.0277939370 0.8348090278 0.2423771799 2 0.8445312500 0.2491673034 2
0 0.8209714951 0.2554295133 0.0279959279 0.0287634930 0.8171875000 0.2518060331 2 0.8275609046 0.2579113305 2
0 0.9621327807 0.7264721091 0.0198152996 0.0326417168 0.9628906250 0.7219449220 2 0.9689086631 0.7352862542 2
0 0.9241383072 0.7563667507 0.0170884235 0.0403981643 0.9253906250 0.7531949220 2 0.9218750000 0.7705560331 2
0 0.7637979930 0.5700504169 0.0198152996 0.0323185314 0.0000000000 0.0000000000 0 0.0000000000 0.0000000000 0
0 0.8508762362 0.5920270183 0.0216332170 0.0555878741 0.8592447917 0.5777319590 2 0.8473540656 0.6041793886 2
0 0.8610565736 0.6254766983 0.0179973822 0.0526792063 0.8602864583 0.6156949220 2 0.8574218750 0.6441671442 2
0 0.8768724549 0.5944509082 0.0158158813 0.0442763881 0.8790364583 0.5888430701 2 0.8771360529 0.6089925492 2
0 0.8130635544 0.6274158102 0.0201788831 0.0549415035 0.0000000000 0.0000000000 0 0.0000000000 0.0000000000 0
0 0.3081873673 0.7327592986 0.0187986553 0.0239836439 0.0000000000 0.0000000000 0 0.0000000000 0.0000000000 0
0 0.4990490092 0.2670441142 0.0214525832 0.0365652276 0.5002604167 0.2575006367 2 0.4936631944 0.2760191552 2
0 0.6046532201 0.7480931037 0.0296355272 0.0393174491 0.5994791667 0.7440747108 2 0.6131944444 0.7514821182 2
0 0.6361686129 0.8137532437 0.0210102619 0.0479672879 0.6329427083 0.8013430701 2 0.6404947917 0.8281949220 2
0 0.9564092357 0.9454666981 0.0101733900 0.0345993552 0.9563802083 0.9367597368 2 0.9533854167 0.9562041812 2
0 0.9847177990 0.9065424235 0.0084041047 0.0322403082 0.9865885417 0.8974078850 2 0.9856770833 0.9143060331 2
0 0.9707846780 0.8432413305 0.0068559802 0.0220177715 0.9731583618 0.8374466358 2 0.9706459640 0.8485785620 2
0 0.9871505662 0.8381300621 0.0117215145 0.0306676103 0.9897135417 0.8339819590 2 0.9859375000 0.8478708479 2
0 0.9602795471 0.7679484155 0.0128273178 0.0318471338 0.9609131249 0.7590065484 2 0.9618078304 0.7765209409 2
0 0.9439136589 0.8180781631 0.0128273178 0.0463945899 0.9449218750 0.8050467738 2 0.9433593750 0.8270375146 2
0 0.0783333256 0.3121486828 0.0147914531 0.0450317572 0.0783022549 0.2982381429 2 0.0781173617 0.3196035752 2
0 0.0377875403 0.2433618519 0.0240361113 0.0254741692 0.0292870771 0.2411235435 2 0.0425402191 0.2446997882 2
0 0.0355586533 0.3010782334 0.0184597335 0.0328173039 0.0290504139 0.3043767932 2 0.0376886225 0.3062700992 2
0 0.0320087045 0.2781860602 0.0293462430 0.0273477533 0.0374519593 0.2720180900 2 0.0295412771 0.2809820011 2
0 0.0166763119 0.5343876431 0.0129598767 0.0328655697 0.0197256947 0.5239452013 2 0.0143892749 0.5422414978 2
0 0.1058724251 0.7309618669 0.0120069446 0.0454019210 0.1049178253 0.7183170931 2 0.1058707574 0.7457615379 2
0 0.0973896616 0.7774412365 0.0219174385 0.0240562417 0.0917673622 0.7780104546 2 0.1022496154 0.7810598374 2
0 0.0819521615 0.7815680678 0.0127692903 0.0450631007 0.0837627325 0.7692621143 2 0.0828098004 0.7906077936 2
0 0.0412143138 0.5600812339 0.0197733413 0.0406584367 0.0346629055 0.5468164190 2 0.0482421881 0.5675691627 2
0 0.0122928242 0.6236676407 0.0198209879 0.0413360773 0.0166763119 0.6327073665 2 0.0075281637 0.6120393278 2
0 0.0682627981 0.6156195462 0.0172702152 0.0297330489 0.0668402778 0.6042598960 2 0.0652777778 0.6221611306 2
0 0.1233487235 0.0756988092 0.0357349541 0.0465877920 0.1358161249 0.0803681765 2 0.1146229147 0.0811813453 2
0 0.3032206151 0.0681875865 0.0183439431 0.0554818251 0.3051908022 0.0506112832 2 0.3011157450 0.0761549249 2
0 0.2719572949 0.1336222581 0.0209645064 0.0491289443 0.2742848315 0.1166812428 2 0.2749995306 0.1501397480 2
0 0.2661849086 0.0952932110 0.0221556716 0.0647993835 0.2704183095 0.1149871413 2 0.2639860178 0.0806815853 2
0 0.3210428279 0.0546347743 0.0388319835 0.0487054190 0.3340908508 0.0484936563 2 0.3074087517 0.0658581969 2
0 0.4589397276 0.1218058999 0.0266820991 0.0528559677 0.4505100902 0.1123189314 2 0.4670911089 0.1353587122 2
0 0.4167762935 0.0901262013 0.0369737659 0.0470960225 0.4302640946 0.1035096034 2 0.4081560696 0.0828415648 2
0 0.4870933724 0.0929576982 0.0190727700 0.0573813250 0.4884679769 0.1171047682 2 0.4891826760 0.0887285676 2
0 0.1620937519 0.9472951250 0.0243950620 0.0379478742 0.1721509974 0.9599717691 2 0.1559511515 0.9413366523 2
0 0.1570929672 0.9671376579 0.0210741811 0.0317562264 0.1535156250 0.9643060331 2 0.1652343750 0.9710189961 2
0 0.1098025961 0.9445554452 0.0245856484 0.0233786011 0.1014872697 0.9447248553 2 0.1157812514 0.9498071599 2
0 0.1876323325 0.9721693001 0.0171527780 0.0332043900 0.1832050099 0.9813174483 2 0.1891131890 0.9691199173 2
0 0.2402436225 0.8513085418 0.0255283248 0.0326477512 0.2326646110 0.8526771099 2 0.2452698015 0.8505039940 2
0 0.3179607439 0.8565298602 0.0234741784 0.0530342549 0.3144531250 0.8476393664 2 0.3197916667 0.8747226998 2
0 0.6410077071 0.9777278590 0.0306725023 0.0445442821 0.6474906233 0.9729261399 2 0.6380690011 0.9799044782 2
0 0.0951026246 0.5117735981 0.0169621916 0.0538724286 0.0971037820 0.4957406212 2 0.0963414363 0.5252179878 2
0 0.0520300932 0.4166396326 0.0219174385 0.0237174214 0.0452642752 0.4168700304 2 0.0553653556 0.4185641320 2
0 0.0663240749 0.5253060811 0.0127692903 0.0406584367 0.0652758495 0.5380728302 2 0.0668005409 0.5201153540 2
0 0.2610467067 0.6152993680 0.0304702173 0.0573813250 0.2662047842 0.6056087146 2 0.2554194216 0.6196921412 2
0 0.1086433221 0.6415679213 0.0179913582 0.0422847742 0.1136397358 0.6311810460 2 0.1040341801 0.6561182205 2
0 0.0763610316 0.5693802222 0.0147895063 0.0515006865 0.0757009268 0.5500484908 2 0.0769206799 0.5839305214 2
0 0.0538621014 0.6559421423 0.0174668644 0.0447568071 0.0498147166 0.6752292036 2 0.0556695315 0.6502486601 2
0 0.0611303023 0.0495102805 0.0258850429 0.0567005702 0.0696816111 0.0351297011 2 0.0602058365 0.0618364914 2
0 0.0807220441 0.0661506653 0.0171026176 0.0398547486 0.0828552490 0.0540298912 2 0.0798507351 0.0770388182 2
0 0.0695198296 0.1704448724 0.0099102736 0.0436512216 0.0695937868 0.1566868488 2 0.0687062997 0.1806161329 2
0 0.0824186081 0.1864628966 0.0102673238 0.0418160096 0.0820312500 0.1770375146 2 0.0832031250 0.1937041812 2
0 0.1042068080 0.8453544079 0.0136480411 0.0508882726 0.1031437166 0.8242638206 2 0.1046887073 0.8549147712 2
0 0.1213698913 0.8194661821 0.0134525887 0.0429836468 0.1191708163 0.8022463537 2 0.1223667319 0.8272719304 2
0 0.1117625466 0.8620950185 0.0136081369 0.0391283239 0.1093686979 0.8750704756 2 0.1142202945 0.8565581503 2
0 0.1381232827 0.8465657020 0.0169214223 0.0260855493 0.1318244903 0.8416599358 2 0.1409785253 0.8487894858 2
0 0.9422537973 0.8979364097 0.0202598533 0.0344205660 0.9372967347 0.9071158304 2 0.9487323029 0.8867186138 2
0 0.8511978043 0.9683371920 0.0183650682 0.0333221855 0.8553413045 0.9572297968 2 0.8478627458 0.9777616485 2
0 0.8568808685 0.9273169883 0.0244522692 0.0339071466 0.8587673611 0.9266364392 2 0.8507812500 0.9377475503 2
0 0.8635428165 0.9425040835 0.0097505259 0.0233928474 0.8618170681 0.9494882789 2 0.8669289943 0.9361930635 2
0 0.6034982281 0.8271173934 0.0354994874 0.0443743593 0.5937488116 0.8409819155 2 0.6100194100 0.8229034728 2
0 0.0781173617 0.3843393536 0.0140518804 0.0220228302 0.0725832283 0.3847365271 2 0.0821444235 0.3827170007 2
0 0.0585149885 0.3924342885 0.0158564377 0.0189330600 0.0559116927 0.3976261543 2 0.0643132381 0.3904736650 2
0 0.0580252347 0.3369848722 0.0151604069 0.0373848026 0.0557435935 0.3284514751 2 0.0562447616 0.3468190766 2
0 0.1180247909 0.2941357812 0.0195010518 0.0376978261 0.1149737283 0.2831428259 2 0.1211269728 0.3050210285 2
0 0.1043532283 0.2211332679 0.0162824316 0.0525076863 0.1095380468 0.2072793168 2 0.1009235045 0.2298306949 2
0 0.1093278898 0.2461375291 0.0157381061 0.0372350179 0.1144480992 0.2368140489 2 0.1060465539 0.2595337208 2
0 0.1126903495 0.1175900800 0.0158268548 0.0399697933 0.1153187907 0.1318740219 2 0.1114988771 0.1111151691 2
0 0.1293682796 0.1026649409 0.0138142174 0.0305323244 0.1313802083 0.0997226998 2 0.1253906250 0.1152319590 2
