0 0.0642633799 0.7807672419 0.0118164631 0.0581733566
0 0.0737165503 0.7356828906 0.0147251309 0.0488009825
0 0.0574461896 0.7001325060 0.0174520070 0.0423372762
0 0.1552311341 0.9334136972 0.0183229430 0.0356675962
0 0.1924435831 0.8699356634 0.0161384977 0.0495565989
0 0.2172903397 0.9862978690 0.0294143666 0.0274042620
0 0.2685545220 0.9228536272 0.0195523148 0.0475851887
0 0.3385985922 0.8967850510 0.0187953847 0.0580458453
0 0.2940931383 0.8321537069 0.0217250090 0.0468618706
0 0.1758851721 0.7112676056 0.0298317684 0.0312989045
0 0.4578100420 0.9377858028 0.0166079556 0.0338354541
0 0.5649207746 0.9786124152 0.0303208138 0.0373848026
0 0.5705447966 0.9338375935 0.0210289515 0.0504260129
0 0.5210767678 0.7681931710 0.0319368399 0.0391657358
0 0.5502494131 0.7743001217 0.0234741784 0.0582507390
0 0.5654789521 0.7510376069 0.0283646322 0.0591201530
0 0.2003374413 0.2769953052 0.0229851330 0.0634672231
0 0.4220751629 0.3039465706 0.0204511866 0.0652049131
0 0.4076926839 0.2761258911 0.0200508607 0.0669448792
0 0.4671116980 0.4004520953 0.0205399061 0.0582507390
0 0.2969239045 0.4334898279 0.0264084507 0.0634672231
0 0.0739892379 0.6590879710 0.0174520070 0.0261780105
0 0.0494669405 0.5073900191 0.0146713615 0.0478177708
0 0.0506895540 0.1839680056 0.0180946792 0.0582507390
0 0.1340223112 0.1631601060 0.0155504910 0.0439532028
0 0.1788194444 0.2496087637 0.0268974961 0.0434707007
0 0.1778814887 0.2112162829 0.0259996753 0.0292835482
0 0.2450170500 0.4331672115 0.0311628168 0.0345523792
0 0.3737040297 0.1418014258 0.0283646322 0.0556424970
0 0.3431386933 0.6278038602 0.0210289515 0.0556424970
0 0.3272447183 0.7712571727 0.0352112676 0.0469483568
0 0.6495926457 0.6125464408 0.0151689844 0.0643195675
0 0.2600009781 0.3956703182 0.0308098592 0.0434707007
0 0.2908504748 0.3781131390 0.0357795882 0.0361775908
0 0.2607345462 0.5160841593 0.0264084507 0.0426012867
0 0.1771077856 0.6656233698 0.0156494523 0.0478177708
0 0.1956915102 0.6469309685 0.0156494523 0.0539036689
0 0.1558864165 0.2570454399 0.0147251309 0.0475082412
0 0.1490495749 0.2168088682 0.0182184768 0.0316721608
0 0.1585347509 0.1743139823 0.0225174674 0.0319873803
0 0.2110964397 0.1196313685 0.0210289515 0.0426012867
0 0.2294356416 0.1074595722 0.0136932707 0.0565119110
0 0.1592576291 0.4769605286 0.0190727700 0.0582507390
0 0.1411629499 0.4543557642 0.0190727700 0.0460789428
0 0.1203785211 0.4547904712 0.0176056338 0.0539036689
0 0.1405183566 0.6030335882 0.0241649854 0.0558745209
0 0.1235182236 0.5813739966 0.0183563340 0.0236167154
0 0.2867347841 0.7138869230 0.0187986553 0.0487536369
0 0.2788292254 0.6399756564 0.0205399061 0.0591201530
0 0.2069395540 0.5978090767 0.0342331768 0.0339071466
0 0.1902940222 0.3366775316 0.0214820193 0.0419866055
0 0.3414270344 0.2700399930 0.0352112676 0.0321683186
0 0.3597662363 0.2926447574 0.0249413146 0.0547730829
0 0.3686736475 0.5970363907 0.0192699244 0.0630211363
0 0.4438820423 0.5938967136 0.0259194053 0.0452095288
0 0.4541246617 0.4947475211 0.0219523751 0.0539756586
0 0.4353555983 0.4679562790 0.0214542964 0.0640874420
0 0.3705252347 0.2296122413 0.0220070423 0.0643366371
0 0.5164846061 0.7150087032 0.0288763376 0.0445802278
0 0.5530900371 0.6844346897 0.0177929305 0.0524026780
0 0.6248182083 0.6868779252 0.0254508435 0.0607668050
0 0.8141543048 0.6849001221 0.0161794648 0.0498558867
0 0.3140404930 0.2878629804 0.0303208138 0.0504260129
0 0.6869886147 0.3018071749 0.0179926454 0.0539708095
0 0.7138350939 0.2065727700 0.0229851330 0.0460789428
0 0.7502668626 0.3161422644 0.0254261352 0.0669915362
0 0.7744139905 0.3699338426 0.0185837246 0.0660754651
0 0.7580937011 0.2535211268 0.0224960876 0.0478177708
0 0.3540237689 0.1333592496 0.0242153781 0.0499220850
0 0.8249935093 0.1606571268 0.0174068151 0.0550996822
0 0.8999168623 0.2043992349 0.0224960876 0.0382542167
0 0.9395295383 0.2030951139 0.0273865415 0.0443401148
0 0.8370948221 0.3235789405 0.0152009900 0.0679542643
0 0.8896469092 0.4274039298 0.0166275430 0.0565119110
0 0.9431973787 0.4826117197 0.0161384977 0.0539036689
0 0.7542201928 0.5937038266 0.0160651408 0.0292084418
0 0.6623777854 0.5310718601 0.0280906734 0.0534495801
0 0.7085200539 0.7752730916 0.0231140515 0.0465386853
0 0.7978839442 0.6440598539 0.0152705061 0.0462155000
0 0.7962115242 0.5772521009 0.0146159278 0.0541551617
0 0.8654195753 0.8077532157 0.0241783013 0.0429836468
0 0.8050420579 0.8634150583 0.0205399061 0.0469483568
0 0.8586111391 0.3421224445 0.0191099935 0.0392814542
0 0.8838714369 0.3758160429 0.0163612565 0.0507400944
0 0.8595706182 0.4043644584 0.0151604069 0.0556424970
0 0.8454224840 0.1759259259 0.0209060500 0.0316721608
0 0.8718484098 0.1900032637 0.0199475467 0.0442388349
0 0.8886628654 0.1653478657 0.0273984475 0.0363708656
0 0.3726079664 0.8324023548 0.0207758513 0.0602865789
0 0.4103824335 0.9121022431 0.0303208138 0.0469483568
0 0.5588440017 0.8434862455 0.0229381488 0.0514285701
0 0.1551007433 0.6621457138 0.0215179969 0.0547730829
0 0.4857938077 0.8385815670 0.0295394934 0.0409728424
0 0.4874745492 0.7797976860 0.0214514252 0.0604356538
0 0.4817830595 0.7199617458 0.0244522692 0.0521648409
0 0.4116050469 0.5291253695 0.0229851330 0.0617283951
0 0.4451481833 0.3892726146 0.0224960876 0.0617283951
0 0.5775026193 0.7000192773 0.0208065767 0.0383623244
0 0.4798268779 0.5534689619 0.0244522692 0.0791166754
0 0.3992955099 0.1801165569 0.0365115988 0.0366372173
0 0.3194199922 0.2152669101 0.0273865415 0.0686837072
0 0.3834849374 0.0874630499 0.0224960876 0.0478177708
0 0.5253080986 0.1352808207 0.0215179969 0.0652060511
0 0.4779453974 0.3081707393 0.0203905040 0.0632202822
0 0.4663504131 0.2619962064 0.0201062944 0.0508573059
0 0.5205180237 0.4213921197 0.0324777531 0.0377987869
0 0.5857619814 0.5761437119 0.0221205981 0.0566518821
0 0.6994055026 0.3541722997 0.0322825003 0.0430029924
0 0.5640615526 0.0840587933 0.0251926224 0.0392704296
0 0.5327321148 0.0542910361 0.0366784038 0.0365153886
0 0.6199561114 0.1427681368 0.0204499064 0.0566200187
0 0.5734724757 0.1112888630 0.0268843098 0.0365199405
0 0.6248369635 0.5847195025 0.0200346019 0.0685869792
0 0.7379609061 0.4826117197 0.0264084507 0.0434707007
0 0.7812033538 0.9222943227 0.0217670362 0.0534218917
0 0.6804153071 0.5480049680 0.0167871869 0.0473227511
0 0.7047877543 0.5452095288 0.0303208138 0.0486871848
0 0.7687673726 0.6462624074 0.0262377969 0.0421335784
0 0.8104834559 0.5796372996 0.0147951591 0.0563400765
0 0.7777532615 0.5774296253 0.0193663252 0.0364118328
0 0.9035847027 0.9399234916 0.0200508607 0.0434707007
0 0.7027159686 0.2775677073 0.0201788831 0.0471850559
0 0.7730095853 0.2396105025 0.0210289515 0.0495565989
0 0.7852357199 0.2278734133 0.0161384977 0.0365153886
0 0.7840441779 0.2012386104 0.0196239584 0.0358813255
0 0.7666519953 0.3074247957 0.0161384977 0.0443401148
0 0.8187353286 0.3017736046 0.0244522692 0.0434707007
0 0.9072525430 0.3430707703 0.0136932707 0.0582507390
0 0.9187451095 0.3739349678 0.0151604069 0.0556424970
0 0.9055408842 0.4282733438 0.0180946792 0.0565119110
0 0.9268109658 0.6349167821 0.0215247821 0.0350917801
0 0.8060201487 0.3774126239 0.0176056338 0.0417318727
0 0.8592841041 0.2401590072 0.0148160268 0.0363583479
0 0.8521956986 0.3029377545 0.0189942923 0.0455691293
0 0.7818124022 0.5178229873 0.0190727700 0.0373848026
0 0.8517053729 0.4811681966 0.0200192392 0.0384465347
0 0.8544117655 0.4459614809 0.0214702445 0.0397233443
0 0.9116467182 0.1636727644 0.0244378026 0.0367873650
0 0.8770563590 0.6913706562 0.0198110749 0.0349757065
0 0.8965059628 0.6786406826 0.0150887144 0.0313489755
0 0.8855339992 0.6224263524 0.0160505463 0.0420539201
0 0.9089642019 0.6225873761 0.0171165884 0.0452095288
0 0.9211903365 0.5956355416 0.0151604069 0.0486871848
0 0.9581132629 0.6012867327 0.0156494523 0.0478177708
0 0.9436864241 0.6047643888 0.0141823161 0.0495565989
0 0.8867801047 0.5214110271 0.0181791739 0.0310257902
0 0.9070498837 0.5223805830 0.0154522978 0.0403981643
0 0.8906250000 0.5608589810 0.0146713615 0.0399930447
0 0.9065045084 0.5656572588 0.0143615474 0.0338741453
0 0.9341561911 0.5791831274 0.0166398470 0.0366482927
0 0.9262438268 0.5032665614 0.0156639188 0.0370741351
0 0.9285922048 0.5469426669 0.0225421757 0.0313489755
0 0.9557520615 0.5214847709 0.0167955940 0.0447083697
0 0.9092360573 0.4773275260 0.0274412070 0.0329023134
0 0.8772791179 0.4918242081 0.0153661388 0.0462462253
0 0.8228922144 0.5456442358 0.0220070423 0.0408624587
0 0.9769415102 0.2830812033 0.0161384977 0.0286906625
0 0.9397740610 0.3069900887 0.0249413146 0.0278212485
0 0.9678941706 0.4030603373 0.0185837246 0.0478177708
0 0.9619102954 0.4380570203 0.0212873357 0.0291309072
0 0.3119470984 0.7077927184 0.0161447275 0.0385311001
0 0.5657879340 0.6190932194 0.0271646787 0.0347435593
0 0.6325088950 0.4234005286 0.0185837246 0.0556424970
0 0.6172486307 0.3904538341 0.0166275430 0.0434707007
0 0.6021699661 0.2075542746 0.0265719352 0.0463031242
0 0.1424781549 0.5486871848 0.0213328138 0.0260824204
0 0.1272251565 0.5312989045 0.0264084507 0.0382542167
0 0.3184419014 0.3430707703 0.0244522692 0.0460789428
0 0.5940533490 0.6700848066 0.0190040220 0.0584794723
0 0.6272000034 0.9383009546 0.0247931992 0.0414992906
0 0.6781740838 0.4389179756 0.0238147179 0.0554262814
0 0.6615883400 0.3933972102 0.0260816096 0.0424021409
0 0.4911542748 0.0300955691 0.0295014291 0.0339348349
0 0.7801007433 0.0522517823 0.0224960876 0.0278212485
0 0.8008851721 0.4791340636 0.0171165884 0.0312989045
0 0.8145174402 0.3413177176 0.0209069462 0.0460504934
0 0.9441754695 0.2543905408 0.0180946792 0.0304294905
0 0.4037803208 0.3800208659 0.0474374022 0.0347765606
0 0.5336763037 0.5057259496 0.0333639532 0.0389741136
0 0.5566070031 0.5725960702 0.0224960876 0.0599895670
0 0.5720354248 0.8864084416 0.0230321172 0.0320761425
0 0.6022594675 0.8771650901 0.0306633013 0.0733519621
0 0.8952073680 0.8412285002 0.0143094423 0.0391566320
0 0.7436340776 0.8334230436 0.0287881082 0.0408679964
0 0.7229571345 0.4643136272 0.0243028671 0.0522456372
0 0.8471913048 0.5234713335 0.0164448551 0.0469426669
0 0.8391506690 0.5724743068 0.0174520070 0.0358735699
0 0.7881699922 0.2704747001 0.0229851330 0.0539036689
0 0.9099422926 0.8452210471 0.0122261346 0.0373848026
0 0.4536629499 0.6712745609 0.0239632238 0.0521648409
0 0.7360293048 0.3421448163 0.0209969459 0.0224196946
0 0.1275269747 0.9125434885 0.0146018454 0.0513864650
0 0.0797877543 0.8947139628 0.0166275430 0.0399930447
0 0.1706115474 0.7541072984 0.0181791739 0.0439475129
0 0.2805266097 0.8069452524 0.0190442210 0.0313489755
0 0.1107189248 0.5955069431 0.0112480438 0.0252130064
0 0.0907912754 0.5530342549 0.0171165884 0.0278212485
0 0.0810103678 0.4378368979 0.0141823161 0.0373848026
0 0.1687940141 0.5956355416 0.0234741784 0.0556424970
0 0.2644023865 0.7360459051 0.0239632238 0.0443401148
0 0.2587783646 0.9790471222 0.0156494523 0.0347765606
0 0.3223542645 0.9799165363 0.0146713615 0.0330377326
0 0.3397153756 0.9781777082 0.0151604069 0.0330377326
0 0.2897572133 0.9803398635 0.0195618153 0.0347765606
0 0.2196547340 0.6673206654 0.0215179969 0.0660754651
0 0.4940623193 0.3615304301 0.0317879499 0.0339071466
0 0.6866930751 0.2109198400 0.0244522692 0.0634672231
0 0.6027614293 0.2798738166 0.0211496766 0.0396641695
0 0.8424186316 0.2069517161 0.0229143367 0.0323185314
0 0.8901717764 0.2934726389 0.0161384977 0.0504260129
0 0.8925974404 0.2486426217 0.0192699244 0.0323185314
0 0.9070080203 0.2317857764 0.0141823161 0.0339071466
0 0.8194688967 0.4886976178 0.0210289515 0.0539036689
0 0.8256643464 0.3800476084 0.0167923078 0.0487406697
0 0.7994180360 0.4413145540 0.0229851330 0.0547730829
0 0.3370256260 0.6999652234 0.0244522692 0.0312989045
0 0.3423423942 0.6664927839 0.0239632238 0.0356459746
0 0.3047486307 0.5547730829 0.0264084507 0.0591201530
0 0.5969161208 0.1471521912 0.0205399061 0.0565119110
0 0.1829763302 0.4852199617 0.0185837246 0.0504260129
0 0.1992516197 0.5018463668 0.0296163068 0.0523799184
0 0.2015747729 0.4475776575 0.0254597961 0.0335527358
0 0.2367724106 0.4705269787 0.0254281836 0.0485130744
0 0.2665672690 0.4603585973 0.0229851330 0.0495565989
0 0.2081621674 0.3843679360 0.0337441315 0.0382542167
0 0.2206109337 0.4188094676 0.0174653229 0.0349925297
0 0.1701613943 0.4240813284 0.0301213019 0.0307396000
0 0.1715522145 0.3922701895 0.0322051960 0.0353857042
0 0.1350067089 0.3871303594 0.0192172395 0.0342633042
0 0.1617028560 0.3530690315 0.0298317684 0.0382542167
0 0.1267056626 0.3363992637 0.0195009183 0.0333395355
0 0.1120647496 0.3195965919 0.0136932707 0.0391236307
0 0.1395797615 0.2544206972 0.0207968470 0.0391839434
0 0.1284477700 0.2391757955 0.0210289515 0.0382542167
0 0.1861551252 0.1848374196 0.0278755869 0.0460789428
0 0.2130526213 0.1839680056 0.0220070423 0.0547730829
0 0.2333518205 0.1795724809 0.0225037192 0.0459820336
0 0.1917791471 0.1487567380 0.0215179969 0.0399930447
0 0.1245354069 0.1378890628 0.0229851330 0.0373848026
0 0.2504645931 0.1183272474 0.0244522692 0.0504260129
0 0.3967755244 0.2140915399 0.0304935371 0.0379967151
0 0.4298156797 0.2497347457 0.0281074940 0.0472003207
0 0.4705042324 0.2207969647 0.0355767592 0.0337147126
0 0.5032192113 0.2280367746 0.0184200345 0.0466216343
0 0.5137048739 0.5314871853 0.0286323612 0.0368919501
0 0.7291106756 0.8726961913 0.0290840273 0.0307340623
0 0.7395099765 0.7060511215 0.0244522692 0.0486871848
0 0.8776652973 0.1148495914 0.0327660407 0.0347765606
0 0.7515304432 0.7388311024 0.0181723888 0.0457250321
0 0.7631818757 0.6897454555 0.0180010753 0.0404194452
0 0.7895472876 0.6835474196 0.0170368965 0.0293579516
0 0.6698483422 0.6064087648 0.0201055263 0.0429836468
0 0.6955641919 0.5051829138 0.0279379337 0.0370286160
0 0.7067439358 0.4339245349 0.0195618153 0.0608589810
0 0.7420435389 0.3772897224 0.0308098592 0.0295600765
0 0.6426787986 0.1630741888 0.0204524668 0.0525073718
0 0.8021077856 0.1761432794 0.0205399061 0.0686837072
0 0.9262342251 0.2803779402 0.0125330042 0.0441500727
0 0.9381729046 0.4385803300 0.0139142756 0.0411144226
0 0.9314602895 0.3456790123 0.0151604069 0.0391236307
0 0.9700948748 0.5160841593 0.0151604069 0.0426012867
0 0.9571351721 0.4804381847 0.0136932707 0.0426012867
0 0.8698512611 0.4555182072 0.0112266641 0.0484038287
0 0.8651195550 0.5438843552 0.0233240082 0.0390815255
0 0.7183195248 0.5949829121 0.0257533603 0.0386877857
0 0.1110866588 0.9442705616 0.0146713615 0.0347765606
0 0.1446153287 0.7240482192 0.0123618383 0.0507400944
0 0.0612411562 0.5902415332 0.0190727700 0.0365153886
0 0.0360173359 0.4592912116 0.0132059386 0.0385615573
0 0.0291715571 0.4187097896 0.0132042254 0.0426012867
0 0.0409086463 0.3465484264 0.0190727700 0.0373848026
0 0.3179528560 0.8012519562 0.0176056338 0.0408624587
0 0.2724716354 0.7690836376 0.0185837246 0.0339071466
0 0.2942341549 0.7764736568 0.0317879499 0.0365153886
0 0.3554710864 0.5506376765 0.0303208138 0.0652060511
0 0.3939994131 0.4878282038 0.0229851330 0.0556424970
0 0.1678159233 0.3035124326 0.0312989045 0.0295600765
0 0.1300913849 0.3589279033 0.0167636308 0.0282753011
0 0.3010807903 0.1696226743 0.0210289515 0.0608589810
0 0.3884290461 0.6086136812 0.0206472157 0.0560258211
0 0.6783793036 0.8642844723 0.0195618153 0.0434707007
0 0.8448992567 0.9090592940 0.0180946792 0.0582507390
0 0.6549051252 0.2300469484 0.0254303599 0.0321683186
0 0.7016089593 0.1070248652 0.0190727700 0.0556424970
0 0.7712979264 0.0844201009 0.0283646322 0.0295600765
0 0.6890815881 0.6143268050 0.0185427574 0.0245620839
0 0.7815678795 0.3104677447 0.0205399061 0.0556424970
0 0.8281531009 0.4407449968 0.0198136353 0.0501563124
0 0.7995861648 0.5276855756 0.0203871184 0.0420032185
0 0.7258337601 0.5344359940 0.0254644685 0.0427895675
0 0.7502304818 0.5356570500 0.0171364767 0.0434928514
0 0.7519806338 0.4104503565 0.0229851330 0.0347765606
0 0.7686329492 0.4350983576 0.0181442238 0.0393842273
0 0.7732541080 0.4769605286 0.0244522692 0.0582507390
0 0.7463519391 0.6490641054 0.0205305605 0.0513762232
0 0.8368300078 0.6812728221 0.0215179969 0.0547730829
0 0.8534400758 0.7142007400 0.0205049560 0.0597699376
0 0.8324285994 0.7529994784 0.0244522692 0.0573813250
0 0.8404978482 0.7869066249 0.0200508607 0.0539036689
0 0.8025968310 0.7516953573 0.0273865415 0.0408624587
0 0.7779000391 0.7573465484 0.0220070423 0.0486871848
0 0.9696058294 0.5952008346 0.0122261346 0.0530342549
0 0.9575665912 0.6562480964 0.0112480438 0.0356459746
0 0.7116343897 0.1331072857 0.0176056338 0.0382542167
0 0.7162803208 0.1644061902 0.0249413146 0.0312989045
0 0.7370647496 0.1448443749 0.0176056338 0.0617283951
0 0.7925714006 0.1044166232 0.0249413146 0.0347765606
0 0.8065091941 0.1331072857 0.0205399061 0.0469483568
0 0.1391615765 0.2932421951 0.0209060500 0.0319953461
0 0.0322680337 0.8502520845 0.0121800465 0.0336112727
0 0.1086205643 0.7547508241 0.0112710878 0.0271475664
0 0.1212550902 0.6783174973 0.0169066318 0.0232693426
0 0.1479784759 0.7810904273 0.0212696335 0.0297330489
0 0.3548377908 0.8930183018 0.0190487637 0.0451342701
0 0.4371182373 0.3273382458 0.0207242583 0.0468618706
0 0.5740983130 0.8145401073 0.0239965096 0.0458923147
0 0.7023523851 0.9832428414 0.0196335079 0.0265011958
0 0.6606311809 0.8712591300 0.0189063409 0.0371663112
0 0.6411794648 0.2609236636 0.0227239674 0.0326417168
0 0.4661140198 0.1392443927 0.0285413031 0.0458923147
0 0.9450443572 0.1642912546 0.0249054683 0.0229461573
0 0.8216077661 0.2143849783 0.0212696335 0.0533255769
0 0.8398778360 0.2433100640 0.0207242583 0.0277939370
0 0.8209714951 0.2554295133 0.0279959279 0.0287634930
0 0.9621327807 0.7264721091 0.0198152996 0.0326417168
0 0.9241383072 0.7563667507 0.0170884235 0.0403981643
0 0.7637979930 0.5700504169 0.0198152996 0.0323185314
0 0.8508762362 0.5920270183 0.0216332170 0.0555878741
0 0.8610565736 0.6254766983 0.0179973822 0.0526792063
0 0.8768724549 0.5944509082 0.0158158813 0.0442763881
0 0.8130635544 0.6274158102 0.0201788831 0.0549415035
0 0.3081873673 0.7327592986 0.0187986553 0.0239836439
0 0.4990490092 0.2670441142 0.0214525832 0.0365652276
0 0.6046532201 0.7480931037 0.0296355272 0.0393174491
0 0.6361686129 0.8137532437 0.0210102619 0.0479672879
0 0.9564092357 0.9454666981 0.0101733900 0.0345993552
0 0.9847177990 0.9065424235 0.0084041047 0.0322403082
0 0.9707846780 0.8432413305 0.0068559802 0.0220177715
0 0.9871505662 0.8381300621 0.0117215145 0.0306676103
0 0.9602795471 0.7679484155 0.0128273178 0.0318471338
0 0.9439136589 0.8180781631 0.0128273178 0.0463945899
0 0.0783333256 0.3121486828 0.0147914531 0.0450317572
0 0.0377875403 0.2433618519 0.0240361113 0.0254741692
0 0.0355586533 0.3010782334 0.0184597335 0.0328173039
0 0.0320087045 0.2781860602 0.0293462430 0.0273477533
0 0.0166763119 0.5343876431 0.0129598767 0.0328655697
0 0.1058724251 0.7309618669 0.0120069446 0.0454019210
0 0.0973896616 0.7774412365 0.0219174385 0.0240562417
0 0.0819521615 0.7815680678 0.0127692903 0.0450631007
0 0.0412143138 0.5600812339 0.0197733413 0.0406584367
0 0.0122928242 0.6236676407 0.0198209879 0.0413360773
0 0.0682627981 0.6156195462 0.0172702152 0.0297330489
0 0.1233487235 0.0756988092 0.0357349541 0.0465877920
0 0.3032206151 0.0681875865 0.0183439431 0.0554818251
0 0.2719572949 0.1336222581 0.0209645064 0.0491289443
0 0.2661849086 0.0952932110 0.0221556716 0.0647993835
0 0.3210428279 0.0546347743 0.0388319835 0.0487054190
0 0.4589397276 0.1218058999 0.0266820991 0.0528559677
0 0.4167762935 0.0901262013 0.0369737659 0.0470960225
0 0.4870933724 0.0929576982 0.0190727700 0.0573813250
0 0.1620937519 0.9472951250 0.0243950620 0.0379478742
0 0.1570929672 0.9671376579 0.0210741811 0.0317562264
0 0.1098025961 0.9445554452 0.0245856484 0.0233786011
0 0.1876323325 0.9721693001 0.0171527780 0.0332043900
0 0.2402436225 0.8513085418 0.0255283248 0.0326477512
0 0.3179607439 0.8565298602 0.0234741784 0.0530342549
0 0.6410077071 0.9777278590 0.0306725023 0.0445442821
0 0.0951026246 0.5117735981 0.0169621916 0.0538724286
0 0.0520300932 0.4166396326 0.0219174385 0.0237174214
0 0.0663240749 0.5253060811 0.0127692903 0.0406584367
0 0.2610467067 0.6152993680 0.0304702173 0.0573813250
0 0.1086433221 0.6415679213 0.0179913582 0.0422847742
0 0.0763610316 0.5693802222 0.0147895063 0.0515006865
0 0.0538621014 0.6559421423 0.0174668644 0.0447568071
0 0.0611303023 0.0495102805 0.0258850429 0.0567005702
0 0.0807220441 0.0661506653 0.0171026176 0.0398547486
0 0.0695198296 0.1704448724 0.0099102736 0.0436512216
0 0.0824186081 0.1864628966 0.0102673238 0.0418160096
0 0.1042068080 0.8453544079 0.0136480411 0.0508882726
0 0.1213698913 0.8194661821 0.0134525887 0.0429836468
0 0.1117625466 0.8620950185 0.0136081369 0.0391283239
0 0.1381232827 0.8465657020 0.0169214223 0.0260855493
0 0.9422537973 0.8979364097 0.0202598533 0.0344205660
0 0.8511978043 0.9683371920 0.0183650682 0.0333221855
0 0.8568808685 0.9273169883 0.0244522692 0.0339071466
0 0.8635428165 0.9425040835 0.0097505259 0.0233928474
0 0.6034982281 0.8271173934 0.0354994874 0.0443743593
0 0.0781173617 0.3843393536 0.0140518804 0.0220228302
0 0.0585149885 0.3924342885 0.0158564377 0.0189330600
0 0.0580252347 0.3369848722 0.0151604069 0.0373848026
0 0.1180247909 0.2941357812 0.0195010518 0.0376978261
0 0.1043532283 0.2211332679 0.0162824316 0.0525076863
0 0.1093278898 0.2461375291 0.0157381061 0.0372350179
0 0.1126903495 0.1175900800 0.0158268548 0.0399697933
0 0.1293682796 0.1026649409 0.0138142174 0.0305323244
