0 0.0656054382 0.7799513128 0.0185837246 0.0591201530
0 0.0717185055 0.7347417840 0.0171165884 0.0521648409
0 0.0582697574 0.7012693445 0.0215179969 0.0478177708
0 0.1783161246 0.9126387990 0.0151318579 0.0358496724
0 0.2007573546 0.8745285364 0.0161384977 0.0495565989
0 0.2155533459 0.9848345291 0.0270084915 0.0303309418
0 0.2683235191 0.9236999302 0.0190903090 0.0492777946
0 0.3407179186 0.8963441141 0.0170676839 0.0571639715
0 0.1713147742 0.7112676056 0.0298317684 0.0312989045
0 0.4639329030 0.9342723005 0.0288536776 0.0408624587
0 0.5649207746 0.9786124152 0.0303208138 0.0373848026
0 0.5705447966 0.9338375935 0.0210289515 0.0504260129
0 0.5158112085 0.7603434094 0.0240422136 0.0372926265
0 0.2042498044 0.2543905408 0.0229851330 0.0634672231
0 0.4218477312 0.3064927930 0.0207242583 0.0530023916
0 0.4076926839 0.2761258911 0.0200508607 0.0669448792
0 0.4671116980 0.4004520953 0.0205399061 0.0582507390
0 0.3062157668 0.4408798470 0.0293427230 0.0556424970
0 0.0538683490 0.5073900191 0.0146713615 0.0478177708
0 0.0495525235 0.1747304817 0.0158206182 0.0397756912
0 0.1315287559 0.1607111807 0.0125195618 0.0373848026
0 0.1825117371 0.2371109372 0.0204910016 0.0306468440
0 0.6517263302 0.6078073379 0.0190727700 0.0625978091
0 0.2600009781 0.3861067640 0.0308098592 0.0434707007
0 0.2920940693 0.3740607142 0.0382667771 0.0280727413
0 0.1771077856 0.6656233698 0.0156494523 0.0478177708
0 0.1956915102 0.6486697966 0.0156494523 0.0539036689
0 0.1561591041 0.2610505480 0.0134525887 0.0484083806
0 0.1582795383 0.1631020692 0.0210289515 0.0339071466
0 0.2292155712 0.1198487220 0.0127640845 0.0499913059
0 0.1587319053 0.4734828725 0.0175322770 0.0582507390
0 0.1411629499 0.4543557642 0.0190727700 0.0460789428
0 0.1203785211 0.4547904712 0.0176056338 0.0539036689
0 0.1394261347 0.6049174466 0.0214676841 0.0724674789
0 0.2839275235 0.6373674144 0.0209555947 0.0695531212
0 0.3604998044 0.2882976874 0.0264084507 0.0460789428
0 0.3691456019 0.5963900200 0.0169415819 0.0614052097
0 0.4546410407 0.4882629108 0.0229851330 0.0669448792
0 0.4343456573 0.4587028343 0.0234741784 0.0825943314
0 0.5146276419 0.7180937574 0.0269547221 0.0477824936
0 0.6232065989 0.6906946982 0.0226749349 0.0515787830
0 0.6859595070 0.2896018084 0.0210289515 0.0660754651
0 0.7478126741 0.3131528002 0.0205177582 0.0610126079
0 0.7742321987 0.3721961398 0.0185837246 0.0660754651
0 0.3548685492 0.1244979248 0.0268830296 0.0766779918
0 0.8973717779 0.2047224202 0.0224960876 0.0382542167
0 0.9410892987 0.2046035017 0.0242670208 0.0473568904
0 0.8385416667 0.3348113372 0.0141823161 0.0591201530
0 0.8897062476 0.4236981094 0.0174869571 0.0525779264
0 0.9431973787 0.4826117197 0.0161384977 0.0539036689
0 0.6587196792 0.5278212485 0.0183881064 0.0469483568
0 0.7922121059 0.5838773999 0.0167974287 0.0493073820
0 0.8651592419 0.8113384105 0.0225668840 0.0471247432
0 0.8050420579 0.8634150583 0.0205399061 0.0469483568
0 0.8529929577 0.3541557990 0.0196107199 0.0482524778
0 0.8600841158 0.4002347418 0.0161874022 0.0473830638
0 0.4223640454 0.9094940010 0.0337441315 0.0434707007
0 0.1551007433 0.6621457138 0.0215179969 0.0547730829
0 0.2176443990 0.7448515669 0.0242077465 0.0499913059
0 0.4864774471 0.7860190033 0.0230820459 0.0622131730
0 0.4817830595 0.7199617458 0.0244522692 0.0521648409
0 0.4116050469 0.5291253695 0.0229851330 0.0617283951
0 0.4805954601 0.5543764981 0.0201208889 0.0581744946
0 0.3265628073 0.2222171013 0.0289569917 0.0408727005
0 0.3805506651 0.0822465658 0.0224960876 0.0478177708
0 0.5233519171 0.1352808207 0.0215179969 0.0652060511
0 0.5091783705 0.3512021811 0.0234917175 0.0454655735
0 0.5204187329 0.4202540237 0.0322791717 0.0381358671
0 0.7066970156 0.3386423349 0.0287598372 0.0572185944
0 0.6162705399 0.1661450183 0.0200508607 0.0643366371
0 0.7390209311 0.4817423057 0.0264084507 0.0434707007
0 0.7812841180 0.9227690654 0.0186563132 0.0459685591
0 0.6810690532 0.5499913059 0.0180946792 0.0512954269
0 0.7691309561 0.6541235487 0.0269649639 0.0395185085
0 0.8113996479 0.5765084333 0.0166275430 0.0625978091
0 0.9035847027 0.9399234916 0.0200508607 0.0434707007
0 0.7042987089 0.2782994262 0.0283646322 0.0521648409
0 0.7659624029 0.3109018828 0.0147593129 0.0512942889
0 0.8174149061 0.3013388976 0.0218114241 0.0426012867
0 0.9087196792 0.3413319423 0.0166275430 0.0547730829
0 0.9049076216 0.4340286597 0.0168281541 0.0450012791
0 0.9156853753 0.7933612274 0.0161384977 0.0504260129
0 0.8062646714 0.3756737959 0.0171165884 0.0382542167
0 0.8522865944 0.2957053451 0.0191760840 0.0487224621
0 0.7818124022 0.5178229873 0.0190727700 0.0373848026
0 0.8513366686 0.4811744554 0.0221666861 0.0307026049
0 0.8529574315 0.4461088488 0.0185615767 0.0290866783
0 0.8776926301 0.6925018048 0.0210836170 0.0372380037
0 0.8849031690 0.6224786994 0.0173122066 0.0419492262
0 0.9089642019 0.6225873761 0.0171165884 0.0452095288
0 0.9200368551 0.5899183479 0.0146713615 0.0469483568
0 0.9581132629 0.6012867327 0.0156494523 0.0478177708
0 0.8862480438 0.5189097548 0.0156983568 0.0395583377
0 0.9095949680 0.5259356215 0.0150887144 0.0436300175
0 0.8906250000 0.5608589810 0.0146713615 0.0399930447
0 0.9045568404 0.5667997872 0.0102580470 0.0368055726
0 0.9254355576 0.4971254715 0.0151604069 0.0408624587
0 0.9535381921 0.5154110462 0.0162802184 0.0342997485
0 0.9072363482 0.4812592347 0.0234417887 0.0331344606
0 0.8228922144 0.5456442358 0.0220070423 0.0408624587
0 0.9383069249 0.3061206747 0.0220070423 0.0260824204
0 0.9684321205 0.4004520953 0.0205399061 0.0482524778
0 0.3086826935 0.7337437787 0.0199964512 0.0371663112
0 0.6324090376 0.4226221527 0.0185837246 0.0556424970
0 0.6172486307 0.3904538341 0.0166275430 0.0434707007
0 0.6009511933 0.2174404451 0.0231562989 0.0486871848
0 0.5942771960 0.6733081249 0.0190881326 0.0458923147
0 0.6261735169 0.9349266369 0.0227402263 0.0349040140
0 0.6780369718 0.4157755173 0.0231807512 0.0541210224
0 0.6593065336 0.3891497131 0.0273865415 0.0408624587
0 0.4928920070 0.0314251061 0.0329768935 0.0365939090
0 0.8015654189 0.4914794013 0.0155428097 0.0309518217
0 0.8138693271 0.3411145888 0.0196107199 0.0456442358
0 0.9441754695 0.2543905408 0.0180946792 0.0304294905
0 0.1531445618 0.7786471918 0.0234741784 0.0269518345
0 0.3902948944 0.7688662841 0.0351379108 0.0412971657
0 0.5369473787 0.5138019475 0.0285602504 0.0471657103
0 0.5693975243 0.8851560985 0.0255810422 0.0326417168
0 0.5952644404 0.8817427381 0.0254760639 0.0627377802
0 0.7540721350 0.8342544115 0.0298138453 0.0352271993
0 0.7228824335 0.4626151974 0.0244522692 0.0469483568
0 0.8472404014 0.5288442893 0.0136343805 0.0352271993
0 0.8387870855 0.5718279361 0.0159976731 0.0391054230
0 0.4568754788 0.6736091197 0.0286574194 0.0561898636
0 0.7290913255 0.3394127450 0.0163301471 0.0265910959
0 0.0797877543 0.8947139628 0.0166275430 0.0399930447
0 0.1709947183 0.7560424274 0.0220070423 0.0478177708
0 0.0907912754 0.5530342549 0.0171165884 0.0278212485
0 0.0810103678 0.4378368979 0.0141823161 0.0373848026
0 0.1707501956 0.5921578856 0.0273865415 0.0625978091
0 0.2568221831 0.9807859503 0.0156494523 0.0347765606
0 0.3223542645 0.9799165363 0.0146713615 0.0330377326
0 0.3431386933 0.9778386368 0.0151604069 0.0330377326
0 0.2881210876 0.9790471222 0.0195618153 0.0347765606
0 0.6035553599 0.2813423752 0.0234741784 0.0434707007
0 0.8896713615 0.2956877065 0.0165786385 0.0521648409
0 0.9064211659 0.2355894627 0.0198552426 0.0293427230
0 0.8166554135 0.4887050147 0.0173581666 0.0486723911
0 0.8302278951 0.3739349678 0.0200508607 0.0417318727
0 0.5923073161 0.1248478525 0.0205399061 0.0565119110
0 0.1832697574 0.4841331942 0.0198063380 0.0499913059
0 0.2020980047 0.5024995653 0.0215179969 0.0536863154
0 0.2137128326 0.3821944010 0.0220070423 0.0339071466
0 0.2216109155 0.4156668405 0.0185837246 0.0504260129
0 0.1712636933 0.4243609807 0.0323258998 0.0312989045
0 0.1726085681 0.3903451574 0.0330594679 0.0362980351
0 0.1120647496 0.3195965919 0.0136932707 0.0391236307
0 0.1374891565 0.2556224003 0.0166156370 0.0401375677
0 0.1284477700 0.2391757955 0.0210289515 0.0382542167
0 0.2131055585 0.1726832620 0.0191786444 0.0478530481
0 0.2357838860 0.1758206631 0.0176337987 0.0480419522
0 0.1983445814 0.1424534864 0.0181680360 0.0456442358
0 0.2479826878 0.1163710659 0.0204665493 0.0543383759
0 0.4301668157 0.2511239793 0.0288097660 0.0499787881
0 0.5102441565 0.5212317958 0.0231780627 0.0320306234
0 0.7299735915 0.8751521475 0.0308098592 0.0356459746
0 0.7429332942 0.6982263954 0.0244522692 0.0486871848
0 0.8710405887 0.1176177191 0.0292975311 0.0316186759
0 0.7551854813 0.7376999538 0.0166796481 0.0479873293
0 0.7675884148 0.6966616778 0.0198697091 0.0399065585
0 0.6950068466 0.5039123631 0.0322769953 0.0408624587
0 0.7067439358 0.4339245349 0.0195618153 0.0608589810
0 0.9262275039 0.2805816380 0.0148669797 0.0528169014
0 0.9700948748 0.5160841593 0.0151604069 0.0426012867
0 0.9664185209 0.4631062342 0.0126981530 0.0374291837
0 0.8666617762 0.5334724396 0.0166275430 0.0460789428
0 0.8743886933 0.5892236133 0.0154538341 0.0376021561
0 0.7167693662 0.6051990958 0.0288536776 0.0591201530
0 0.1431191315 0.7217005738 0.0190727700 0.0539036689
0 0.0213468310 0.6330203443 0.0190727700 0.0330377326
0 0.0303941706 0.4756564076 0.0127151800 0.0382542167
0 0.0291715571 0.4187097896 0.0132042254 0.0426012867
0 0.0379743740 0.3569813945 0.0190727700 0.0373848026
0 0.3538123648 0.5420948872 0.0228144792 0.0549415035
0 0.3947329812 0.4860893758 0.0244522692 0.0591201530
0 0.2983910407 0.1674491393 0.0215179969 0.0652060511
0 0.3966524844 0.5765084333 0.0263350939 0.0556424970
0 0.6786238263 0.8586332812 0.0200508607 0.0547730829
0 0.7999100899 0.5268078804 0.0210349685 0.0437586088
0 0.7247408059 0.5241262389 0.0281690141 0.0378195097
0 0.7480682707 0.5417318727 0.0180946792 0.0556424970
0 0.7519806338 0.4104503565 0.0229851330 0.0347765606
0 0.7737431534 0.4717440445 0.0244522692 0.0582507390
0 0.8412314163 0.6808381151 0.0215179969 0.0547730829
0 0.8556937173 0.7159685864 0.0192699244 0.0355503846
0 0.8321516870 0.7502262297 0.0187245492 0.0536487622
0 0.8398108163 0.7889908288 0.0186767968 0.0497352612
0 0.8069598327 0.7516953573 0.0273865415 0.0408624587
0 0.7830350156 0.7508259433 0.0166275430 0.0373848026
0 0.9691167840 0.5752043123 0.0122261346 0.0530342549
0 0.9620644808 0.6575499959 0.0137709803 0.0386263350
0 0.0487333725 0.3661102417 0.0210289515 0.0243435924
0 0.6295447935 0.7339053713 0.0187245492 0.0416909056
0 0.7103384194 0.8034254912 0.0215179969 0.0569466180
0 0.6753340999 0.9638466017 0.0164056803 0.0390951813
0 0.7008753912 0.9786124152 0.0215179969 0.0356459746
0 0.2764042900 0.8112473724 0.0254709430 0.0347822505
0 0.2636688185 0.7386541471 0.0205399061 0.0426012867
0 0.2857766143 0.7229170706 0.0221785922 0.0394286084
0 0.3290499615 0.7214917551 0.0249902191 0.0328203791
0 0.3382482394 0.6817075291 0.0229851330 0.0452095288
0 0.2223078052 0.4533776734 0.0322036385 0.0328203791
0 0.1437548905 0.3718701095 0.0291471049 0.0441227613
0 0.6062451095 0.4474004521 0.0229851330 0.0669448792
0 0.8585925274 0.6269344462 0.0161384977 0.0591201530
0 0.7756511345 0.2969593952 0.0233777776 0.0442752501
0 0.7928159233 0.2769953052 0.0215179969 0.0547730829
0 0.7576046557 0.2530864198 0.0215179969 0.0486871848
0 0.7705643584 0.2352634324 0.0161384977 0.0443401148
0 0.8321589203 0.2683335973 0.0248910018 0.0390587660
0 0.8456806411 0.2403473423 0.0214223642 0.0301643420
0 0.8428452660 0.1648408972 0.0188771518 0.0495565989
0 0.9359812068 0.4251865826 0.0153994246 0.0399054205
0 0.1553452660 0.9673100330 0.0239632238 0.0339071466
0 0.1612138106 0.8651538863 0.0171165884 0.0434707007
0 0.4309259882 0.9788394415 0.0196561678 0.0390246267
0 0.3564896322 0.9080812033 0.0213223787 0.0615110416
0 0.2793182707 0.7738654147 0.0283646322 0.0382542167
0 0.2988800861 0.5625978091 0.0361893584 0.0382542167
0 0.2860670970 0.5209746131 0.0408841941 0.0328203791
0 0.2423953443 0.5412971657 0.0347222222 0.0391236307
0 0.2406836854 0.4821770127 0.0278755869 0.0452095288
0 0.2701119914 0.4499000174 0.0280467527 0.0480351243
0 0.4883851721 0.3535037385 0.0327660407 0.0460789428
0 0.4751809468 0.2778647192 0.0200508607 0.0565119110
0 0.4374205621 0.3306082211 0.0237554435 0.0414439647
0 0.5536727308 0.6773604591 0.0244522692 0.0625978091
0 0.6531934664 0.8338549817 0.0239632238 0.0539036689
0 0.8171092527 0.6792079638 0.0212001174 0.0541210224
0 0.9385514476 0.5743348983 0.0136932707 0.0408624587
0 0.9356171753 0.5404277517 0.0205399061 0.0356459746
0 0.8309614632 0.4569640063 0.0176056338 0.0391236307
0 0.8384683099 0.4141453660 0.0163830203 0.0378195097
0 0.8137470657 0.4169709616 0.0164319249 0.0391236307
0 0.7876809468 0.4356633629 0.0229851330 0.0434707007
0 0.7287509781 0.3778473309 0.0273865415 0.0426012867
0 0.5287314163 0.0587723874 0.0264084507 0.0512954269
0 0.5526946401 0.0909407060 0.0244522692 0.0547730829
0 0.9133656103 0.3930620762 0.0171165884 0.0521648409
0 0.9277404081 0.3474730322 0.0126110978 0.0392340144
0 0.8627972295 0.1688994903 0.0137889034 0.0463714027
0 0.3098836072 0.6656233698 0.0298317684 0.0504260129
0 0.1452220266 0.1826638845 0.0138888889 0.0326030256
0 0.4111160016 0.1439749609 0.0268974961 0.0408624587
0 0.4398293027 0.3842148782 0.0285729246 0.0507321285
0 0.6204387556 0.8705313940 0.0220297022 0.0437927481
0 0.8972271127 0.6864893062 0.0141823161 0.0460789428
0 0.7622505869 0.5591201530 0.0249413146 0.0608589810
0 0.7774109937 0.5847678665 0.0171165884 0.0617283951
0 0.8534575509 0.5830290384 0.0224960876 0.0512954269
0 0.3406934664 0.7816901408 0.0278755869 0.0399930447
0 0.4152728873 0.8229873066 0.0352112676 0.0391236307
0 0.2957012911 0.8316814467 0.0200508607 0.0495565989
0 0.3240659233 0.8368979308 0.0210289515 0.0373848026
0 0.3627005086 0.8151625804 0.0415688576 0.0356459746
0 0.2186766432 0.6612762998 0.0244522692 0.0773778473
0 0.1453198357 0.5452095288 0.0381455399 0.0365153886
0 0.1169552034 0.5386889237 0.0215179969 0.0391236307
0 0.2453296166 0.4200139106 0.0239632238 0.0573813250
0 0.1153902582 0.3838245523 0.0149647887 0.0284733090
0 0.1289368153 0.3126412798 0.0190727700 0.0391236307
0 0.1368104460 0.3333985394 0.0205399061 0.0458615893
0 0.1666177621 0.2968831508 0.0328149452 0.0445574683
0 0.1436081768 0.2856894453 0.0132042254 0.0286906625
0 0.1748337246 0.3608937576 0.0276310642 0.0317336115
0 0.3583097900 0.3367282585 0.0298103887 0.0542598556
0 0.4663875395 0.1023005560 0.0254491792 0.0470632924
0 0.4940091941 0.2861241523 0.0234741784 0.0539036689
0 0.5426483421 0.7634768276 0.0209060500 0.0465386853
0 0.5639399314 0.7413778938 0.0303153088 0.0475867616
0 0.5764133412 0.7056164145 0.0171165884 0.0460789428
0 0.6022026118 0.6289936146 0.0369386732 0.0393523639
0 0.7126124804 0.1974439228 0.0176056338 0.0625978091
0 0.7003863459 0.1626673622 0.0215179969 0.0382542167
0 0.7314407277 0.1287602156 0.0229851330 0.0625978091
0 0.7104117762 0.0818118588 0.0268974961 0.0452095288
0 0.6913390063 0.1270213876 0.0259194053 0.0417318727
0 0.9417302426 0.8268996696 0.0132042254 0.0504260129
0 0.9407521518 0.7377847331 0.0180946792 0.0321683186
0 0.8774207746 0.9403581986 0.0136932707 0.0321683186
0 0.8744139777 0.2122666352 0.0174605845 0.0313842528
0 0.8407423709 0.2117892540 0.0264084507 0.0304294905
0 0.8179452387 0.1926923021 0.0189597262 0.0391839434
0 0.8238703052 0.1591897061 0.0200508607 0.0521648409
0 0.7862138106 0.2300469484 0.0200508607 0.0391236307
0 0.7910112562 0.2090541276 0.0130182089 0.0284368937
0 0.7991739614 0.1772226501 0.0152355560 0.0436220516
0 0.7937940141 0.1026777952 0.0234741784 0.0330377326
0 0.7448894757 0.0657276995 0.0176056338 0.0460789428
0 0.2908108372 0.4030603373 0.0327660407 0.0304294905
0 0.1946156103 0.3192705616 0.0242566510 0.0541210224
0 0.1634145149 0.2026604069 0.0195618153 0.0382542167
0 0.1775968310 0.1835332986 0.0224960876 0.0469483568
0 0.3140404930 0.2952529995 0.0283646322 0.0547730829
0 0.3358030125 0.2683011650 0.0278755869 0.0339071466
0 0.3869082551 0.2252651713 0.0312989045 0.0347765606
0 0.4023131847 0.1957050948 0.0337441315 0.0399930447
0 0.3729704617 0.1587549991 0.0200508607 0.0565119110
0 0.3602243643 0.2310341429 0.0199890259 0.0649704900
0 0.4857443271 0.1917927317 0.0224960876 0.0569466180
0 0.4656445618 0.2309163624 0.0166275430 0.0565119110
0 0.5610084116 0.1370196488 0.0205399061 0.0304294905
0 0.5798366588 0.1626673622 0.0278755869 0.0347765606
0 0.6972075509 0.8329855677 0.0200508607 0.0434707007
0 0.7003863459 0.5747696053 0.0234741784 0.0434707007
0 0.6998973005 0.5408624587 0.0244522692 0.0295600765
0 0.7955056729 0.6325856373 0.0229851330 0.0443401148
0 0.7458675665 0.5699878282 0.0303208138 0.0339071466
0 0.8671794346 0.4842447159 0.0137504967 0.0504169091
0 0.8805995696 0.3804555729 0.0161384977 0.0512954269
0 0.8789216447 0.2484360790 0.0157169200 0.0319054460
0 0.8021077856 0.4560945922 0.0215179969 0.0408624587
0 0.1017214397 0.1539732220 0.0151604069 0.0247782994
0 0.1099129499 0.2346113719 0.0122261346 0.0399930447
0 0.0555066510 0.4169709616 0.0202953834 0.0304294905
0 0.1358323552 0.4065379934 0.0185837246 0.0273865415
0 0.2473347027 0.8399408798 0.0290982003 0.0317336115
0 0.0372897105 0.8368979308 0.0122261346 0.0352112676
0 0.5888106416 0.7845157364 0.0371674491 0.0312989045
0 0.4940769819 0.2247860832 0.0167907715 0.0424556257
0 0.5877102895 0.5639019301 0.0224960876 0.0547730829
0 0.6170530125 0.5182576943 0.0185837246 0.0539036689
0 0.8999657668 0.1657103113 0.0273865415 0.0260824204
0 0.8955643584 0.1372370023 0.0210289515 0.0299947835
0 0.9432462833 0.1554946966 0.0200508607 0.0352112676
0 0.9291862285 0.3965397322 0.0193172926 0.0252130064
0 0.0564463351 0.4480479607 0.0179973822 0.0239157133
0 0.2354203025 0.7046571004 0.0209060500 0.0313489755
0 0.4879290285 0.5962284274 0.0221785922 0.0407213496
0 0.9559518615 0.9481772348 0.0125436300 0.0339344580
0 0.9899469168 0.8869336177 0.0081806283 0.0342576433
0 0.9824934555 0.8487977506 0.0125436300 0.0252084545
0 0.9556791739 0.7012636546 0.0101803374 0.0342576433
0 0.9333187900 0.6241839571 0.0196335079 0.0342576433
0 0.9388634380 0.6406664081 0.0110892961 0.0245620839
0 0.8919611693 0.7995119902 0.0187245492 0.0281171224
0 0.8995055265 0.8389405985 0.0130890052 0.0391054230
0 0.9117764689 0.8431420076 0.0096349622 0.0268243811
0 0.9609511344 0.7497414517 0.0089077952 0.0381358671
0 0.9807664340 0.6589263784 0.0101803374 0.0281171224
0 0.9920375218 0.5687576757 0.0123618383 0.0271475664
0 0.9953097731 0.4829519747 0.0076352531 0.0332880874
0 0.9862201862 0.4879613470 0.0079988365 0.0329649021
0 0.9496800465 0.4430385883 0.0196335079 0.0203606748
0 0.9604057592 0.3573944800 0.0112710878 0.0265011958
0 0.9392270215 0.3441438821 0.0096349622 0.0255316398
0 0.8009744037 0.2323217633 0.0109075044 0.0290866783
0 0.0781484324 0.3075468974 0.0147914531 0.0450317572
0 0.0377875403 0.2399959746 0.0240361113 0.0254741692
0 0.0354403216 0.3005523151 0.0184597335 0.0393386913
0 0.0462084995 0.2609359389 0.0293462430 0.0273477533
0 0.0094340279 0.5435357913 0.0129598767 0.0328655697
0 0.1060630115 0.7434982183 0.0120069446 0.0454019210
0 0.0973896616 0.7774412365 0.0219174385 0.0240562417
0 0.0819521615 0.7815680678 0.0127692903 0.0450631007
0 0.0412143138 0.5600812339 0.0197733413 0.0406584367
0 0.0117210650 0.6331546093 0.0213456793 0.0304938275
0 0.0664739884 0.6172839506 0.0098346179 0.0292585456
0 0.1466002670 0.0781383154 0.0416812505 0.0465877920
0 0.3039353141 0.0584465027 0.0169145450 0.0554818251
0 0.2732675765 0.1226105982 0.0254909339 0.0491289443
0 0.2661849086 0.0952932110 0.0221556716 0.0647993835
0 0.3305721490 0.0491289443 0.0388319835 0.0487054190
0 0.4579867955 0.1245164624 0.0266820991 0.0528559677
0 0.4167762935 0.0901262013 0.0369737659 0.0470960225
0 0.4906668678 0.1132869166 0.0190727700 0.0573813250
0 0.1104590936 0.6731429466 0.0240122432 0.0278312995
0 0.1620937519 0.9472951250 0.0243950620 0.0379478742
0 0.1098025961 0.9445554452 0.0245856484 0.0233786011
0 0.1906817152 0.9725081204 0.0171527780 0.0406584367
0 0.3179607439 0.8565298602 0.0234741784 0.0530342549
0 0.6438367243 0.9745514186 0.0333526238 0.0508971628
0 0.0954837974 0.5022866295 0.0169621916 0.0538724286
0 0.0651805563 0.5307272060 0.0127692903 0.0406584367
0 0.1984822815 0.5805444824 0.0211303603 0.0487305350
0 0.2653349012 0.6089464873 0.0304702173 0.0573813250
0 0.1086433221 0.6415679213 0.0179913582 0.0422847742
0 0.0788005378 0.5731750096 0.0175339508 0.0449953366
0 0.0538621014 0.6559421423 0.0174668644 0.0447568071
0 0.1287994474 0.9228071876 0.0129072135 0.0452459440
0 0.0645970491 0.0318427115 0.0258850429 0.0567005702
0 0.0804909277 0.0591658124 0.0171026176 0.0398547486
0 0.0695198296 0.1704448724 0.0099102736 0.0436512216
0 0.0828623517 0.1769963666 0.0102673238 0.0507566212
0 0.1042068080 0.8453544079 0.0136480411 0.0508882726
0 0.1268131460 0.8067599952 0.0150618988 0.0559422745
0 0.1061417945 0.8720874668 0.0184597335 0.0305032633
0 0.1325976303 0.8439470289 0.0162572254 0.0235495611
0 0.9368010760 0.9189394843 0.0202598533 0.0344205660
0 0.8535444766 0.9321701277 0.0118416827 0.0224791265
0 0.8413013809 0.9329538207 0.0146515735 0.0440279583
0 0.8650698868 0.9381929700 0.0115003539 0.0310607848
0 0.6001701512 0.8290895872 0.0354994874 0.0443743593
0 0.5683440923 0.8090766823 0.0215179969 0.0565119110
0 0.0782120270 0.3781966274 0.0140518804 0.0312789928
0 0.0573316722 0.3867543705 0.0158564377 0.0189330600
0 0.0561023458 0.3351441580 0.0127937744 0.0373848026
0 0.1051976428 0.2932101650 0.0161877663 0.0382027077
0 0.0936995955 0.3069025539 0.0096558606 0.0370246506
0 0.1421933819 0.1327061483 0.0238142395 0.0268218350
0 0.1113250984 0.1168853494 0.0106498462 0.0389179566
0 0.1239763969 0.1166773710 0.0140494541 0.0328266610
