0 0.0656054382 0.7799513128 0.0185837246 0.0591201530
0 0.0597753612 0.5859967089 0.0186606598 0.0488377419
0 0.0719630282 0.7330029560 0.0176056338 0.0556424970
0 0.0579006690 0.7027856981 0.0138161722 0.0473728220
0 0.1223831591 0.9693458729 0.0126182670 0.0420140909
0 0.1415572588 0.9663404771 0.0151604069 0.0460789428
0 0.1881113067 0.8780254547 0.0161384977 0.0504260129
0 0.2117554520 0.9771248691 0.0212722939 0.0277215839
0 0.2682303595 0.9257743835 0.0140135358 0.0412506641
0 0.3382211034 0.9015091755 0.0190184978 0.0518446421
0 0.1489462265 0.8398072870 0.0140994170 0.0442637760
0 0.2935005869 0.8438532429 0.0185837246 0.0652060511
0 0.1825549759 0.7089201878 0.0236095605 0.0266040689
0 0.4627102895 0.9320987654 0.0264084507 0.0452095288
0 0.5649207746 0.9786124152 0.0303208138 0.0373848026
0 0.5705447966 0.9338375935 0.0210289515 0.0504260129
0 0.5238409624 0.7608242045 0.0312989045 0.0452095288
0 0.5592225013 0.7736374586 0.0277270840 0.0534477567
0 0.5830700241 0.7713791027 0.0284737729 0.0489310449
0 0.5262912587 0.6318952769 0.0195719541 0.0430739022
0 0.3922877543 0.4847852547 0.0234741784 0.0495565989
0 0.3387372848 0.5460789428 0.0357003130 0.0486871848
0 0.2000929186 0.2882976874 0.0244522692 0.0512954269
0 0.1777608401 0.2484191509 0.0265921409 0.0370370370
0 0.4230182927 0.3142125866 0.0160907859 0.0596205962
0 0.4064894533 0.2745185355 0.0176443996 0.0637301678
0 0.4622212441 0.4004520953 0.0205399061 0.0582507390
0 0.2978981187 0.4349593496 0.0283568791 0.0554049985
0 0.0675970413 0.6545754503 0.0226649960 0.0351370493
0 0.0682588076 0.6129177958 0.0118563686 0.0343270099
0 0.0499908751 0.5043661548 0.0118068676 0.0421559771
0 0.0581662826 0.4694591821 0.0154425026 0.0415092179
0 0.0424464555 0.4648152389 0.0133455714 0.0425482737
0 0.0428523035 0.3798554652 0.0230352304 0.0280036134
0 0.0421312598 0.3243783690 0.0146713615 0.0539036689
0 0.0572059309 0.3406414688 0.0122819051 0.0396087432
0 0.0511785994 0.1830985915 0.0180946792 0.0582507390
0 0.1278230443 0.1064979155 0.0144536767 0.0441556293
0 0.1122487380 0.1171514180 0.0160174291 0.0463355260
0 0.1154096411 0.1671480252 0.0164706907 0.0472155426
0 0.1345697832 0.1604938272 0.0137195122 0.0514905149
0 0.1776305274 0.2127858994 0.0254977528 0.0324227812
0 0.1380420054 0.3409915985 0.0149051491 0.0345878341
0 0.1195581773 0.3365363818 0.0159649462 0.0399654779
0 0.2454897741 0.4244071104 0.0323074615 0.0367624128
0 0.1789187445 0.4808622891 0.0212275516 0.0400142499
0 0.2088957355 0.3861067640 0.0293427230 0.0434707007
0 0.2154978482 0.1917927317 0.0278755869 0.0460789428
0 0.3708177674 0.1319675051 0.0212370940 0.0444058509
0 0.4088753388 0.2104787715 0.0298102981 0.0316169828
0 0.3431386933 0.6278038602 0.0210289515 0.0556424970
0 0.3321896925 0.7718551599 0.0193943278 0.0446666751
0 0.6517263302 0.6078073379 0.0190727700 0.0625978091
0 0.1017953930 0.2006257660 0.0108401084 0.0423234984
0 0.0996781843 0.1541704306 0.0133807588 0.0274013851
0 0.2196547340 0.4200139106 0.0166275430 0.0486871848
0 0.2179430751 0.4621804903 0.0278755869 0.0373848026
0 0.2600009781 0.3956703182 0.0308098592 0.0434707007
0 0.2864210585 0.3726594739 0.0269207556 0.0339644007
0 0.2503229489 0.4755764522 0.0257136484 0.0402826847
0 0.2605860434 0.4966877447 0.0228658537 0.0343270099
0 0.1771077856 0.6656233698 0.0156494523 0.0478177708
0 0.1932453887 0.6501509812 0.0166257538 0.0422471596
0 0.1289368153 0.2356981395 0.0200508607 0.0417318727
0 0.1558110754 0.2660633343 0.0191192421 0.0522934322
0 0.1391176008 0.3060074460 0.0171822639 0.0271487044
0 0.1326046557 0.2817770822 0.0176056338 0.0365153886
0 0.1392067684 0.2487393497 0.0171165884 0.0330377326
0 0.1521664710 0.2217875152 0.0244522692 0.0312989045
0 0.1984905269 0.1694935140 0.0188542358 0.0345182399
0 0.1882999477 0.1488187577 0.0206516696 0.0383782561
0 0.1580284553 0.1758177793 0.0179539295 0.0349949744
0 0.2110964397 0.1196313685 0.0210289515 0.0426012867
0 0.2294356416 0.1074595722 0.0136932707 0.0565119110
0 0.1568124022 0.4891323248 0.0190727700 0.0582507390
0 0.1411629499 0.4543557642 0.0190727700 0.0460789428
0 0.1203785211 0.4547904712 0.0176056338 0.0539036689
0 0.1361809492 0.6213140027 0.0169334946 0.0461404379
0 0.1184223396 0.6038949748 0.0234741784 0.0304294905
0 0.1223347027 0.5769431403 0.0224960876 0.0373848026
0 0.2835365854 0.7165010539 0.0204945799 0.0409515206
0 0.2823972083 0.6441884453 0.0180946792 0.0617283951
0 0.2115514905 0.6052393857 0.0237127371 0.0370370370
0 0.1577904930 0.3961050252 0.0288536776 0.0443401148
0 0.1691121918 0.4235912312 0.0250886246 0.0245429215
0 0.2798949864 0.2666365553 0.0210027100 0.0427582054
0 0.3399679496 0.2697060108 0.0322930980 0.0315003541
0 0.3599758698 0.2930720426 0.0224263092 0.0504111692
0 0.3799933323 0.6308351464 0.0135566959 0.0391469564
0 0.3668573944 0.5917231786 0.0215179969 0.0739001913
0 0.4259802974 0.5882359802 0.0316776165 0.0358134959
0 0.4546410407 0.4882629108 0.0229851330 0.0669448792
0 0.4343456573 0.4587028343 0.0234741784 0.0825943314
0 0.3768705986 0.2466124661 0.0170921362 0.0529960855
0 0.5135710094 0.7090940706 0.0303208138 0.0495565989
0 0.5526946401 0.6877234500 0.0185837246 0.0704225352
0 0.6221875410 0.6893057979 0.0294396359 0.0488009825
0 0.8136148826 0.7069871072 0.0161675587 0.0557756402
0 0.3083577260 0.2816562125 0.0189552798 0.0380124772
0 0.6939807459 0.3220966873 0.0214219770 0.0510791336
0 0.7155467527 0.2013562859 0.0264084507 0.0565119110
0 0.7475792254 0.3182924709 0.0200508607 0.0712919492
0 0.7736879867 0.3680886887 0.0174953004 0.0578605630
0 0.7580937011 0.2535211268 0.0224960876 0.0478177708
0 0.3545901084 0.1192411924 0.0259146341 0.0710629329
0 0.8250929186 0.1648408972 0.0176056338 0.0634672231
0 0.8947042402 0.2883767767 0.0208736604 0.0601477458
0 0.9012325480 0.2067901235 0.0252690518 0.0368431258
0 0.9402377596 0.2013478038 0.0259700990 0.0408454945
0 0.8376524390 0.3268593797 0.0142276423 0.0635350798
0 0.8896469092 0.4274039298 0.0166275430 0.0565119110
0 0.9431973787 0.4826117197 0.0161384977 0.0539036689
0 0.8198025807 0.4976822695 0.0187620472 0.0510070359
0 0.8279979675 0.4578440229 0.0223577236 0.0376392653
0 0.7821589587 0.4417458471 0.0234511344 0.0565574300
0 0.7687307364 0.4923640003 0.0202959798 0.0508034658
0 0.7578930136 0.5819783198 0.0162261680 0.0441132189
0 0.7155467527 0.6065032168 0.0254303599 0.0582507390
0 0.6794328386 0.6036564161 0.0246031576 0.0552502004
0 0.6609078591 0.5362842517 0.0250677507 0.0499849443
0 0.7028285908 0.7268894911 0.0189701897 0.0647395363
0 0.8297661825 0.7630483795 0.0219523767 0.0496578788
0 0.7994180360 0.6482350895 0.0200508607 0.0617283951
0 0.7959168885 0.5765699285 0.0140266566 0.0540266592
0 0.8404295358 0.6965955364 0.0178197902 0.0529321146
0 0.8654841907 0.8031042321 0.0181847351 0.0463058386
0 0.8411246612 0.8515507377 0.0150745257 0.0481782596
0 0.8050420579 0.8634150583 0.0205399061 0.0469483568
0 0.8869571596 0.7590853765 0.0239632238 0.0417318727
0 0.8387861894 0.5699878282 0.0224960876 0.0443401148
0 0.8021077856 0.4517475222 0.0166275430 0.0321683186
0 0.8599532067 0.3406599838 0.0217941286 0.0357312895
0 0.8850577560 0.3750279942 0.0209153957 0.0430234760
0 0.8609256317 0.4034611160 0.0151604069 0.0556424970
0 0.8380526213 0.2087463050 0.0180946792 0.0591201530
0 0.8448992567 0.1757085724 0.0180946792 0.0556424970
0 0.8732638889 0.1874456616 0.0171165884 0.0391236307
0 0.8891468305 0.1655396092 0.0264305174 0.0359873787
0 0.8859790689 0.1170231264 0.0308098592 0.0391236307
0 0.3381577916 0.6836699695 0.0287734076 0.0481944410
0 0.3108616980 0.5825943314 0.0298317684 0.0539036689
0 0.3108616980 0.6669274909 0.0239632238 0.0434707007
0 0.3697916667 0.8342896887 0.0224960876 0.0599895670
0 0.4038787263 0.9006323397 0.0235433604 0.0433604336
0 0.5591597688 0.8594935914 0.0224960876 0.0547730829
0 0.3177083333 0.7969048861 0.0200508607 0.0426012867
0 0.3268123306 0.8271604938 0.0223577236 0.0412526347
0 0.1551007433 0.6621457138 0.0215179969 0.0547730829
0 0.2246358401 0.7403042435 0.0158367209 0.0295395319
0 0.1154880673 0.3230742480 0.0205399061 0.0495565989
0 0.1579932726 0.3488787440 0.0156530213 0.0377153321
0 0.3321351721 0.4930446879 0.0401017214 0.0417318727
0 0.4700459703 0.8477656060 0.0264084507 0.0660754651
0 0.4871625587 0.7864719179 0.0342331768 0.0495565989
0 0.4817830595 0.7199617458 0.0244522692 0.0521648409
0 0.4116050469 0.5291253695 0.0229851330 0.0617283951
0 0.4369164257 0.3980484836 0.0232230953 0.0482270316
0 0.4471875716 0.3413955579 0.0349577990 0.0462061741
0 0.5764732790 0.7042401958 0.0228652573 0.0468041613
0 0.3387429506 0.3341338304 0.0171279200 0.0413480582
0 0.2840743520 0.3278695698 0.0266726545 0.0356120463
0 0.4814671737 0.5665338948 0.0208480559 0.0567952671
0 0.3858401084 0.1832512691 0.0338753388 0.0324736737
0 0.3234328481 0.2090675641 0.0187847103 0.0528073591
0 0.3059789973 0.1797651310 0.0211720867 0.0457693466
0 0.3834849374 0.0874630499 0.0224960876 0.0478177708
0 0.4323378874 0.2259638833 0.0321738187 0.0333791366
0 0.4316931825 0.2607934569 0.0299063180 0.0414964948
0 0.4048022467 0.1492667235 0.0279632572 0.0389730736
0 0.4492716802 0.1690755796 0.0276084011 0.0379403794
0 0.5253080986 0.1352808207 0.0215179969 0.0652060511
0 0.4752754757 0.3232863002 0.0182837370 0.0560878066
0 0.4685788341 0.2665623370 0.0322769953 0.0599895670
0 0.4974593496 0.2734116230 0.0179539295 0.0545016561
0 0.5083257416 0.3414679305 0.0237426413 0.0718893869
0 0.5183573920 0.4249557871 0.0281564898 0.0359661734
0 0.5134613582 0.5341239311 0.0340138746 0.0369489577
0 0.5321365673 0.5662169267 0.0268408852 0.0304688867
0 0.5869278169 0.5804207964 0.0244522692 0.0530342549
0 0.6945178013 0.3787167449 0.0264084507 0.0460789428
0 0.5715178180 0.0829537599 0.0278654481 0.0550975228
0 0.5402239828 0.0492088332 0.0278755869 0.0408624587
0 0.5436473005 0.0978960181 0.0220070423 0.0634672231
0 0.6067660622 0.1548479374 0.0220708567 0.0504366155
0 0.6443906495 0.1331072857 0.0220070423 0.0834637454
0 0.6253178795 0.1122413493 0.0200508607 0.0643366371
0 0.5901253984 0.1085516411 0.0279131599 0.0382414935
0 0.5795978019 0.1585312841 0.0215293284 0.0430487169
0 0.6233083205 0.5874683512 0.0189660149 0.0740846767
0 0.7253276604 0.4530516432 0.0264084507 0.0573813250
0 0.7334869730 0.4865428594 0.0309899866 0.0495190456
0 0.7899159438 0.2723863506 0.0206084917 0.0587745079
0 0.8016187402 0.1865762476 0.0176056338 0.0634672231
0 0.7814317917 0.9266854114 0.0216332170 0.0494473531
0 0.6269013240 0.7280351198 0.0247086979 0.0544009646
0 0.6800996102 0.5487804878 0.0161557932 0.0484793737
0 0.7034214092 0.5423065342 0.0199864499 0.0385426076
0 0.7064994131 0.4300121718 0.0210289515 0.0408624587
0 0.7319297731 0.6351938793 0.0200508607 0.0582507390
0 0.7405467655 0.7015868399 0.0174882373 0.0423372762
0 0.7613964857 0.6889547322 0.0222550215 0.0388379986
0 0.7681191315 0.6478003825 0.0268974961 0.0556424970
0 0.7607631795 0.6224239766 0.0240670093 0.0319602687
0 0.7792481145 0.7496561035 0.0176056338 0.0652060511
0 0.7949865095 0.7395124395 0.0209687154 0.0461181502
0 0.8578589593 0.7399582681 0.0185837246 0.0399930447
0 0.8570460705 0.9277209478 0.0238821138 0.0330992277
0 0.8380526213 0.9594853069 0.0268974961 0.0460789428
0 0.7480682707 0.7382194401 0.0180946792 0.0452095288
0 0.8120696997 0.5806275473 0.0179676467 0.0543595812
0 0.7772696477 0.5865703101 0.0204945799 0.0358325805
0 0.7446291485 0.5316169828 0.0190411609 0.0502860584
0 0.8414759390 0.7908189880 0.0249413146 0.0599895670
0 0.8716124661 0.9444444444 0.0204945799 0.0346281241
0 0.9035847027 0.9399234916 0.0200508607 0.0434707007
0 0.7027394295 0.2761386143 0.0252460733 0.0478432171
0 0.6727552817 0.1674491393 0.0249413146 0.0478177708
0 0.7125787840 0.1299784555 0.0204725133 0.0441683525
0 0.6974520736 0.1052860372 0.0185837246 0.0678142932
0 0.6671589922 0.0433805786 0.0253748950 0.0379000895
0 0.6785230352 0.0881479785 0.0162601626 0.0447090856
0 0.7245356454 0.1673812826 0.0293427230 0.0373848026
0 0.7730095853 0.2396105025 0.0210289515 0.0495565989
0 0.7860679916 0.2264579649 0.0178030411 0.0336844918
0 0.7854802426 0.1996174578 0.0224960876 0.0391236307
0 0.7674604112 0.3085412505 0.0177553294 0.0465730244
0 0.8091989437 0.1439749609 0.0171165884 0.0599895670
0 0.7250351278 0.3461338643 0.0287576577 0.0243838823
0 0.7592290345 0.3901991689 0.0230392209 0.0497732973
0 0.8164913856 0.3049342426 0.0199643832 0.0371494247
0 0.8707655827 0.5589155226 0.0137195122 0.0378449559
0 0.9072525430 0.3430707703 0.0136932707 0.0582507390
0 0.9197326100 0.3734348272 0.0131854061 0.0566427783
0 0.9055408842 0.4282733438 0.0180946792 0.0565119110
0 0.9128765649 0.7973395931 0.0161384977 0.0504260129
0 0.9232780235 0.6451094401 0.0203138717 0.0366807893
0 0.8054473095 0.3769503501 0.0203723186 0.0425461532
0 0.8233487562 0.3760056576 0.0160734904 0.0441344241
0 0.8357892954 0.4164408311 0.0199864499 0.0331225534
0 0.8097938495 0.2569531916 0.0174380463 0.0345327006
0 0.8526294539 0.2536197310 0.0143713739 0.0480149794
0 0.8521165526 0.2995820451 0.0188360004 0.0408985076
0 0.8324017615 0.2487202650 0.0155826558 0.0493827160
0 0.7814864713 0.5163757310 0.0164647267 0.0402793152
0 0.7847466745 0.5512954269 0.0171165884 0.0347765606
0 0.8494214542 0.4823289326 0.0212705297 0.0342109863
0 0.8557569588 0.4501656128 0.0173139958 0.0307136405
0 0.8782597691 0.2350807872 0.0261302581 0.0387583402
0 0.9119852499 0.1631243347 0.0251148660 0.0356905056
0 0.8505969336 0.5935860571 0.0184364146 0.0498046999
0 0.8771762520 0.6934446183 0.0200508607 0.0391236307
0 0.8945373631 0.6860545992 0.0205399061 0.0382542167
0 0.8861851240 0.6144148844 0.0147482967 0.0427751695
0 0.8626143293 0.6241205135 0.0134231030 0.0386655979
0 0.9089642019 0.6225873761 0.0171165884 0.0452095288
0 0.9211903365 0.5956355416 0.0151604069 0.0486871848
0 0.9568089431 0.6037338151 0.0113482385 0.0496838302
0 0.9558693199 0.6615265214 0.0189862924 0.0431017299
0 0.8862268717 0.5187613183 0.0156560126 0.0392614646
0 0.9060299296 0.5186924013 0.0220070423 0.0426012867
0 0.8906250000 0.5608589810 0.0146713615 0.0399930447
0 0.9076661442 0.5608144501 0.0164766546 0.0433816388
0 0.9331719484 0.5825943314 0.0146713615 0.0434707007
0 0.9272327307 0.5040109673 0.0135900941 0.0422641237
0 0.9270588811 0.5460789428 0.0249413146 0.0347765606
0 0.9573796948 0.5221700574 0.0200508607 0.0460789428
0 0.9091486915 0.4782754437 0.0240129152 0.0274900640
0 0.8741477490 0.4389734977 0.0146713615 0.0530342549
0 0.8792365797 0.4976187843 0.0169082961 0.0551884443
0 0.8227380458 0.5446751572 0.0216987051 0.0389243016
0 0.7973664310 0.5162856089 0.0171165884 0.0295600765
0 0.9390468941 0.3118378684 0.0249413146 0.0278212485
0 0.9678020273 0.4064234852 0.0187680112 0.0410914751
0 0.9620408341 0.3653426127 0.0215484131 0.0332413027
0 0.9617811033 0.4395757260 0.0210289515 0.0321683186
0 0.9418146327 0.4385515138 0.0172853687 0.0324779148
0 0.9448431357 0.4020848972 0.0125833763 0.0302174383
0 0.0291327913 0.4189250226 0.0098238482 0.0386931647
0 0.1296519841 0.8522347560 0.0164412892 0.0380779136
0 0.2007379592 0.7977577995 0.0179176243 0.0477847695
0 0.2387313508 0.8538334796 0.0238923119 0.0382902655
0 0.2585559617 0.8266833764 0.0184571823 0.0282538350
0 0.2810382791 0.7570348317 0.0292174797 0.0237201590
0 0.3086890244 0.7053598314 0.0142276423 0.0343270099
0 0.3357714550 0.7307639873 0.0210920665 0.0305603578
0 0.2297144571 0.0562415444 0.0299003540 0.0392784288
0 0.6521649801 0.8270364433 0.0179938881 0.0472219041
0 0.5612729136 0.6173846754 0.0249812731 0.0521924077
0 0.6383500444 0.3874649584 0.0194168909 0.0546649363
0 0.6155369718 0.3934967832 0.0200508607 0.0495565989
0 0.6042889280 0.2804729612 0.0190727700 0.0408624587
0 0.6025772692 0.2070074770 0.0195618153 0.0452095288
0 0.1592385444 0.8802011103 0.0171165884 0.0608589810
0 0.1496302936 0.5487041490 0.0291608220 0.0278551768
0 0.1316265649 0.5278212485 0.0264084507 0.0382542167
0 0.1910816610 0.5024343592 0.0162106617 0.0542514345
0 0.1820098692 0.4415117625 0.0274098009 0.0317739015
0 0.1378186548 0.3769577719 0.0231431782 0.0356056847
0 0.1713245257 0.2981029810 0.0235433604 0.0216802168
0 0.3184618807 0.3275018979 0.0244922278 0.0476566112
0 0.5231731338 0.4745622432 0.0182261581 0.0630473098
0 0.5939170052 0.6672649009 0.0192767096 0.0619229890
0 0.9463761737 0.7117023126 0.0176056338 0.0426012867
0 0.8461218701 0.5217353504 0.0136932707 0.0486871848
0 0.8573699139 0.5386889237 0.0215179969 0.0512954269
0 0.7082110720 0.8551556251 0.0224960876 0.0478177708
0 0.6961304520 0.8696769014 0.0211876055 0.0414351162
0 0.6274541885 0.9349266369 0.0290866783 0.0319953461
0 0.6734199659 0.4494626597 0.0125774123 0.0419545275
0 0.6624853286 0.3987132673 0.0278755869 0.0530342549
0 0.6199383803 0.3487219614 0.0190727700 0.0399930447
0 0.6390582656 0.3241493526 0.0188008130 0.0418548630
0 0.4920530125 0.0344287950 0.0312989045 0.0426012867
0 0.6490365806 0.2256998783 0.0205399061 0.0339071466
0 0.6248288341 0.2496087637 0.0259194053 0.0312989045
0 0.6206719484 0.2878629804 0.0244522692 0.0434707007
0 0.7801007433 0.0522517823 0.0224960876 0.0278212485
0 0.7781445618 0.0857242219 0.0224960876 0.0269518345
0 0.7903706964 0.1022430882 0.0176056338 0.0321683186
0 0.8008851721 0.4843505477 0.0171165884 0.0312989045
0 0.8135463782 0.4302221035 0.0160305498 0.0387037673
0 0.7893926056 0.3313336811 0.0195618153 0.0608589810
0 0.8159722222 0.3389039446 0.0233739837 0.0286058416
0 0.9420353838 0.3444892580 0.0116158520 0.0310701713
0 0.9466206964 0.2535211268 0.0180946792 0.0304294905
0 0.0798974695 0.4359285114 0.0125436300 0.0349040140
0 0.0823516579 0.1817432616 0.0119982548 0.0442763881
0 0.1535231239 0.0631342512 0.0139979639 0.0345808286
0 0.1895178883 0.3283078017 0.0163612565 0.0578501713
0 0.0904413903 0.5534063732 0.0150887144 0.0271475664
0 0.1106202734 0.5285211040 0.0139979639 0.0445995734
0 0.0366310355 0.8491209359 0.0121800465 0.0323185314
0 0.1367907462 0.7710013306 0.0201939585 0.0289041968
0 0.1247091332 0.6817109431 0.0181791739 0.0258548252
0 0.2805955497 0.9586807575 0.0294502618 0.0245620839
0 0.1357075334 0.8078856428 0.0127254218 0.0381358671
0 0.2155781775 0.8130166038 0.0155059486 0.0325033777
0 0.2775252646 0.8083087397 0.0167651889 0.0318538540
0 0.2471458697 0.8020974727 0.0218150087 0.0429836468
0 0.3517670157 0.7791513154 0.0249054683 0.0274707517
0 0.3079552065 0.7322894448 0.0185427574 0.0255316398
0 0.3225894415 0.9851819533 0.0149069226 0.0265011958
0 0.3435863874 0.9884113826 0.0154522978 0.0213253830
0 0.4632962478 0.9829196561 0.0216332170 0.0290866783
0 0.1055234538 0.2715353746 0.0125303282 0.0299494254
0 0.3627654159 0.0416424278 0.0159976731 0.0355503846
0 0.4920647906 0.3663628725 0.0249963642 0.0308641975
0 0.5556464514 0.5765141232 0.0212696335 0.0458923147
0 0.5084065378 0.6012496236 0.0209579272 0.0311653117
0 0.7017161140 0.9809805442 0.0176337987 0.0316721608
0 0.7382562536 0.8748141684 0.0236329261 0.0290866783
0 0.6561772833 0.8704511667 0.0123618383 0.0358735699
0 0.6779297734 0.8654463268 0.0165998028 0.0426695265
0 0.7421902712 0.6620228484 0.0196844982 0.0322661124
0 0.9083224258 0.8470202314 0.0110892961 0.0352271993
0 0.9426810646 0.7964417297 0.0176337987 0.0284403077
0 0.9612238220 0.7838375024 0.0114528796 0.0368431258
0 0.8944153578 0.8410413031 0.0109075044 0.0365199405
0 0.9799100175 0.6330295786 0.0108024199 0.0338505087
0 0.9884016870 0.5748174003 0.0116346713 0.0357119772
0 0.9835842059 0.4730948226 0.0103621291 0.0336112727
0 0.9889470622 0.3924600866 0.0109075044 0.0355503846
0 0.9718586387 0.5105843190 0.0145433392 0.0332880874
0 0.9948552938 0.4818208261 0.0085442118 0.0397517937
0 0.9565881326 0.4790737509 0.0116346713 0.0394286084
0 0.8925974404 0.7999967681 0.0185427574 0.0307026049
0 0.9375000000 0.6209521039 0.0138161722 0.0403981643
0 0.9447831978 0.5981632039 0.0110094851 0.0367359229
0 0.9375000000 0.1156518648 0.0163612565 0.0407213496
0 0.9428628563 0.1717245168 0.0249054683 0.0232693426
0 0.9194117219 0.2542983647 0.0219968005 0.0294098636
0 0.9226839732 0.2845161916 0.0176337987 0.0323185314
0 0.9711314718 0.2909798979 0.0207242583 0.0232693426
0 0.9355002909 0.3646661496 0.0138161722 0.0300562342
0 0.0818089431 0.2672387835 0.0121951220 0.0301114122
0 0.0967140921 0.9361638061 0.0101626016 0.0289069557
0 0.1626016260 0.4462511292 0.0154132791 0.0231857874
0 0.4531673442 0.0727190605 0.0243902439 0.0373381512
0 0.6296578591 0.6394158386 0.0194783198 0.0382414935
0 0.9558773713 0.9459500151 0.0094850949 0.0325203252
0 0.9770494580 0.9339054502 0.0071138211 0.0283047275
0 0.9702743902 0.8389039446 0.0071138211 0.0243902439
0 0.9867886179 0.8402589581 0.0077913279 0.0301114122
0 0.8732215447 0.6297801867 0.0101626016 0.0379403794
0 0.1040334753 0.3716431942 0.0221871797 0.0200506364
0 0.0377875403 0.2555631572 0.0240361113 0.0254741692
0 0.0347894977 0.2956086827 0.0169214223 0.0437564053
0 0.0224891978 0.5066043780 0.0112445989 0.0430301788
0 0.1058724251 0.7309618669 0.0120069446 0.0454019210
0 0.1008202172 0.7747306740 0.0219174385 0.0240562417
0 0.0819521615 0.7815680678 0.0127692903 0.0450631007
0 0.0394275661 0.5621988608 0.0161998459 0.0448936905
0 0.0130551699 0.6304440468 0.0182962965 0.0426913585
0 0.1079493406 0.0759698654 0.0357349541 0.0465877920
0 0.2992897701 0.1092695486 0.0166763119 0.0554818251
0 0.2669544013 0.1433633419 0.0209645064 0.0491289443
0 0.2661849086 0.0952932110 0.0221556716 0.0647993835
0 0.3210428279 0.0546347743 0.0388319835 0.0487054190
0 0.4589397276 0.1218058999 0.0266820991 0.0528559677
0 0.4179198120 0.0870768186 0.0369737659 0.0470960225
0 0.4828954879 0.0840697884 0.0214409725 0.0592935535
0 0.1620937519 0.9472951250 0.0243950620 0.0379478742
0 0.1570929672 0.9671376579 0.0210741811 0.0317562264
0 0.1098025961 0.9445554452 0.0245856484 0.0233786011
0 0.1868699868 0.9718304798 0.0133410495 0.0393031555
0 0.3208133918 0.8429703411 0.0285879633 0.0413360773
0 0.6354985683 0.9822278161 0.0208453899 0.0355443677
0 0.0951026246 0.5188888245 0.0169621916 0.0538724286
0 0.0520300932 0.4166396326 0.0219174385 0.0237174214
0 0.0677534730 0.5181908547 0.0133410495 0.0406584367
0 0.1689965539 0.5944942463 0.0234510636 0.0502936391
0 0.2492541719 0.6356285863 0.0259437898 0.0573813250
0 0.1727881428 0.7413518422 0.0259194053 0.0426012867
0 0.1072710999 0.6450916524 0.0179913582 0.0422847742
0 0.0763610316 0.5783250783 0.0147895063 0.0515006865
0 0.0462020519 0.6447529406 0.0241999015 0.0477058991
0 0.1294958253 0.9214657818 0.0136480411 0.0453150646
0 0.2619718918 0.7361606279 0.0181057101 0.0419290128
0 0.0524634352 0.0834073605 0.0348985847 0.0464287278
0 0.0799131365 0.0702594022 0.0154848025 0.0365677591
0 0.0695198296 0.1704448724 0.0099102736 0.0436512216
0 0.3169185495 0.3757813016 0.0321862019 0.0477533846
0 0.1042068080 0.8524227503 0.0136480411 0.0367515878
0 0.1135375210 0.8629364878 0.0136081369 0.0391283239
0 0.3696541940 0.7015820228 0.0316629543 0.0423199908
0 0.9525533819 0.8691918174 0.0157159189 0.0369786328
0 0.8533751062 0.9688420736 0.0183650682 0.0333221855
0 0.6192141470 0.8080528539 0.0354994874 0.0430595635
0 0.5713767388 0.8192877843 0.0308771583 0.0575223176
0 0.0781173617 0.3843393536 0.0140518804 0.0220228302
0 0.0585149885 0.3924342885 0.0158564377 0.0189330600
0 0.0768415989 0.3115251657 0.0171580856 0.0255070391
