0 0.0657675293 0.2248217881 0.0189393939 0.0473484848
0 0.0742290465 0.2721563842 0.0259592563 0.0468024123
0 0.0938642692 0.2214763143 0.0175107354 0.0452628596
0 0.1111709770 0.1424687488 0.0224497126 0.0492472619
0 0.1392637311 0.1136363636 0.0278172348 0.0399831650
0 0.1463192704 0.1579233999 0.0236742424 0.0578703704
0 0.1658329727 0.1539825685 0.0184761000 0.0659617700
0 0.1769649621 0.1790123457 0.0191761364 0.0460157127
0 0.1869081439 0.2178030303 0.0248579545 0.0673400673
0 0.1246585270 0.2193116962 0.0254498106 0.0420875421
0 0.1371922348 0.2525953984 0.0165719697 0.0547138047
0 0.1158854167 0.2814604377 0.0213068182 0.0431397306
0 0.1244645407 0.3195493612 0.0262914408 0.0466920736
0 0.1518284551 0.2860553162 0.0251783170 0.0607469960
0 0.1071593337 0.3708784785 0.0142045455 0.0494528620
0 0.0756392045 0.4208754209 0.0236742424 0.0357744108
0 0.0640980114 0.5066287879 0.0147964015 0.0578703704
0 0.0809659091 0.5045244108 0.0213068182 0.0557659933
0 0.0975114827 0.5173435543 0.0134470143 0.0472919582
0 0.1167732008 0.5445075758 0.0254498106 0.0389309764
0 0.0952342542 0.5758172161 0.0217185083 0.0363145668
0 0.0931581439 0.6664772727 0.0220170455 0.0264730640
0 0.1343132062 0.6057752668 0.0216278249 0.0627746390
0 0.1167387193 0.4761847985 0.0195312500 0.0379629630
0 0.1223958333 0.4017576899 0.0207450565 0.0564971751
0 0.1333494697 0.4471444673 0.0163312147 0.0714061519
0 0.1614583333 0.4927809165 0.0291313559 0.0376647834
0 0.1426995056 0.3746861268 0.0180967514 0.0651286880
0 0.1549350163 0.4151776644 0.0187330270 0.0739209282
0 0.1945925872 0.5006277464 0.0291313559 0.0376647834
0 0.1750582202 0.3943212787 0.0192689025 0.0677337053
0 0.1634557067 0.3360831128 0.0181190406 0.0648215928
0 0.1842999647 0.3090733811 0.0196415960 0.0613887055
0 0.1883827684 0.4362837414 0.0247175141 0.0423728814
0 0.2095692090 0.4198053986 0.0185381356 0.0612052731
0 0.2221486582 0.3695856874 0.0216278249 0.0612052731
0 0.2312730707 0.3003522501 0.0328145029 0.0404408468
0 0.2027277542 0.2510985562 0.0242761299 0.0580665411
0 0.2153072034 0.1196641557 0.0282485876 0.0541431262
0 0.1823500284 0.0944401779 0.0176553672 0.0415881984
0 0.2411281780 0.1110326428 0.0189795198 0.0541431262
0 0.2606827464 0.0974087695 0.0187121909 0.0578503832
0 0.2728602186 0.0453696057 0.0357521186 0.0360954175
0 0.2234728107 0.1655681105 0.0269244350 0.0643440050
0 0.2532662429 0.1569365976 0.0291313559 0.0674827370
0 0.2329625706 0.2263810421 0.0326624294 0.0588512241
0 0.2693767655 0.2510985562 0.0366348870 0.0721908349
0 0.2704932234 0.3130235334 0.0257359021 0.0529652788
0 0.2854872881 0.1879315756 0.0264830508 0.0494350282
0 0.2862830289 0.1217672541 0.0178294225 0.0567799571
0 0.2968943106 0.1312545773 0.0203036723 0.0604205901
0 0.3207973002 0.1173544234 0.0231636694 0.0520779400
0 0.3126490935 0.1793082428 0.0257434796 0.0491734548
0 0.2996731082 0.2360754437 0.0191694487 0.0620803135
0 0.3236670198 0.2259887006 0.0260416667 0.0753295669
0 0.3181497175 0.2997489014 0.0467867232 0.0753295669
0 0.2907303972 0.3673077289 0.0334381955 0.0723430158
0 0.2507429542 0.4001475023 0.0258503151 0.0721091916
0 0.2316384181 0.4645323289 0.0273658192 0.0627746390
0 0.1752604167 0.6250000000 0.0239583333 0.0370370370
0 0.1851017725 0.7193997172 0.0215515842 0.0411959486
0 0.2208245056 0.7179849341 0.0233933616 0.0455116133
0 0.2155278955 0.6422630257 0.0172139831 0.0635593220
0 0.2362613366 0.6670342287 0.0207682872 0.0518964549
0 0.2521627825 0.6705116133 0.0198622881 0.0666980540
0 0.2506179379 0.5771343377 0.0220692090 0.0698367859
0 0.2699023444 0.5047484660 0.0196938988 0.0717962255
0 0.2753405547 0.4092439285 0.0185279302 0.0667615543
0 0.2886621494 0.4560514871 0.0185381356 0.0698367859
0 0.2983899863 0.5030573788 0.0266881647 0.0626234722
0 0.3079978814 0.6026365348 0.0247175141 0.0721908349
0 0.2931464652 0.6478590544 0.0314683690 0.0335348730
0 0.2771009887 0.6932674200 0.0317796610 0.0431575643
0 0.2521627825 0.8070464532 0.0251588983 0.0682674200
0 0.1460098870 0.8733521657 0.0273658192 0.0549278092
0 0.1402763065 0.7403130885 0.0211776130 0.0462256748
0 0.3430879237 0.8729598242 0.0269244350 0.0525737602
0 0.2804113701 0.7470182046 0.0260416667 0.0627746390
0 0.3099841102 0.7552573760 0.0260416667 0.0651286880
0 0.3262408055 0.7312990682 0.0154484463 0.0557124922
0 0.3842580327 0.6049666938 0.0358471088 0.0392976156
0 0.3472400878 0.5517274235 0.0175733959 0.0645345709
0 0.3282644423 0.5003470563 0.0247917369 0.0716294547
0 0.3267422340 0.4542508933 0.0225395433 0.0456727269
0 0.3657508172 0.5177835064 0.0280357032 0.0623165852
0 0.3972697792 0.4558667747 0.0196454906 0.0785363816
0 0.3532774390 0.4027053260 0.0215955285 0.0738425849
0 0.3225635593 0.4088198368 0.0273658192 0.0706214689
0 0.3492673023 0.3429064658 0.0286899718 0.0784682988
0 0.3476863444 0.2697084724 0.0290591294 0.0623296881
0 0.3660440037 0.2307315490 0.0296307425 0.0712063640
0 0.3941943473 0.0802900803 0.0193036131 0.0634550635
0 0.3961975524 0.1337088837 0.0240384615 0.0537425537
0 0.4241820025 0.1364268677 0.0270499024 0.0569230612
0 0.4420891608 0.1091038591 0.0269522145 0.0550375550
0 0.4297523284 0.2174530256 0.0333278119 0.0568949100
0 0.3958333333 0.2360139860 0.0254953380 0.0666925667
0 0.3920108920 0.3363140606 0.0262291631 0.0821075306
0 0.4175043706 0.2793965294 0.0375145688 0.0407925408
0 0.4180295037 0.3328382658 0.0280448718 0.0718725719
0 0.4262456294 0.3859103859 0.0265879953 0.0699300699
0 0.3987470862 0.5419580420 0.0305944056 0.0712250712
0 0.4077951443 0.5880817843 0.0389693326 0.0344142865
0 0.3688811189 0.6442631443 0.0225815851 0.0543900544
0 0.3443270670 0.6573371439 0.0149770073 0.0517596529
0 0.3603219697 0.6902356902 0.0178467366 0.0518000518
0 0.3704924242 0.7373219373 0.0189393939 0.0543900544
0 0.3512164918 0.7604895105 0.0185751748 0.0705775706
0 0.3823572867 0.7142633339 0.0241781819 0.0546770646
0 0.4092817164 0.6394995308 0.0235800166 0.0663349917
0 0.4093552848 0.7031477696 0.0265879953 0.0569800570
0 0.3782087523 0.7943185201 0.0308785327 0.0346354861
0 0.3728875291 0.8608521109 0.0174825175 0.0692825693
0 0.3905521562 0.8326858327 0.0127476690 0.0660450660
0 0.4035573154 0.8169826534 0.0132626495 0.0586013857
0 0.4349868881 0.8485495985 0.0331439394 0.0407925408
0 0.4351689977 0.7844470344 0.0269522145 0.0628075628
0 0.4586143024 0.8129231879 0.0353292541 0.0407925408
0 0.4877986597 0.8589096089 0.0236742424 0.0679875680
0 0.5236499611 0.8927289543 0.0290889666 0.0599189368
0 0.5116705247 0.7923525377 0.0295138889 0.0524691358
0 0.5402462121 0.7763532764 0.0382430070 0.0466200466
0 0.3754370629 0.9349909350 0.0371503497 0.0310800311
0 0.5619588946 0.8352657965 0.0217698564 0.0750899976
0 0.5894157925 0.8197358197 0.0229458042 0.0608650609
0 0.6143544379 0.8130870936 0.0262030483 0.0540426150
0 0.6436844406 0.8271820772 0.0265879953 0.0602175602
0 0.6442307692 0.9074721575 0.0254953380 0.0602175602
0 0.6996842443 0.8776915875 0.0249512392 0.0576364773
0 0.7086509324 0.8079435379 0.0210314685 0.0567055167
0 0.7316433566 0.7714970215 0.0203962704 0.0757575758
0 0.7526988358 0.7998627397 0.0149585624 0.0639725697
0 0.7635125291 0.7844470344 0.0200320513 0.0641025641
0 0.7029672987 0.7580421499 0.0280395197 0.0466037602
0 0.6893028846 0.7532051282 0.0308493590 0.0562678063
0 0.6394959207 0.7316757317 0.0276806527 0.0543900544
0 0.6268587779 0.7701890581 0.0171602932 0.0526893101
0 0.6106729114 0.7421205297 0.0273295144 0.0412952234
0 0.5874125874 0.7494819995 0.0196678322 0.0550375550
0 0.5556067197 0.7192437192 0.0281714813 0.0800310800
0 0.5212222673 0.7089947090 0.0238433442 0.0740740741
0 0.4458764427 0.6753126472 0.0342365967 0.0641025641
0 0.4355802517 0.7237384886 0.0244026807 0.0375550376
0 0.4799842800 0.7023089543 0.0348783844 0.0364248645
0 0.4474844583 0.7134339226 0.0215828857 0.0482979179
0 0.4830638112 0.6539756540 0.0287733100 0.0699300699
0 0.4670921798 0.6184423534 0.0200320513 0.0731675732
0 0.4325553883 0.5703731282 0.0326515691 0.0749601907
0 0.4269238149 0.5131000968 0.0360333226 0.0491966318
0 0.4559294872 0.4147241647 0.0203962704 0.0796425796
0 0.4717730186 0.4513079513 0.0185751748 0.0699300699
0 0.4516742750 0.3377069438 0.0285852923 0.0736672546
0 0.4577615262 0.2871600772 0.0266335227 0.0499789562
0 0.4909239597 0.2975654226 0.0340250965 0.0536846370
0 0.5200238831 0.3581634358 0.0253627730 0.0719356556
0 0.4811251368 0.3848551915 0.0197899562 0.0804994328
0 0.5030732402 0.4060846561 0.0203373016 0.0767195767
0 0.4981249145 0.5458971903 0.0345041393 0.0766283525
0 0.5181220689 0.5143298060 0.0263235029 0.0692239859
0 0.5076135358 0.5999984664 0.0233695652 0.0695621501
0 0.5314407270 0.6521021519 0.0272817460 0.0608465608
0 0.5626489481 0.6445247455 0.0254957546 0.0703546057
0 0.5873015873 0.6847442681 0.0307539683 0.0784832451
0 0.6356646825 0.6393298060 0.0282738095 0.0652557319
0 0.6164140050 0.6971581854 0.0341733761 0.0407796887
0 0.5761914461 0.5540948637 0.0253987652 0.0887893746
0 0.5230201863 0.4494151405 0.0296066253 0.0396330270
0 0.5466145833 0.4856481481 0.0223958333 0.0583333333
0 0.5572916667 0.4578703704 0.0156250000 0.0712962963
0 0.5799600857 0.4620370370 0.0296631620 0.0759259259
0 0.5497395833 0.3898148148 0.0213541667 0.0814814815
0 0.5715168033 0.3869236243 0.0203125000 0.0731481481
0 0.6072218343 0.4965989034 0.0244413408 0.0765311401
0 0.6363648504 0.5324133428 0.0220619658 0.0889007597
0 0.6760416667 0.6104166667 0.0312500000 0.0634259259
0 0.6580729167 0.7097222222 0.0255208333 0.0768518519
0 0.6927083333 0.6930555556 0.0239583333 0.0583333333
0 0.7219576720 0.6981505977 0.0165013228 0.0685234176
0 0.7446373457 0.6570726370 0.0232253086 0.0752335228
0 0.7548600053 0.6876223756 0.0215299894 0.0706151215
0 0.8239583333 0.7937500000 0.0375000000 0.0412037037
0 0.8262561275 0.7380718954 0.0226102941 0.0523965142
0 0.7828125000 0.7337962963 0.0218750000 0.0620370370
0 0.7799479167 0.6743589744 0.0234375000 0.0623931624
0 0.8033854167 0.7083333333 0.0192708333 0.0648148148
0 0.8270500470 0.6869360902 0.0218084273 0.0539055973
0 0.8488420959 0.6549197266 0.0185175250 0.0579876013
0 0.7082312782 0.5921296296 0.0173916104 0.0657407407
0 0.6893229167 0.5425925926 0.0234375000 0.0703703704
0 0.7066305446 0.5156226531 0.0350036982 0.0499835634
0 0.6501358696 0.4512882448 0.0212862319 0.0619967794
0 0.5983592471 0.4238475805 0.0345929742 0.0372201735
0 0.5976562500 0.3754629630 0.0223958333 0.0638888889
0 0.5882515672 0.3342420722 0.0336434478 0.0413132598
0 0.5449971524 0.3155347076 0.0202264930 0.0587058302
0 0.5291755698 0.2959520418 0.0291488604 0.0567188984
0 0.5198673433 0.2346628680 0.0281250000 0.0685185185
0 0.5430535277 0.2204160890 0.0214471452 0.0599228134
0 0.5736265110 0.2751799656 0.0347222222 0.0438596491
0 0.4725635593 0.1704802260 0.0316384181 0.0647520402
0 0.5171968844 0.1761344678 0.0349568318 0.0404571238
0 0.5109658448 0.1252146219 0.0375654625 0.0447402283
0 0.5122798103 0.0716658027 0.0245596206 0.0680530748
0 0.4732686426 0.0599737670 0.0385416667 0.0444444444
0 0.5549479167 0.1212962963 0.0401041667 0.0388888889
0 0.5630004785 0.1746422559 0.0250000000 0.0574074074
0 0.5879973638 0.2218116979 0.0387820513 0.0378205128
0 0.6006517414 0.1870575791 0.0361612064 0.0323506295
0 0.6278791861 0.1565636899 0.0224250389 0.0665022499
0 0.5813264271 0.0836401373 0.0271423436 0.0540003280
0 0.6093862098 0.0900198559 0.0201495382 0.0632120145
0 0.6261629189 0.0515456594 0.0169091711 0.0580197923
0 0.5571347071 0.0297910716 0.0208375678 0.0595821431
0 0.6532801689 0.0963479251 0.0365282865 0.0329858756
0 0.6623230128 0.1634095351 0.0250690741 0.0738909284
0 0.6242346533 0.2570009895 0.0349276399 0.0434054283
0 0.6276041667 0.3134259259 0.0281250000 0.0638888889
0 0.6258789062 0.3677083333 0.0288411458 0.0631944444
0 0.6462771203 0.2987098413 0.0196375740 0.0780245478
0 0.6693848619 0.3308678501 0.0216469428 0.0691431076
0 0.6823143116 0.2970813205 0.0249547101 0.0595410628
0 0.6695345873 0.2285373254 0.0362796266 0.0325675338
0 0.6905133929 0.1810846561 0.0283482143 0.0492063492
0 0.7120122354 0.1882814031 0.0281911376 0.0506368803
0 0.7225216748 0.1426668927 0.0378787879 0.0335753367
0 0.7038508199 0.3005540681 0.0177083333 0.0611111111
0 0.6872848601 0.3591188245 0.0262001812 0.0364734300
0 0.6681272645 0.4105565560 0.0206295290 0.0642693118
0 0.6924693035 0.4521604938 0.0226700886 0.0524691358
0 0.7185371374 0.3887587753 0.0158397766 0.0602997327
0 0.7520948186 0.4141599261 0.0320512821 0.0451092118
0 0.7274270655 0.4941565443 0.0195790187 0.0653517423
0 0.7449022714 0.5472626606 0.0324910579 0.0346966547
0 0.7497395833 0.5935185185 0.0286458333 0.0555555556
0 0.7519153723 0.4668721236 0.0277890779 0.0392998028
0 0.7761060159 0.4840498660 0.0150976605 0.0661997468
0 0.7854166667 0.5606481481 0.0218750000 0.0601851852
0 0.8129202927 0.5240154712 0.0222343091 0.0482653540
0 0.8149886435 0.5877743877 0.0185189536 0.0575536062
0 0.8462935406 0.4890603567 0.0199129189 0.0781207133
0 0.8627703059 0.5283052039 0.0174709916 0.0568448195
0 0.7911458333 0.4393518519 0.0322916667 0.0472222222
0 0.8107565325 0.4177091741 0.0234375000 0.0555555556
0 0.7591226708 0.3601851852 0.0291666667 0.0500000000
0 0.7250000000 0.3268518519 0.0218750000 0.0555555556
0 0.7297290581 0.2752351949 0.0291936452 0.0505812791
0 0.7398955210 0.1905548042 0.0189484747 0.0605548221
0 0.7645055770 0.2257160434 0.0270404333 0.0590158611
0 0.7682842813 0.2886855771 0.0259314374 0.0644081913
0 0.7909676307 0.2299984034 0.0159852757 0.0680520746
0 0.7890761582 0.3322293447 0.0190304487 0.0663105413
0 0.8200047348 0.3563341751 0.0250000000 0.0629629630
0 0.8448959894 0.3907407407 0.0167150558 0.0703703704
0 0.8192928792 0.2547348768 0.0225143298 0.0485743680
0 0.8354899491 0.3009436474 0.0271269024 0.0577981146
0 0.7593085106 0.1622832939 0.0182845745 0.0635342790
0 0.7857802543 0.1613362782 0.0278201220 0.0586849916
0 0.7629466364 0.0537062901 0.0144349395 0.0425977654
0 0.7835423106 0.1007703593 0.0160527235 0.0517070143
0 0.7907433262 0.0605979792 0.0135416667 0.0462962963
0 0.8046421486 0.0857037371 0.0188257885 0.0475592855
0 0.8158854167 0.0513888889 0.0192708333 0.0435185185
0 0.8239389354 0.1041951169 0.0180167598 0.0508690255
0 0.8388772693 0.1189319526 0.0130208333 0.0564814815
0 0.8180699755 0.1821878499 0.0314651542 0.0508728822
0 0.8457427132 0.2313980647 0.0276340750 0.0425425425
0 0.8744791667 0.1699074074 0.0145833333 0.0490740741
0 0.9317005622 0.1474990202 0.0209738757 0.0449980404
0 0.9518229167 0.1467592593 0.0192708333 0.0250000000
0 0.9502604167 0.1759259259 0.0255208333 0.0277777778
0 0.9386248973 0.1119086749 0.0182820355 0.0348650855
0 0.8825185748 0.2166488269 0.0283859193 0.0265377717
0 0.8739495270 0.2658928252 0.0239407206 0.0540078726
0 0.8594696970 0.3496632997 0.0171875000 0.0592592593
0 0.8656791126 0.4175925926 0.0208333333 0.0611111111
0 0.8909900701 0.3262374524 0.0194704050 0.0597092420
0 0.8913742612 0.3922321793 0.0185840603 0.0630763038
0 0.8951036634 0.2356414385 0.0193739936 0.0304168903
0 0.9164670304 0.2556310839 0.0148632706 0.0499166784
0 0.9291402476 0.2277531759 0.0130208333 0.0509259259
0 0.9480731933 0.2818670977 0.0145199515 0.0450813247
0 0.9210585246 0.3277934335 0.0140625000 0.0527777778
0 0.9361979167 0.3000000000 0.0140625000 0.0500000000
0 0.9281250000 0.3722222222 0.0135416667 0.0407407407
0 0.9151093402 0.4247341975 0.0278314028 0.0352185519
0 0.9016988027 0.4720790184 0.0136769095 0.0601531527
0 0.9190126092 0.4712669367 0.0182291667 0.0490740741
0 0.9367509080 0.4473544143 0.0169642857 0.0615324319
0 0.9494791667 0.4505952381 0.0125000000 0.0509259259
0 0.9638020833 0.4620370370 0.0130208333 0.0611111111
0 0.9311415756 0.5151404732 0.0158418489 0.0450253485
0 0.9559895833 0.5342592593 0.0130208333 0.0574074074
0 0.8448922267 0.5942747872 0.0308817618 0.0545491143
0 0.8779486332 0.6133646874 0.0220458554 0.0578091319
0 0.9046875000 0.5685185185 0.0281250000 0.0351851852
0 0.7741505456 0.8956238977 0.0194072421 0.0495811287
0 0.8462788761 0.7480394936 0.0198146967 0.0383125472
0 0.8033267306 0.8913421969 0.0164707977 0.0498575499
0 0.8932429453 0.6101802861 0.0162588183 0.0396825397
0 0.9239583333 0.5560185185 0.0187500000 0.0453703704
0 0.9432291667 0.5861111111 0.0166666667 0.0425925926
0 0.9516255938 0.3591855811 0.0115845210 0.0535563473
0 0.9400267455 0.3471805138 0.0140625000 0.0462962963
0 0.8833333333 0.6745370370 0.0270833333 0.0305555556
0 0.6841145833 0.9240740741 0.0223958333 0.0425925926
0 0.7403054972 0.0546364795 0.0222776611 0.0423573038
0 0.8925540123 0.5227317264 0.0264550265 0.0548696845
0 0.3790064103 0.0544871795 0.0256410256 0.0391737892
0 0.8533621274 0.1580380440 0.0182079946 0.0474254743
0 0.5763134058 0.3083735910 0.0330615942 0.0402576490
0 0.7178135784 0.0883641880 0.0302136841 0.0383200057
0 0.3039539870 0.7031130715 0.0178179825 0.0653021442
0 0.8765841321 0.4719228500 0.0236667635 0.0542693681
0 0.4938993025 0.2381591783 0.0325005403 0.0567617321
0 0.4579678363 0.2452891488 0.0351790936 0.0584795322
0 0.6666314752 0.5421046046 0.0306165541 0.0531781782
0 0.3159863083 0.5540248667 0.0211925287 0.0472541507
0 0.9021487520 0.2817140812 0.0218900966 0.0375738057
0 0.5493289263 0.5243945869 0.0150240385 0.0534188034
0 0.2940487005 0.5523422240 0.0266836791 0.0488109313
0 0.3953118401 0.1757891825 0.0298108553 0.0414230019
0 0.3741776316 0.1399853801 0.0445449561 0.0743177388
0 0.3353587963 0.6064814815 0.0271990741 0.0360082305
0 0.8518016582 0.7865173847 0.0162096088 0.0472411187
0 0.1654045356 0.7423753269 0.0284569473 0.0227423514
0 0.8633540251 0.6345630726 0.0204740792 0.0218390178
0 0.1582352183 0.0694771786 0.0201776453 0.0532406641
0 0.0949948248 0.0708063073 0.0149526971 0.0485736101
0 0.0477945972 0.1616703739 0.0182151038 0.0534068051
0 0.0736760168 0.1742801798 0.0194385063 0.0456736931
0 0.0721494824 0.0656106226 0.0115543569 0.0478486308
0 0.0441784234 0.0983555190 0.0140011619 0.0519568466
0 0.0608982574 0.0269450623 0.0246039835 0.0352823238
0 0.1320595025 0.0763644816 0.0209337760 0.0456736931
0 0.1899046910 0.0100288797 0.0301772615 0.0200577594
0 0.1621429698 0.0170370125 0.0206619088 0.0169161826
0 0.5355754513 0.0209564316 0.0208148341 0.0419128632
0 0.5087193198 0.0170128465 0.0164207801 0.0326723984
0 0.4926541419 0.0216043818 0.0135933610 0.0381822408
0 0.4325508243 0.0565831809 0.0398013611 0.0365389545
0 0.4657229751 0.0192361162 0.0229455934 0.0384722325
0 0.4351150759 0.0188494606 0.0230543403 0.0359589711
0 0.3821596912 0.0138712698 0.0327328134 0.0277425395
0 0.3321948459 0.0347371394 0.0187044648 0.0489119338
0 0.3554960416 0.0175928299 0.0135933610 0.0338323652
0 0.6788952759 0.0389865146 0.0263371370 0.0560726143
0 0.7080115295 0.0511731903 0.0231481481 0.0418378126
0 0.7333440322 0.0169917013 0.0244255706 0.0339834026
0 0.8551617867 0.0938319505 0.0220892117 0.0438008300
0 0.9182359334 0.1055373447 0.0148677386 0.0422904566
0 0.8914740038 0.1068589215 0.0123189834 0.0487095437
0 0.8784116335 0.0819377596 0.0189032677 0.0471991703
0 0.9647490165 0.2251166314 0.0168217843 0.0549775935
0 0.9667880206 0.2806560838 0.0120641079 0.0419883819
0 0.9678075227 0.3494868226 0.0205599586 0.0335302906
0 0.9699314854 0.4144872543 0.0125738590 0.0453112035
0 0.9859886431 0.3745167314 0.0093454357 0.0471236516
0 0.9743102468 0.4773852462 0.0146128631 0.0425925312
0 0.9662001078 0.5577491967 0.0164819503 0.0434987553
0 0.9798716306 0.5605766158 0.0100251038 0.0434987553
0 0.9524300331 0.6537243671 0.0163120332 0.0622273861
0 0.9910861535 0.6711480352 0.0096852697 0.0549775935
0 0.9932950747 0.2963518847 0.0086657677 0.0444049794
0 0.9774078340 0.2560792871 0.0248078839 0.0289991702
0 0.9848841825 0.2020200006 0.0241282158 0.0211452283
0 0.8978866719 0.1936162827 0.0125738590 0.0359468881
0 0.9655986016 0.1284768966 0.0096852697 0.0332282159
0 0.8859080618 0.7250604496 0.0180112034 0.0567900417
0 0.0481204981 0.2515166872 0.0254195851 0.0662147720
