0 0.0656409441 0.2257219494 0.0189393939 0.0473484848
0 0.0768641218 0.2696133274 0.0259592563 0.0468024123
0 0.0938642692 0.2214763143 0.0175107354 0.0452628596
0 0.1111709770 0.1424687488 0.0224497126 0.0492472619
0 0.1392637311 0.1136363636 0.0278172348 0.0399831650
0 0.1458551247 0.1601237942 0.0236742424 0.0578703704
0 0.1658329727 0.1539825685 0.0184761000 0.0659617700
0 0.1769649621 0.1790123457 0.0191761364 0.0460157127
0 0.1869081439 0.2178030303 0.0248579545 0.0673400673
0 0.1262823548 0.2157687991 0.0254498106 0.0420875421
0 0.1371922348 0.2525953984 0.0165719697 0.0547138047
0 0.1158854167 0.2814604377 0.0213068182 0.0431397306
0 0.1272990079 0.3126206638 0.0262914408 0.0466920736
0 0.1518284551 0.2860553162 0.0251783170 0.0607469960
0 0.1071593337 0.3708784785 0.0142045455 0.0494528620
0 0.0756392045 0.4208754209 0.0236742424 0.0357744108
0 0.0640980114 0.5066287879 0.0147964015 0.0578703704
0 0.0809659091 0.5045244108 0.0213068182 0.0557659933
0 0.1004971591 0.5039983165 0.0153882576 0.0505050505
0 0.1167732008 0.5445075758 0.0254498106 0.0389309764
0 0.0948906069 0.5762401666 0.0210312137 0.0371604678
0 0.0931581439 0.6664772727 0.0220170455 0.0264730640
0 0.1343132062 0.6057752668 0.0216278249 0.0627746390
0 0.1194010417 0.4810185185 0.0195312500 0.0379629630
0 0.1223958333 0.4017576899 0.0207450565 0.0564971751
0 0.1350404870 0.4471444673 0.0163312147 0.0714061519
0 0.1614583333 0.4927809165 0.0291313559 0.0376647834
0 0.1426995056 0.3746861268 0.0180967514 0.0651286880
0 0.1548375706 0.4139202762 0.0185381356 0.0714061519
0 0.1945925872 0.5006277464 0.0291313559 0.0376647834
0 0.1750582202 0.3943212787 0.0192689025 0.0677337053
0 0.1634557067 0.3360831128 0.0181190406 0.0648215928
0 0.1841896186 0.3134808537 0.0198622881 0.0525737602
0 0.1883827684 0.4362837414 0.0247175141 0.0423728814
0 0.2095692090 0.4198053986 0.0185381356 0.0612052731
0 0.2221486582 0.3695856874 0.0216278249 0.0612052731
0 0.2312730707 0.3003522501 0.0328145029 0.0404408468
0 0.2027277542 0.2510985562 0.0242761299 0.0580665411
0 0.2153072034 0.1196641557 0.0282485876 0.0541431262
0 0.1848516949 0.0835687382 0.0176553672 0.0415881984
0 0.2411281780 0.1110326428 0.0189795198 0.0541431262
0 0.2606827464 0.0974087695 0.0187121909 0.0578503832
0 0.2737934236 0.0451852689 0.0357521186 0.0360954175
0 0.2234728107 0.1655681105 0.0269244350 0.0643440050
0 0.2532662429 0.1569365976 0.0291313559 0.0674827370
0 0.2329625706 0.2263810421 0.0326624294 0.0588512241
0 0.2693767655 0.2510985562 0.0366348870 0.0721908349
0 0.2704932234 0.3130235334 0.0257359021 0.0529652788
0 0.2854872881 0.1879315756 0.0264830508 0.0494350282
0 0.2862830289 0.1217672541 0.0178294225 0.0567799571
0 0.2968943106 0.1312545773 0.0203036723 0.0604205901
0 0.3211751866 0.1200922639 0.0271898566 0.0575536211
0 0.3114627472 0.1797831332 0.0281161723 0.0482236739
0 0.2996731082 0.2360754437 0.0191694487 0.0620803135
0 0.3236670198 0.2259887006 0.0260416667 0.0753295669
0 0.3181497175 0.2997489014 0.0467867232 0.0753295669
0 0.2907303972 0.3673077289 0.0334381955 0.0723430158
0 0.2507429542 0.4001475023 0.0258503151 0.0721091916
0 0.2316384181 0.4645323289 0.0273658192 0.0627746390
0 0.1752604167 0.6250000000 0.0239583333 0.0370370370
0 0.1848785872 0.7195241599 0.0213852097 0.0398577385
0 0.2208245056 0.7179849341 0.0233933616 0.0455116133
0 0.2155278955 0.6422630257 0.0172139831 0.0635593220
0 0.2362613366 0.6670342287 0.0207682872 0.0518964549
0 0.2521627825 0.6705116133 0.0198622881 0.0666980540
0 0.2506179379 0.5771343377 0.0220692090 0.0698367859
0 0.2699023444 0.5047484660 0.0196938988 0.0717962255
0 0.2753405547 0.4092439285 0.0185279302 0.0667615543
0 0.2903425141 0.4547237916 0.0185381356 0.0698367859
0 0.2989495056 0.5002354049 0.0278072034 0.0682674200
0 0.2940120909 0.5448243392 0.0357521186 0.0266792216
0 0.3079978814 0.6026365348 0.0247175141 0.0721908349
0 0.3329244467 0.6086130599 0.0295494583 0.0402016377
0 0.2931464652 0.6478590544 0.0314683690 0.0335348730
0 0.2771009887 0.6932674200 0.0317796610 0.0431575643
0 0.2521627825 0.8070464532 0.0251588983 0.0682674200
0 0.1460098870 0.8733521657 0.0273658192 0.0549278092
0 0.1402763065 0.7403130885 0.0211776130 0.0462256748
0 0.3430879237 0.8729598242 0.0269244350 0.0525737602
0 0.2804113701 0.7470182046 0.0260416667 0.0627746390
0 0.3099841102 0.7552573760 0.0260416667 0.0651286880
0 0.3245497881 0.7325015694 0.0154484463 0.0557124922
0 0.3644950565 0.5998901444 0.0361935028 0.0337413685
0 0.3503707627 0.5512397991 0.0238347458 0.0635593220
0 0.3282644423 0.5003470563 0.0247917369 0.0716294547
0 0.3274187853 0.4433458883 0.0211864407 0.0674827370
0 0.3657508172 0.5177835064 0.0280357032 0.0623165852
0 0.3972697792 0.4558667747 0.0196454906 0.0785363816
0 0.3532774390 0.4027053260 0.0215955285 0.0738425849
0 0.3225635593 0.4088198368 0.0273658192 0.0706214689
0 0.3492673023 0.3429064658 0.0286899718 0.0784682988
0 0.3476863444 0.2697084724 0.0290591294 0.0623296881
0 0.3660440037 0.2307315490 0.0296307425 0.0712063640
0 0.3751833442 0.1359204943 0.0472416884 0.0721492281
0 0.3941943473 0.0802900803 0.0193036131 0.0634550635
0 0.3961975524 0.1337088837 0.0240384615 0.0537425537
0 0.3996257649 0.1692344114 0.0310223631 0.0496835341
0 0.4241820025 0.1364268677 0.0270499024 0.0569230612
0 0.4420891608 0.1091038591 0.0269522145 0.0550375550
0 0.4339350368 0.2115384615 0.0289277659 0.0527065527
0 0.3958333333 0.2360139860 0.0254953380 0.0666925667
0 0.3919202542 0.3362086409 0.0264104385 0.0818966913
0 0.4175043706 0.2793965294 0.0375145688 0.0407925408
0 0.4187020281 0.3225902755 0.0280448718 0.0718725719
0 0.4262456294 0.3859103859 0.0265879953 0.0699300699
0 0.3987470862 0.5419580420 0.0305944056 0.0712250712
0 0.3985875276 0.5804045816 0.0394267191 0.0297387797
0 0.3688811189 0.6442631443 0.0225815851 0.0543900544
0 0.3475491311 0.6773691219 0.0135264465 0.0611967075
0 0.3603219697 0.6902356902 0.0178467366 0.0518000518
0 0.3721590909 0.7336182336 0.0189393939 0.0543900544
0 0.3512164918 0.7604895105 0.0185751748 0.0705775706
0 0.3815129206 0.7109119727 0.0235189634 0.0483647032
0 0.4092817164 0.6394995308 0.0235800166 0.0663349917
0 0.4098950643 0.7023252484 0.0265879953 0.0569800570
0 0.3782087523 0.7943185201 0.0308785327 0.0346354861
0 0.3728875291 0.8608521109 0.0174825175 0.0692825693
0 0.3887864551 0.8350401007 0.0127476690 0.0660450660
0 0.4035573154 0.8169826534 0.0132626495 0.0586013857
0 0.4349868881 0.8485495985 0.0331439394 0.0407925408
0 0.4351689977 0.7844470344 0.0269522145 0.0628075628
0 0.4586143024 0.8129231879 0.0353292541 0.0407925408
0 0.4877986597 0.8589096089 0.0236742424 0.0679875680
0 0.5236499611 0.8927289543 0.0290889666 0.0599189368
0 0.5116705247 0.7923525377 0.0295138889 0.0524691358
0 0.5402462121 0.7763532764 0.0382430070 0.0466200466
0 0.3754370629 0.9349909350 0.0371503497 0.0310800311
0 0.5624635781 0.8349520850 0.0207604895 0.0744625745
0 0.5894157925 0.8197358197 0.0229458042 0.0608650609
0 0.6143544379 0.8130870936 0.0262030483 0.0540426150
0 0.6436844406 0.8271820772 0.0265879953 0.0602175602
0 0.6442307692 0.9074721575 0.0254953380 0.0602175602
0 0.6996842443 0.8776915875 0.0249512392 0.0576364773
0 0.7096081002 0.8084045584 0.0229458042 0.0576275576
0 0.7316433566 0.7714970215 0.0203962704 0.0757575758
0 0.7526988358 0.7998627397 0.0149585624 0.0639725697
0 0.7635125291 0.7844470344 0.0200320513 0.0641025641
0 0.7022354087 0.7597770003 0.0280395197 0.0466037602
0 0.6893028846 0.7532051282 0.0308493590 0.0562678063
0 0.6394959207 0.7316757317 0.0276806527 0.0543900544
0 0.6281588378 0.7668975965 0.0197604130 0.0461063869
0 0.6079963235 0.7328431373 0.0229779412 0.0473856209
0 0.5874125874 0.7494819995 0.0196678322 0.0550375550
0 0.5556067197 0.7192437192 0.0281714813 0.0800310800
0 0.5222173660 0.7054519555 0.0218531469 0.0757575758
0 0.4465194468 0.6673108182 0.0342365967 0.0641025641
0 0.4365710798 0.7239901275 0.0244026807 0.0375550376
0 0.4745053812 0.7024072742 0.0291648456 0.0420349327
0 0.4504699777 0.7066969572 0.0215828857 0.0482979179
0 0.4830638112 0.6539756540 0.0287733100 0.0699300699
0 0.4663097319 0.6100962424 0.0200320513 0.0731675732
0 0.4325553883 0.5703731282 0.0326515691 0.0749601907
0 0.4225880586 0.5077112868 0.0350980362 0.0387809406
0 0.4559294872 0.4147241647 0.0203962704 0.0796425796
0 0.4717730186 0.4513079513 0.0185751748 0.0699300699
0 0.4516742750 0.3377069438 0.0285852923 0.0736672546
0 0.4600015847 0.2918290113 0.0266335227 0.0499789562
0 0.4909239597 0.2975654226 0.0340250965 0.0536846370
0 0.5200238831 0.3581634358 0.0253627730 0.0719356556
0 0.4811251368 0.3848551915 0.0197899562 0.0804994328
0 0.5030732402 0.4060846561 0.0203373016 0.0767195767
0 0.4981249145 0.5458971903 0.0345041393 0.0766283525
0 0.5171130952 0.5105820106 0.0243055556 0.0617283951
0 0.5121527778 0.5970017637 0.0243055556 0.0740740741
0 0.5321727511 0.6528251386 0.0272817460 0.0608465608
0 0.5626489481 0.6445247455 0.0254957546 0.0703546057
0 0.5873015873 0.6847442681 0.0307539683 0.0784832451
0 0.6356646825 0.6393298060 0.0282738095 0.0652557319
0 0.6284938861 0.6958941285 0.0341733761 0.0407796887
0 0.5761914461 0.5540948637 0.0253987652 0.0887893746
0 0.5479231735 0.5175935147 0.0198412698 0.0679012346
0 0.5230201863 0.4494151405 0.0296066253 0.0396330270
0 0.5466145833 0.4856481481 0.0223958333 0.0583333333
0 0.5572916667 0.4578703704 0.0156250000 0.0712962963
0 0.5809895833 0.4615740741 0.0276041667 0.0750000000
0 0.5497395833 0.3898148148 0.0213541667 0.0814814815
0 0.5716145833 0.3950936884 0.0203125000 0.0731481481
0 0.6072218343 0.4965989034 0.0244413408 0.0765311401
0 0.6363648504 0.5324133428 0.0220619658 0.0889007597
0 0.6760416667 0.6104166667 0.0312500000 0.0634259259
0 0.6580729167 0.7097222222 0.0255208333 0.0768518519
0 0.6927083333 0.6930555556 0.0239583333 0.0583333333
0 0.7219576720 0.6981505977 0.0165013228 0.0685234176
0 0.7446373457 0.6570726370 0.0232253086 0.0752335228
0 0.7548600053 0.6876223756 0.0215299894 0.0706151215
0 0.8239583333 0.7937500000 0.0375000000 0.0412037037
0 0.8262561275 0.7380718954 0.0226102941 0.0523965142
0 0.7828125000 0.7337962963 0.0218750000 0.0620370370
0 0.7799479167 0.6743589744 0.0234375000 0.0623931624
0 0.8033854167 0.7083333333 0.0192708333 0.0648148148
0 0.8270500470 0.6869360902 0.0218084273 0.0539055973
0 0.8488420959 0.6549197266 0.0185175250 0.0579876013
0 0.7082312782 0.5921296296 0.0173916104 0.0657407407
0 0.6893229167 0.5425925926 0.0234375000 0.0703703704
0 0.7056153562 0.5172469546 0.0350036982 0.0499835634
0 0.6526543932 0.4485620613 0.0215790486 0.0709754470
0 0.5977572812 0.4224206984 0.0345929742 0.0372201735
0 0.5976562500 0.3754629630 0.0223958333 0.0638888889
0 0.5886967239 0.3358248516 0.0336434478 0.0413132598
0 0.5466026559 0.3130336443 0.0234375000 0.0537037037
0 0.5278645833 0.2953703704 0.0317708333 0.0555555556
0 0.5203125000 0.2370370370 0.0281250000 0.0685185185
0 0.5416655871 0.2166711365 0.0213422043 0.0674127185
0 0.5728709795 0.2769655621 0.0347222222 0.0438596491
0 0.4718750000 0.1634259259 0.0312500000 0.0694444444
0 0.5171968844 0.1761344678 0.0349568318 0.0404571238
0 0.5076507505 0.1345180584 0.0362318841 0.0402576490
0 0.5129320549 0.0722906145 0.0258641098 0.0668034512
0 0.4701388089 0.0613648042 0.0385416667 0.0444444444
0 0.5549479167 0.1212962963 0.0401041667 0.0388888889
0 0.5630004785 0.1746422559 0.0250000000 0.0574074074
0 0.5899852773 0.2246389526 0.0387820513 0.0378205128
0 0.5990768298 0.1867724868 0.0374944885 0.0355085244
0 0.6278791861 0.1565636899 0.0224250389 0.0665022499
0 0.5805414790 0.0835418752 0.0255724474 0.0538038038
0 0.6096788753 0.0885996504 0.0195642071 0.0603716035
0 0.6261629189 0.0515456594 0.0169091711 0.0580197923
0 0.5555088141 0.0367401211 0.0212740385 0.0588912631
0 0.6532801689 0.0963479251 0.0365282865 0.0329858756
0 0.6629565012 0.1630562875 0.0263360507 0.0745974235
0 0.6242346533 0.2570009895 0.0349276399 0.0434054283
0 0.6276041667 0.3134259259 0.0281250000 0.0638888889
0 0.6258789062 0.3677083333 0.0288411458 0.0631944444
0 0.6462771203 0.2987098413 0.0196375740 0.0780245478
0 0.6693848619 0.3308678501 0.0216469428 0.0691431076
0 0.6848958333 0.2972222222 0.0197916667 0.0592592593
0 0.6667739424 0.2349285354 0.0333414283 0.0404866062
0 0.6905133929 0.1810846561 0.0283482143 0.0492063492
0 0.7120122354 0.1882814031 0.0281911376 0.0506368803
0 0.7274481141 0.1408377108 0.0389680413 0.0433786175
0 0.7038508199 0.3005540681 0.0177083333 0.0611111111
0 0.6945312500 0.3537037037 0.0338541667 0.0370370370
0 0.6685111563 0.4120863467 0.0213973126 0.0612097304
0 0.6935096154 0.4490384615 0.0224358974 0.0591880342
0 0.7161189863 0.3903350515 0.0158397766 0.0602997327
0 0.7470238095 0.4133597884 0.0342261905 0.0436507937
0 0.7255051838 0.4907398658 0.0195790187 0.0653517423
0 0.7464147814 0.5526294212 0.0334658531 0.0308952444
0 0.7497395833 0.5935185185 0.0286458333 0.0555555556
0 0.7519153723 0.4668721236 0.0277890779 0.0392998028
0 0.7795349482 0.4872006332 0.0169717702 0.0654448828
0 0.7854166667 0.5606481481 0.0218750000 0.0601851852
0 0.8102864583 0.5250000000 0.0242187500 0.0462962963
0 0.8149886435 0.5877743877 0.0185189536 0.0575536062
0 0.8462935406 0.4890603567 0.0199129189 0.0781207133
0 0.8649429563 0.5327038017 0.0213045635 0.0584019204
0 0.7911458333 0.4393518519 0.0322916667 0.0472222222
0 0.8111979167 0.4279100529 0.0234375000 0.0555555556
0 0.7591226708 0.3601851852 0.0291666667 0.0500000000
0 0.7250000000 0.3268518519 0.0218750000 0.0555555556
0 0.7341312057 0.2707545311 0.0297207447 0.0529353822
0 0.7379585169 0.1980902463 0.0146177653 0.0657407407
0 0.7629158359 0.2307540635 0.0238609511 0.0489398210
0 0.7682842813 0.2886855771 0.0259314374 0.0644081913
0 0.7947350621 0.2292070137 0.0159852757 0.0680520746
0 0.7890761582 0.3322293447 0.0190304487 0.0663105413
0 0.8200047348 0.3563341751 0.0250000000 0.0629629630
0 0.8448959894 0.3907407407 0.0167150558 0.0703703704
0 0.8175298661 0.2617646380 0.0225143298 0.0485743680
0 0.8314158448 0.2988557161 0.0271269024 0.0577981146
0 0.7593085106 0.1622832939 0.0182845745 0.0635342790
0 0.7829649390 0.1571654407 0.0278201220 0.0586849916
0 0.7629466364 0.0537062901 0.0144349395 0.0425977654
0 0.7825055284 0.0962238775 0.0160527235 0.0517070143
0 0.7921843344 0.0589592092 0.0135416667 0.0462962963
0 0.8035613842 0.0880771805 0.0188257885 0.0475592855
0 0.8158854167 0.0513888889 0.0192708333 0.0435185185
0 0.8240749327 0.1023818199 0.0180167598 0.0508690255
0 0.8394057765 0.1130260943 0.0130208333 0.0564814815
0 0.8168191057 0.1813567342 0.0289634146 0.0492106508
0 0.8456238621 0.2299362249 0.0278717772 0.0338244322
0 0.8744791667 0.1699074074 0.0145833333 0.0490740741
0 0.9317005622 0.1474990202 0.0209738757 0.0449980404
0 0.9518229167 0.1467592593 0.0192708333 0.0250000000
0 0.9502604167 0.1759259259 0.0255208333 0.0277777778
0 0.9384398564 0.1092769829 0.0182291667 0.0314814815
0 0.8740390223 0.2208931768 0.0283859193 0.0265377717
0 0.8739495270 0.2658928252 0.0239407206 0.0540078726
0 0.8594696970 0.3496632997 0.0171875000 0.0592592593
0 0.8656791126 0.4175925926 0.0208333333 0.0611111111
0 0.8909900701 0.3262374524 0.0194704050 0.0597092420
0 0.8913742612 0.3922321793 0.0185840603 0.0630763038
0 0.8951036634 0.2356414385 0.0193739936 0.0304168903
0 0.9152935523 0.2541138596 0.0172102269 0.0529511269
0 0.9291402476 0.2277531759 0.0130208333 0.0509259259
0 0.9463858576 0.2719037821 0.0145199515 0.0450813247
0 0.9214818254 0.3300510381 0.0140625000 0.0527777778
0 0.9361979167 0.3000000000 0.0140625000 0.0500000000
0 0.9281250000 0.3722222222 0.0135416667 0.0407407407
0 0.9176319176 0.4231648315 0.0278314028 0.0352185519
0 0.9006227954 0.4778113588 0.0158289242 0.0486884719
0 0.9165854368 0.4709170741 0.0182291667 0.0490740741
0 0.9363095238 0.4520625122 0.0169642857 0.0615324319
0 0.9494791667 0.4505952381 0.0125000000 0.0509259259
0 0.9638020833 0.4620370370 0.0130208333 0.0611111111
0 0.9308185302 0.5118222786 0.0154829095 0.0417071539
0 0.9559895833 0.5342592593 0.0130208333 0.0574074074
0 0.8448922267 0.5942747872 0.0308817618 0.0545491143
0 0.8779486332 0.6133646874 0.0220458554 0.0578091319
0 0.9046875000 0.5685185185 0.0281250000 0.0351851852
0 0.7741505456 0.8956238977 0.0194072421 0.0495811287
0 0.8462788761 0.7480394936 0.0198146967 0.0383125472
0 0.8033267306 0.8913421969 0.0164707977 0.0498575499
0 0.8932429453 0.6101802861 0.0162588183 0.0396825397
0 0.9239583333 0.5560185185 0.0187500000 0.0453703704
0 0.9432291667 0.5861111111 0.0166666667 0.0425925926
0 0.9516255938 0.3591855811 0.0115845210 0.0535563473
0 0.9400267455 0.3471805138 0.0140625000 0.0462962963
0 0.8833333333 0.6745370370 0.0270833333 0.0305555556
0 0.6841145833 0.9240740741 0.0223958333 0.0425925926
0 0.7409516011 0.0566465804 0.0209854533 0.0383371020
0 0.8925540123 0.5227317264 0.0264550265 0.0548696845
0 0.3790064103 0.0544871795 0.0256410256 0.0391737892
0 0.8569614363 0.1480217890 0.0186338335 0.0549741063
0 0.5717937204 0.3121446392 0.0336155378 0.0387339531
0 0.7170339794 0.1028024222 0.0239622940 0.0471764540
0 0.3019462719 0.6939571150 0.0178179825 0.0653021442
0 0.8770489927 0.4739214489 0.0231456044 0.0489824990
0 0.4922025385 0.2329242121 0.0308876391 0.0478745791
0 0.4579678363 0.2452891488 0.0351790936 0.0584795322
0 0.6666314752 0.5421046046 0.0306165541 0.0531781782
0 0.3205818966 0.5581098340 0.0211925287 0.0472541507
0 0.9021487520 0.2817140812 0.0218900966 0.0375738057
0 0.8522339914 0.7892630991 0.0183883622 0.0420305422
0 0.1690578478 0.7450886533 0.0331501308 0.0336763233
0 0.8629152948 0.6367250727 0.0178416976 0.0254788541
0 0.1582352183 0.0694771786 0.0201776453 0.0532406641
0 0.0949948248 0.0708063073 0.0149526971 0.0485736101
0 0.0477945972 0.1616703739 0.0182151038 0.0534068051
0 0.0727244815 0.1742801798 0.0194385063 0.0456736931
0 0.0698386110 0.0605357678 0.0115543569 0.0478486308
0 0.0441784234 0.0942473032 0.0140011619 0.0519568466
0 0.0610341911 0.0223535270 0.0240602490 0.0367322823
0 0.1297486311 0.0753978425 0.0209337760 0.0456736931
0 0.1918077616 0.0100288797 0.0301772615 0.0200577594
0 0.1621429698 0.0170370125 0.0206619088 0.0169161826
0 0.5341617417 0.0211452283 0.0208148341 0.0419128632
0 0.5087193198 0.0170128465 0.0164207801 0.0326723984
0 0.4920016606 0.0190911204 0.0135933610 0.0381822408
0 0.4359219778 0.0561965253 0.0398013611 0.0365389545
0 0.4686591410 0.0192361162 0.0229455934 0.0384722325
0 0.4351150759 0.0219427055 0.0230543403 0.0421454607
0 0.3821596912 0.0138712698 0.0327328134 0.0277425395
0 0.3321948459 0.0347371394 0.0187044648 0.0489119338
0 0.3554960416 0.0175928299 0.0135933610 0.0338323652
0 0.6795324647 0.0366265561 0.0182660789 0.0698547720
0 0.7143834175 0.0598578376 0.0231481481 0.0486344931
0 0.7316448621 0.0171804980 0.0244255706 0.0339834026
0 0.8551617867 0.0938319505 0.0220892117 0.0438008300
0 0.9182359334 0.1093132783 0.0148677386 0.0422904566
0 0.8910492113 0.1113900418 0.0123189834 0.0487095437
0 0.8784116335 0.0819377596 0.0189032677 0.0471991703
0 0.9647490165 0.2251166314 0.0168217843 0.0549775935
0 0.9638994314 0.2749166647 0.0120641079 0.0419883819
0 0.9691668588 0.3519034201 0.0205599586 0.0335302906
0 0.9699314854 0.4144872543 0.0125738590 0.0453112035
0 0.9859886431 0.3714959845 0.0093454357 0.0471236516
0 0.9743102468 0.4773852462 0.0146128631 0.0425925312
0 0.9662001078 0.5577491967 0.0164819503 0.0434987553
0 0.9798716306 0.5605766158 0.0100251038 0.0434987553
0 0.9524300331 0.6537243671 0.0163120332 0.0622273861
0 0.9910861535 0.6711480352 0.0096852697 0.0549775935
0 0.9932950747 0.2963518847 0.0086657677 0.0444049794
0 0.9774078340 0.2560792871 0.0248078839 0.0289991702
0 0.9831850124 0.2017179259 0.0241282158 0.0211452283
0 0.8978866719 0.1936162827 0.0125738590 0.0359468881
0 0.9655986016 0.1284768966 0.0096852697 0.0332282159
0 0.8859080618 0.7250604496 0.0180112034 0.0567900417
0 0.0481204981 0.2515166872 0.0254195851 0.0662147720
