0 0.0655776515 0.2312354374 0.0189393939 0.0473484848
0 0.0759351326 0.2698863636 0.0278172348 0.0473484848
0 0.0930989583 0.2125420875 0.0159801136 0.0631313131
0 0.1099668561 0.1441498316 0.0248579545 0.0526094276
0 0.1392637311 0.1136363636 0.0278172348 0.0399831650
0 0.1451651323 0.1560359616 0.0236742424 0.0578703704
0 0.1658329727 0.1539825685 0.0184761000 0.0659617700
0 0.1760395464 0.1792591974 0.0173253049 0.0455220092
0 0.1869081439 0.2178030303 0.0248579545 0.0673400673
0 0.1256510417 0.2146464646 0.0254498106 0.0420875421
0 0.1371922348 0.2514730640 0.0165719697 0.0547138047
0 0.1158854167 0.2814604377 0.0213068182 0.0431397306
0 0.1212121212 0.3224957912 0.0260416667 0.0494528620
0 0.1516927083 0.2851430976 0.0254498106 0.0589225589
0 0.1058238636 0.3772095960 0.0142045455 0.0494528620
0 0.0756392045 0.4208754209 0.0236742424 0.0357744108
0 0.0640980114 0.5066287879 0.0147964015 0.0578703704
0 0.0809659091 0.5045244108 0.0213068182 0.0557659933
0 0.1004971591 0.5039983165 0.0153882576 0.0505050505
0 0.1167732008 0.5445075758 0.0254498106 0.0389309764
0 0.0951704545 0.5744949495 0.0260416667 0.0336700337
0 0.0939867424 0.6639309764 0.0236742424 0.0315656566
0 0.1343132062 0.6057752668 0.0216278249 0.0627746390
0 0.1175406073 0.4786566227 0.0163312147 0.0439422473
0 0.1223958333 0.4017576899 0.0207450565 0.0564971751
0 0.1365201271 0.4460922787 0.0163312147 0.0714061519
0 0.1614583333 0.4927809165 0.0291313559 0.0376647834
0 0.1426995056 0.3746861268 0.0180967514 0.0651286880
0 0.1548375706 0.4139202762 0.0185381356 0.0714061519
0 0.1927966102 0.5006277464 0.0291313559 0.0376647834
0 0.1753619350 0.3927338355 0.0207450565 0.0666980540
0 0.1641066384 0.3330979284 0.0194209040 0.0588512241
0 0.1841896186 0.3134808537 0.0198622881 0.0525737602
0 0.1883827684 0.4362837414 0.0247175141 0.0423728814
0 0.2095692090 0.4198053986 0.0185381356 0.0612052731
0 0.2221486582 0.3695856874 0.0216278249 0.0612052731
0 0.2323004944 0.3001412429 0.0348693503 0.0400188324
0 0.2027277542 0.2510985562 0.0242761299 0.0580665411
0 0.2153072034 0.1196641557 0.0282485876 0.0541431262
0 0.1848516949 0.0835687382 0.0176553672 0.0415881984
0 0.2411281780 0.1110326428 0.0189795198 0.0541431262
0 0.2606827464 0.0974087695 0.0187121909 0.0578503832
0 0.2755561441 0.0431575643 0.0357521186 0.0360954175
0 0.2234728107 0.1655681105 0.0269244350 0.0643440050
0 0.2532662429 0.1569365976 0.0291313559 0.0674827370
0 0.2329625706 0.2263810421 0.0326624294 0.0588512241
0 0.2693767655 0.2510985562 0.0366348870 0.0721908349
0 0.2680748284 0.3121458533 0.0339421512 0.0451956615
0 0.2854872881 0.1879315756 0.0264830508 0.0494350282
0 0.2862830289 0.1217672541 0.0178294225 0.0567799571
0 0.2960805085 0.1322190835 0.0203036723 0.0604205901
0 0.3213043652 0.1181880633 0.0254703656 0.0543296735
0 0.3115289548 0.1753766478 0.0282485876 0.0541431262
0 0.3004943503 0.2255963591 0.0194209040 0.0557124922
0 0.3236670198 0.2259887006 0.0260416667 0.0753295669
0 0.3181497175 0.2997489014 0.0467867232 0.0753295669
0 0.2921080508 0.3656622724 0.0361935028 0.0690521030
0 0.2507429542 0.4001475023 0.0258503151 0.0721091916
0 0.2316384181 0.4645323289 0.0273658192 0.0627746390
0 0.1777895480 0.6246076585 0.0264830508 0.0455116133
0 0.1848785872 0.7195241599 0.0213852097 0.0398577385
0 0.2208245056 0.7179849341 0.0233933616 0.0455116133
0 0.2155278955 0.6422630257 0.0172139831 0.0635593220
0 0.2371557203 0.6626647834 0.0189795198 0.0431575643
0 0.2521627825 0.6705116133 0.0198622881 0.0666980540
0 0.2506179379 0.5771343377 0.0220692090 0.0698367859
0 0.2699023444 0.5047484660 0.0196938988 0.0717962255
0 0.2753405547 0.4092439285 0.0185279302 0.0667615543
0 0.2903425141 0.4547237916 0.0185381356 0.0698367859
0 0.2989495056 0.5002354049 0.0278072034 0.0682674200
0 0.2936528955 0.5390772128 0.0357521186 0.0266792216
0 0.3170462571 0.5559478970 0.0322210452 0.0368801004
0 0.3079978814 0.6026365348 0.0247175141 0.0721908349
0 0.3311705508 0.6081293158 0.0260416667 0.0392341494
0 0.2916666667 0.6465787822 0.0344279661 0.0360954175
0 0.2771009887 0.6932674200 0.0317796610 0.0431575643
0 0.2521627825 0.8070464532 0.0251588983 0.0682674200
0 0.1460098870 0.8733521657 0.0273658192 0.0549278092
0 0.1385063559 0.7407407407 0.0247175141 0.0470809793
0 0.3430879237 0.8729598242 0.0269244350 0.0525737602
0 0.2804113701 0.7470182046 0.0260416667 0.0627746390
0 0.3099841102 0.7552573760 0.0260416667 0.0651286880
0 0.3245497881 0.7325015694 0.0154484463 0.0557124922
0 0.3020646836 0.6899936808 0.0229714873 0.0569655981
0 0.3652298434 0.5998901444 0.0361935028 0.0337413685
0 0.3503707627 0.5512397991 0.0238347458 0.0635593220
0 0.3282644423 0.5003470563 0.0247917369 0.0716294547
0 0.3274187853 0.4433458883 0.0211864407 0.0674827370
0 0.3644950565 0.5080822348 0.0300141243 0.0572818581
0 0.3987023305 0.4539391086 0.0225105932 0.0823917137
0 0.3551805392 0.4011097437 0.0265739498 0.0850192364
0 0.3225635593 0.4088198368 0.0273658192 0.0706214689
0 0.3492673023 0.3429064658 0.0286899718 0.0784682988
0 0.3475017655 0.2675768989 0.0286899718 0.0580665411
0 0.3658904562 0.2289947634 0.0293236474 0.0746799351
0 0.3751833442 0.1359204943 0.0472416884 0.0721492281
0 0.3941943473 0.0802900803 0.0193036131 0.0634550635
0 0.3961975524 0.1337088837 0.0240384615 0.0537425537
0 0.4013785693 0.1721785159 0.0275167541 0.0555717431
0 0.4241820025 0.1364268677 0.0270499024 0.0569230612
0 0.4420891608 0.1091038591 0.0269522145 0.0550375550
0 0.4356971154 0.2102434602 0.0324519231 0.0552965553
0 0.3958333333 0.2360139860 0.0254953380 0.0666925667
0 0.3920090326 0.3331390831 0.0265879953 0.0757575758
0 0.4175043706 0.2793965294 0.0375145688 0.0407925408
0 0.4185210336 0.3386172956 0.0280448718 0.0718725719
0 0.4262456294 0.3859103859 0.0265879953 0.0699300699
0 0.3987470862 0.5419580420 0.0305944056 0.0712250712
0 0.3960154429 0.5778943279 0.0382430070 0.0304325304
0 0.3688811189 0.6442631443 0.0225815851 0.0543900544
0 0.3461174242 0.6863506864 0.0163898601 0.0505050505
0 0.3603219697 0.6902356902 0.0178467366 0.0518000518
0 0.3721590909 0.7336182336 0.0189393939 0.0543900544
0 0.3512164918 0.7604895105 0.0185751748 0.0705775706
0 0.3805335339 0.7125744626 0.0225867783 0.0524475524
0 0.4092817164 0.6416528469 0.0235800166 0.0663349917
0 0.4131337413 0.7038332038 0.0265879953 0.0569800570
0 0.3779865967 0.7931882932 0.0313228438 0.0323750324
0 0.3728875291 0.8608521109 0.0174825175 0.0692825693
0 0.3905521562 0.8326858327 0.0127476690 0.0660450660
0 0.4040369468 0.8164762329 0.0142219122 0.0596142268
0 0.4349868881 0.8485495985 0.0331439394 0.0407925408
0 0.4351689977 0.7844470344 0.0269522145 0.0628075628
0 0.4608464452 0.8135845636 0.0353292541 0.0407925408
0 0.4877986597 0.8589096089 0.0236742424 0.0679875680
0 0.5222173660 0.8912846413 0.0262237762 0.0628075628
0 0.5115196339 0.7924894036 0.0295952119 0.0581722804
0 0.5402462121 0.7763532764 0.0382430070 0.0466200466
0 0.3754370629 0.9349909350 0.0371503497 0.0310800311
0 0.5624635781 0.8349520850 0.0207604895 0.0744625745
0 0.5894157925 0.8197358197 0.0229458042 0.0608650609
0 0.6136363636 0.8116420616 0.0247668998 0.0511525512
0 0.6436844406 0.8271820772 0.0265879953 0.0602175602
0 0.6442307692 0.9074721575 0.0254953380 0.0602175602
0 0.7003205128 0.8780108780 0.0262237762 0.0582750583
0 0.7096081002 0.8084045584 0.0229458042 0.0576275576
0 0.7316433566 0.7714970215 0.0203962704 0.0757575758
0 0.7518575175 0.8045195545 0.0156614219 0.0718725719
0 0.7635125291 0.7844470344 0.0200320513 0.0641025641
0 0.7045135854 0.7634502072 0.0258686626 0.0426411551
0 0.6908508159 0.7559570060 0.0262237762 0.0563325563
0 0.6394959207 0.7316757317 0.0276806527 0.0543900544
0 0.6281588378 0.7668975965 0.0197604130 0.0461063869
0 0.6061698718 0.7235819736 0.0207604895 0.0589225589
0 0.5874125874 0.7494819995 0.0196678322 0.0550375550
0 0.5556067197 0.7192437192 0.0281714813 0.0800310800
0 0.5222173660 0.7054519555 0.0218531469 0.0757575758
0 0.4442744755 0.6601269101 0.0342365967 0.0641025641
0 0.4346520347 0.7337701559 0.0214301964 0.0404488847
0 0.4712453921 0.7007304260 0.0291648456 0.0420349327
0 0.4480213797 0.7017227564 0.0213341346 0.0411041505
0 0.4830638112 0.6539756540 0.0287733100 0.0699300699
0 0.4663097319 0.5992618493 0.0200320513 0.0731675732
0 0.4311625874 0.5662393162 0.0298659674 0.0666925667
0 0.4359946222 0.5158515163 0.0422241535 0.0531736514
0 0.4559294872 0.4147241647 0.0203962704 0.0796425796
0 0.4717730186 0.4513079513 0.0185751748 0.0699300699
0 0.4511946387 0.3386428386 0.0342365967 0.0634550635
0 0.4551016462 0.2810115109 0.0317460317 0.0537918871
0 0.4568452381 0.2425044092 0.0297619048 0.0546737213
0 0.4940476190 0.2314814815 0.0357142857 0.0467372134
0 0.4901279276 0.2969129636 0.0356171606 0.0523797190
0 0.5215773810 0.3606701940 0.0233134921 0.0652557319
0 0.4816086691 0.3840819674 0.0207570208 0.0766332433
0 0.5037202381 0.4060846561 0.0203373016 0.0767195767
0 0.4970238095 0.5405643739 0.0367063492 0.0723104056
0 0.5171130952 0.5105820106 0.0243055556 0.0617283951
0 0.5121527778 0.5970017637 0.0243055556 0.0740740741
0 0.5329861111 0.6512345679 0.0272817460 0.0608465608
0 0.5626489481 0.6445247455 0.0254957546 0.0703546057
0 0.5873015873 0.6847442681 0.0307539683 0.0784832451
0 0.6356646825 0.6393298060 0.0282738095 0.0652557319
0 0.6382660781 0.6780566147 0.0329916534 0.0457075857
0 0.5761914461 0.5540948637 0.0253987652 0.0887893746
0 0.5426587302 0.5180776014 0.0198412698 0.0679012346
0 0.5243377483 0.4462319107 0.0263245033 0.0390176600
0 0.5466145833 0.4856481481 0.0223958333 0.0583333333
0 0.5572916667 0.4578703704 0.0156250000 0.0712962963
0 0.5809895833 0.4615740741 0.0276041667 0.0750000000
0 0.5497395833 0.3898148148 0.0213541667 0.0814814815
0 0.5712234632 0.3861163921 0.0203125000 0.0731481481
0 0.6072218343 0.4965989034 0.0244413408 0.0765311401
0 0.6363648504 0.5324133428 0.0220619658 0.0889007597
0 0.6643229167 0.5370370370 0.0348958333 0.0574074074
0 0.6760416667 0.6104166667 0.0312500000 0.0634259259
0 0.6580729167 0.7097222222 0.0255208333 0.0768518519
0 0.6927083333 0.6930555556 0.0239583333 0.0583333333
0 0.7219576720 0.6981505977 0.0165013228 0.0685234176
0 0.7448991402 0.6552150696 0.0227017196 0.0789486577
0 0.7548600053 0.6876223756 0.0215299894 0.0706151215
0 0.8239583333 0.7937500000 0.0375000000 0.0412037037
0 0.8269675926 0.7336811679 0.0231481481 0.0562512248
0 0.7828125000 0.7337962963 0.0218750000 0.0620370370
0 0.7798239087 0.6748922203 0.0231894841 0.0613266706
0 0.8033854167 0.7083333333 0.0192708333 0.0648148148
0 0.8276041667 0.6870370370 0.0229166667 0.0537037037
0 0.8488420959 0.6549197266 0.0185175250 0.0579876013
0 0.7074218750 0.5907407407 0.0190104167 0.0629629630
0 0.6893229167 0.5425925926 0.0234375000 0.0703703704
0 0.7091685158 0.5185103002 0.0350036982 0.0499835634
0 0.6499553893 0.4495437346 0.0238350592 0.0670611440
0 0.6008191289 0.4230301327 0.0343596814 0.0291258170
0 0.5976562500 0.3754629630 0.0223958333 0.0638888889
0 0.5881051788 0.3322743290 0.0324603576 0.0484143050
0 0.5398437500 0.3222222222 0.0234375000 0.0537037037
0 0.5278645833 0.2953703704 0.0317708333 0.0555555556
0 0.5203125000 0.2370370370 0.0281250000 0.0685185185
0 0.5456321649 0.2298721340 0.0254023369 0.0717372134
0 0.5765625000 0.2703703704 0.0354166667 0.0425925926
0 0.4718750000 0.1634259259 0.0312500000 0.0694444444
0 0.5184895833 0.1777777778 0.0369791667 0.0333333333
0 0.5104166667 0.1337962963 0.0343750000 0.0490740741
0 0.5138020833 0.0712962963 0.0276041667 0.0648148148
0 0.4755208333 0.0620370370 0.0385416667 0.0444444444
0 0.5549479167 0.1212962963 0.0401041667 0.0388888889
0 0.5632964065 0.1814814815 0.0250000000 0.0574074074
0 0.5973958333 0.2282407407 0.0406250000 0.0435185185
0 0.5998002094 0.1872868901 0.0389412478 0.0365373310
0 0.6278791861 0.1565636899 0.0224250389 0.0665022499
0 0.5835046340 0.0837364456 0.0213541667 0.0629629630
0 0.6097304894 0.0802787576 0.0194609788 0.0550019596
0 0.6261629189 0.0515456594 0.0169091711 0.0580197923
0 0.5555088141 0.0322234093 0.0212740385 0.0588912631
0 0.6542617394 0.0977978640 0.0345651455 0.0358857535
0 0.6661458333 0.1532407407 0.0229166667 0.0675925926
0 0.6247395833 0.2592592593 0.0359375000 0.0388888889
0 0.6276041667 0.3134259259 0.0281250000 0.0638888889
0 0.6260724852 0.3683075827 0.0292283037 0.0643929432
0 0.6462771203 0.2987098413 0.0196375740 0.0780245478
0 0.6693848619 0.3308678501 0.0216469428 0.0691431076
0 0.6848958333 0.2972222222 0.0197916667 0.0592592593
0 0.6690104167 0.2314814815 0.0390625000 0.0351851852
0 0.6901041667 0.1842592593 0.0291666667 0.0555555556
0 0.7120122354 0.1882814031 0.0281911376 0.0506368803
0 0.7132812500 0.1388888889 0.0348958333 0.0407407407
0 0.7038508199 0.3005540681 0.0177083333 0.0611111111
0 0.6945312500 0.3537037037 0.0338541667 0.0370370370
0 0.6685111563 0.4120863467 0.0213973126 0.0612097304
0 0.6952539448 0.4455867850 0.0240754438 0.0522846811
0 0.7132812500 0.3953703704 0.0171875000 0.0703703704
0 0.7247395833 0.4009259259 0.0161458333 0.0666666667
0 0.7488627959 0.4144011615 0.0314410750 0.0565801008
0 0.7248936760 0.4884103122 0.0195790187 0.0653517423
0 0.7469316997 0.5419543763 0.0334658531 0.0308952444
0 0.7497395833 0.5935185185 0.0286458333 0.0555555556
0 0.7519153723 0.4668721236 0.0277890779 0.0392998028
0 0.7795349482 0.4910557747 0.0169717702 0.0654448828
0 0.7854166667 0.5606481481 0.0218750000 0.0601851852
0 0.8102864583 0.5250000000 0.0242187500 0.0462962963
0 0.8145168440 0.5844907407 0.0175753546 0.0560185185
0 0.8462935406 0.4890603567 0.0199129189 0.0781207133
0 0.8650173611 0.5276969430 0.0214533730 0.0547374094
0 0.7911458333 0.4393518519 0.0322916667 0.0472222222
0 0.8078125000 0.4282407407 0.0166666667 0.0620370370
0 0.7604166667 0.3601851852 0.0291666667 0.0500000000
0 0.7250000000 0.3268518519 0.0218750000 0.0555555556
0 0.7323646936 0.2730477170 0.0282710538 0.0483490104
0 0.7385416667 0.1861111111 0.0145833333 0.0592592593
0 0.7651909722 0.2256883206 0.0269097222 0.0532284930
0 0.7682842813 0.2886855771 0.0259314374 0.0644081913
0 0.7924479167 0.2402777778 0.0161458333 0.0638888889
0 0.7900590666 0.3321358370 0.0188402002 0.0661235258
0 0.8182291667 0.3537037037 0.0250000000 0.0629629630
0 0.8450448091 0.3852058763 0.0182437151 0.0593006414
0 0.8191812720 0.2583186361 0.0227375441 0.0463256908
0 0.8341145833 0.3013888889 0.0286458333 0.0490740741
0 0.7609375000 0.1620370370 0.0187500000 0.0648148148
0 0.7817708333 0.1625000000 0.0197916667 0.0694444444
0 0.7629466364 0.0537062901 0.0144349395 0.0425977654
0 0.7825055284 0.0962238775 0.0160527235 0.0517070143
0 0.7934663142 0.0530066188 0.0135416667 0.0462962963
0 0.8046627677 0.0869801366 0.0166230214 0.0453651976
0 0.8158854167 0.0513888889 0.0192708333 0.0435185185
0 0.8225500466 0.1097506725 0.0180167598 0.0508690255
0 0.8408854167 0.1125000000 0.0130208333 0.0564814815
0 0.8178392691 0.1859998965 0.0315118715 0.0294072005
0 0.8447916667 0.2430555556 0.0291666667 0.0453703704
0 0.8744791667 0.1699074074 0.0145833333 0.0490740741
0 0.9317005622 0.1474990202 0.0209738757 0.0449980404
0 0.9499872694 0.1463898208 0.0192708333 0.0250000000
0 0.9502604167 0.1759259259 0.0255208333 0.0277777778
0 0.9384398564 0.1080081314 0.0180176914 0.0357109865
0 0.8708429784 0.2229227905 0.0260223765 0.0245247893
0 0.8725905374 0.2654724818 0.0212227414 0.0531671859
0 0.8617187500 0.3509259259 0.0171875000 0.0592592593
0 0.8677083333 0.4175925926 0.0208333333 0.0611111111
0 0.8909900701 0.3262374524 0.0194704050 0.0597092420
0 0.8913015322 0.3915147952 0.0184386023 0.0645110719
0 0.9007254464 0.2791832011 0.0190476190 0.0579805996
0 0.8947723765 0.2325592789 0.0176091270 0.0388986870
0 0.9145171958 0.2526455026 0.0132275132 0.0532039976
0 0.9283854167 0.2402777778 0.0130208333 0.0509259259
0 0.9463858576 0.2719037821 0.0145199515 0.0450813247
0 0.9200520833 0.3282407407 0.0140625000 0.0527777778
0 0.9361979167 0.3000000000 0.0140625000 0.0500000000
0 0.9281250000 0.3722222222 0.0135416667 0.0407407407
0 0.9184895833 0.4203703704 0.0276041667 0.0296296296
0 0.8802083333 0.4717592593 0.0260416667 0.0527777778
0 0.9006227954 0.4737629826 0.0158289242 0.0567852244
0 0.9158854167 0.4652777778 0.0182291667 0.0490740741
0 0.9363095238 0.4566921419 0.0169642857 0.0615324319
0 0.9494791667 0.4486111111 0.0125000000 0.0509259259
0 0.9638020833 0.4620370370 0.0130208333 0.0611111111
0 0.9302083333 0.5240740741 0.0177083333 0.0537037037
0 0.9559895833 0.5342592593 0.0130208333 0.0574074074
0 0.8495476709 0.5995370370 0.0267468569 0.0509259259
0 0.8779486332 0.6133646874 0.0220458554 0.0578091319
0 0.9046875000 0.5685185185 0.0281250000 0.0351851852
0 0.7741505456 0.8956238977 0.0194072421 0.0495811287
0 0.8481522817 0.7440476190 0.0235615079 0.0462962963
0 0.8508246528 0.7946318342 0.0202256944 0.0394400353
0 0.8046207265 0.8913421969 0.0164707977 0.0498575499
0 0.8932429453 0.6101802861 0.0162588183 0.0396825397
0 0.9239583333 0.5560185185 0.0187500000 0.0453703704
0 0.9432291667 0.5861111111 0.0166666667 0.0425925926
0 0.9516255938 0.3591855811 0.0115845210 0.0535563473
0 0.9393229167 0.3425925926 0.0140625000 0.0462962963
0 0.8833333333 0.6745370370 0.0270833333 0.0305555556
0 0.6841145833 0.9240740741 0.0223958333 0.0425925926
0 0.7408843463 0.0553673720 0.0211199628 0.0444483721
0 0.8925540123 0.5227317264 0.0264550265 0.0548696845
0 0.3790064103 0.0544871795 0.0256410256 0.0391737892
0 0.8574527603 0.1475077876 0.0176511854 0.0539461033
0 0.5759741903 0.3110661269 0.0347925101 0.0404858300
0 0.7147694867 0.1028024222 0.0239622940 0.0471764540
0 0.7143834175 0.0598578376 0.0231481481 0.0486344931
0 0.1691305369 0.7426368717 0.0282210281 0.0264636747
0 0.8649000218 0.6341568639 0.0170749078 0.0260745030
0 0.1582352183 0.0694771786 0.0201776453 0.0532406641
0 0.0949948248 0.0708063073 0.0149526971 0.0485736101
0 0.0477945972 0.1616703739 0.0182151038 0.0534068051
0 0.0700058093 0.1838257400 0.0183510374 0.0386655603
0 0.0698386110 0.0605357678 0.0115543569 0.0478486308
0 0.0441784234 0.0942473032 0.0140011619 0.0519568466
0 0.0613740251 0.0198160996 0.0233805810 0.0263409129
0 0.1297486311 0.0753978425 0.0209337760 0.0456736931
0 0.1958857699 0.0118413278 0.0301772615 0.0200577594
0 0.1621429698 0.0170370125 0.0206619088 0.0169161826
0 0.5330742729 0.0211452283 0.0208148341 0.0419128632
0 0.5106767637 0.0168195187 0.0164207801 0.0326723984
0 0.4951553204 0.0167228548 0.0135933610 0.0324790706
0 0.4299408989 0.0639296374 0.0398013611 0.0365389545
0 0.4620255809 0.0214593860 0.0229455934 0.0423387885
0 0.4351150759 0.0219427055 0.0230543403 0.0421454607
0 0.3843346289 0.0138712698 0.0370826889 0.0277425395
0 0.3321948459 0.0347371394 0.0187044648 0.0489119338
0 0.3554960416 0.0175928299 0.0135933610 0.0338323652
0 0.6778332945 0.0453112035 0.0182660789 0.0698547720
0 0.7316448621 0.0171804980 0.0244255706 0.0339834026
0 0.8550555886 0.0951535273 0.0218768154 0.0464439835
0 0.9182359334 0.1093132783 0.0148677386 0.0422904566
0 0.8910492113 0.1113900418 0.0123189834 0.0487095437
0 0.8742699063 0.0785394193 0.0174164938 0.0419128632
0 0.9650888505 0.2169606148 0.0168217843 0.0549775935
0 0.9638994314 0.2749166647 0.0120641079 0.0419883819
0 0.9691668588 0.3452577770 0.0205599586 0.0335302906
0 0.9699314854 0.4144872543 0.0125738590 0.0453112035
0 0.9861585601 0.3681731629 0.0093454357 0.0471236516
0 0.9743102468 0.4773852462 0.0146128631 0.0425925312
0 0.9655204397 0.5613740930 0.0164819503 0.0434987553
0 0.9798716306 0.5605766158 0.0100251038 0.0434987553
0 0.9524300331 0.6537243671 0.0163120332 0.0622273861
0 0.9910861535 0.6711480352 0.0096852697 0.0549775935
0 0.9932950747 0.2963518847 0.0086657677 0.0444049794
0 0.9774078340 0.2560792871 0.0248078839 0.0289991702
0 0.9831850124 0.2017179259 0.0241282158 0.0211452283
0 0.8978866719 0.1936162827 0.0125738590 0.0359468881
0 0.9655986016 0.1284768966 0.0096852697 0.0332282159
0 0.8859080618 0.7250604496 0.0180112034 0.0567900417
0 0.0481204981 0.2515166872 0.0254195851 0.0662147720
