0 0.0909995318 0.6717644611 0.0201310861 0.0524344569 0.0956547736 0.6570821348 2 0.0916484216 0.6955770304 2
0 0.0732092697 0.2689346650 0.0294943820 0.0474406991 0.0619888494 0.2811201124 2 0.0808032600 0.2533491986 2
0 0.0622073970 0.2373075323 0.0196629213 0.0507698710 0.0658717707 0.2191505713 2 0.0619002433 0.2523184689 2
0 0.0821044007 0.4183312526 0.0285580524 0.0449438202 0.0877317961 0.4301660710 2 0.0726875354 0.4042928498 2
0 0.0877223783 0.4778401998 0.0182584270 0.0407823554 0.0909116828 0.4604852763 2 0.0844570045 0.4926679889 2
0 0.1005969101 0.4878277154 0.0168539326 0.0491052851 0.0997514578 0.4729659024 2 0.1057367600 0.5091754916 2
0 0.0998946629 0.5631502289 0.0238764045 0.0366208906 0.1048146631 0.5807287301 2 0.0958874327 0.5545540315 2
0 0.1326661985 0.5519142738 0.0229400749 0.0491052851 0.1319236455 0.5740561200 2 0.1356756260 0.5397522986 2
0 0.1361774345 0.6126716604 0.0299625468 0.0557636288 0.1445813559 0.6334874367 2 0.1310890646 0.5939912055 2
0 0.1668422285 0.6205784436 0.0238764045 0.0399500624 0.1734338131 0.6329071466 2 0.1642037595 0.6069370219 2
0 0.1396886704 0.7395963379 0.0229400749 0.0366208906 0.1319948090 0.7308817030 2 0.1488499529 0.7543323379 2
0 0.1450725655 0.8719309197 0.0215355805 0.0499375780 0.1394299382 0.8556866713 2 0.1527844449 0.8925099824 2
0 0.1827598315 0.7246150645 0.0229400749 0.0632542655 0.1787028777 0.7054710342 2 0.1896347982 0.7529321907 2
0 0.1939957865 0.6875780275 0.0220037453 0.0624219725 0.1938447383 0.6674745992 2 0.2005447034 0.7161282065 2
0 0.2159995318 0.6380565959 0.0182584270 0.0549313358 0.2173870378 0.6207208917 2 0.2217840319 0.6622924718 2
0 0.1155781835 0.1291094465 0.0252808989 0.0424469413 0.1270456167 0.1341091800 2 0.1042657353 0.1358938186 2
0 0.1256437266 0.1840407824 0.0276217228 0.0374531835 0.1147962635 0.1928129672 2 0.1378941094 0.1823958463 2
0 0.0465238764 0.0920724095 0.0182584270 0.0516021640 0.0514831830 0.0762880218 2 0.0430344134 0.1074963163 2
0 0.0687617041 0.1707240949 0.0234082397 0.0357885976 0.0713911227 0.1586194004 2 0.0620997828 0.1859354063 2
0 0.0954470974 0.0691843529 0.0224719101 0.0624219725 0.0956400027 0.0493580006 2 0.0967550178 0.0933639288 2
0 0.1265800562 0.0579483978 0.0257490637 0.0599250936 0.1365187534 0.0364707245 2 0.1202094254 0.0772239096 2
0 0.1399227528 0.0762588431 0.0215355805 0.0399500624 0.1405576521 0.0593873064 2 0.1372144831 0.0929805025 2
0 0.1460088951 0.1095505618 0.0355805243 0.0399500624 0.1601931157 0.1091595926 2 0.1298571195 0.1147964130 2
0 0.1464770599 0.1482521848 0.0168539326 0.0674157303 0.1501520021 0.1252322856 2 0.1463500558 0.1738535918 2
0 0.1682467228 0.1524136496 0.0248127341 0.0624219725 0.1711678471 0.1306951638 2 0.1596984153 0.1799544177 2
0 0.1687148876 0.0675197670 0.0229400749 0.0391177695 0.1600179241 0.0568193111 2 0.1782357728 0.0826279301 2
0 0.1916549625 0.0546192260 0.0248127341 0.0416146484 0.1839772719 0.0503689330 2 0.2002540233 0.0675962130 2
0 0.1785463483 0.0870786517 0.0248127341 0.0349563046 0.1870806893 0.0965756539 2 0.1685647802 0.0890233659 2
0 0.1710557116 0.1915314191 0.0229400749 0.0507698710 0.1749228861 0.1761658158 2 0.1645784427 0.2117966761 2
0 0.1862710674 0.2131710362 0.0205992509 0.0674157303 0.1855162501 0.1927675302 2 0.1828180947 0.2409527709 2
0 0.2012523408 0.2506242197 0.0187265918 0.0657511444 0.1995728829 0.2243450269 2 0.2029221084 0.2783579334 2
0 0.1455407303 0.2219101124 0.0243445693 0.0516021640 0.1390419004 0.2042899427 2 0.1517150548 0.2448440366 2
0 0.1352411049 0.2510403662 0.0168539326 0.0549313358 0.1350959314 0.2289079412 2 0.1366948383 0.2742103042 2
0 0.1179190075 0.2918227216 0.0131086142 0.0449438202 0.1192824239 0.2731329531 2 0.1189553747 0.3123788505 2
0 0.1263459738 0.3234498543 0.0177902622 0.0599250936 0.1310154482 0.2968318530 2 0.1269818421 0.3476441338 2
0 0.1050444757 0.3683936746 0.0182584270 0.0649188514 0.1092913905 0.3426570872 2 0.1045842189 0.3970360734 2
0 0.1085557116 0.4512068248 0.0215355805 0.0507698710 0.1021696531 0.4297659136 2 0.1166703460 0.4706510943 2
0 0.1200257491 0.3921140241 0.0163857678 0.0607573866 0.1207460142 0.3688132127 2 0.1225145022 0.4206888597 2
0 0.1378160112 0.3829588015 0.0145131086 0.0574282147 0.1400879732 0.3572201146 2 0.1369537522 0.4094106978 2
0 0.1539676966 0.4179151061 0.0187265918 0.0707449022 0.1562415967 0.3859792282 2 0.1559841969 0.4482127774 2
0 0.1656718165 0.3380149813 0.0224719101 0.0624219725 0.1615756168 0.3114513230 2 0.1665722009 0.3649501028 2
0 0.1506905431 0.2872451103 0.0271535581 0.0557636288 0.1607798442 0.2645547358 2 0.1410347369 0.3057247618 2
0 0.1359433521 0.4487099459 0.0191947566 0.0640865585 0.1346218615 0.4185362034 2 0.1389355792 0.4740834145 2
0 0.1560744382 0.4915730337 0.0266853933 0.0482729921 0.1675999907 0.5086559276 2 0.1459267392 0.4739967936 2
0 0.1729283708 0.3996046608 0.0163857678 0.0590928007 0.1745101682 0.3736932704 2 0.1725751274 0.4262499334 2
0 0.2045294944 0.4220765710 0.0224719101 0.0657511444 0.2021313762 0.3917570426 2 0.2015333003 0.4491723369 2
0 0.1869733146 0.4978152310 0.0201310861 0.0590928007 0.1822054529 0.4698015740 2 0.1913431454 0.5196826250 2
0 0.2073384831 0.4774240533 0.0140449438 0.0582605077 0.2058323461 0.4547039627 2 0.2098598958 0.4995487260 2
0 0.2326193820 0.4711818560 0.0187265918 0.0624219725 0.2302184476 0.4434069046 2 0.2335116508 0.4960981557 2
0 0.2485369850 0.4054307116 0.0205992509 0.0657511444 0.2457805058 0.3759617802 2 0.2474551186 0.4301873359 2
0 0.2244264981 0.3829588015 0.0191947566 0.0624219725 0.2222253060 0.3590196116 2 0.2231337758 0.4111052162 2
0 0.2506437266 0.8049313358 0.0229400749 0.0607573866 0.2437712733 0.7830060150 2 0.2579191771 0.8344886647 2
0 0.3454470974 0.8677694548 0.0337078652 0.0582605077 0.3316432615 0.8437304006 2 0.3598361090 0.8885751640 2
0 0.3840706929 0.9235330836 0.0397940075 0.0449438202 0.3984011360 0.9054992274 2 0.3727152160 0.9366801453 2
0 0.4332279963 0.8502913025 0.0210674157 0.0615896796 0.4254710265 0.8252769689 2 0.4402609156 0.8786600029 2
0 0.4049040262 0.7716396171 0.0290262172 0.0740740741 0.3974644758 0.7456274471 2 0.4139047518 0.8033630612 2
0 0.4353347378 0.7728880566 0.0205992509 0.0732417811 0.4318317992 0.7488262839 2 0.4338304329 0.8070975586 2
0 0.4512523408 0.8178318768 0.0196629213 0.0565959218 0.4474301659 0.7961270114 2 0.4564906385 0.8417039341 2
0 0.2143609551 0.1191219309 0.0271535581 0.0607573866 0.2239753823 0.0981791034 2 0.2044114841 0.1467142732 2
0 0.1858029026 0.3013940907 0.0299625468 0.0457761132 0.1932756425 0.3214426070 2 0.1743718991 0.2915371256 2
0 0.2260650749 0.3026425302 0.0308988764 0.0482729921 0.2387877711 0.2928724013 2 0.2122665081 0.3169152240 2
0 0.2342579588 0.6692675822 0.0201310861 0.0640865585 0.2356487656 0.6958846451 2 0.2335502002 0.6475917339 2
0 0.2536867978 0.6738451935 0.0205992509 0.0749063670 0.2566385374 0.6409997690 2 0.2545944803 0.7051983048 2
0 0.2218515918 0.1740532667 0.0308988764 0.0574282147 0.2099290152 0.1550009179 2 0.2338535686 0.1824891966 2
0 0.2389396067 0.1191219309 0.0220037453 0.0624219725 0.2402734159 0.1437619288 2 0.2381910287 0.0915421531 2
0 0.2529845506 0.1648980441 0.0238764045 0.0790678319 0.2507707912 0.1928786462 2 0.2533599303 0.1289492867 2
0 0.2279377341 0.2177486475 0.0308988764 0.0532667499 0.2295957435 0.2388382838 2 0.2298184484 0.1945641740 2
0 0.2548572097 0.0966500208 0.0210674157 0.0640865585 0.2519068025 0.1207798951 2 0.2549380636 0.0710361240 2
0 0.2721793071 0.1091344153 0.0229400749 0.0724094881 0.2803109904 0.0876879052 2 0.2656891683 0.1345245728 2
0 0.2806062734 0.1328547649 0.0276217228 0.0482729921 0.2728201147 0.1504060255 2 0.2879408780 0.1179326026 2
0 0.2967579588 0.1382646692 0.0234082397 0.0724094881 0.3067223589 0.1121344923 2 0.2899928867 0.1659966601 2
0 0.3082279963 0.1823761964 0.0416666667 0.0491052851 0.3224299873 0.1867414848 2 0.2926250740 0.1860278618 2
0 0.3262523408 0.2260715772 0.0252808989 0.0782355389 0.3284912345 0.1927784588 2 0.3163934444 0.2590711858 2
0 0.3007373596 0.2194132335 0.0294943820 0.0682480233 0.3010863028 0.2053795681 2 0.3025761934 0.2501866468 2
0 0.2756905431 0.1882022472 0.0271535581 0.0707449022 0.2740005772 0.1587831672 2 0.2751588762 0.2159831205 2
0 0.2740519663 0.2535372451 0.0313670412 0.0732417811 0.2861469402 0.2327917238 2 0.2638954854 0.2796929937 2
0 0.2827130150 0.3226175614 0.0243445693 0.0699126092 0.2862040321 0.3570809505 2 0.2787242970 0.2994233976 2
0 0.3187617041 0.2959841864 0.0383895131 0.0749063670 0.3171982881 0.2662881241 2 0.3181521814 0.3300021426 2
0 0.2712429775 0.3946109030 0.0313670412 0.0790678319 0.2691892906 0.3647993641 2 0.2763813435 0.4261715493 2
0 0.2930126404 0.3837910945 0.0159176030 0.0690803163 0.2919872505 0.3604262191 2 0.2942493405 0.4129290468 2
0 0.3079939139 0.3633999168 0.0262172285 0.0699126092 0.3058249724 0.3458584542 2 0.3114211466 0.3944716851 2
0 0.3040145131 0.4166666667 0.0220037453 0.0482729921 0.3124419176 0.4110454975 2 0.2959734356 0.4219033607 2
0 0.3243796816 0.4108406159 0.0299625468 0.0649188514 0.3301001850 0.3796451342 2 0.3189526894 0.4371734825 2
0 0.2923103933 0.4574490221 0.0248127341 0.0665834374 0.2896368573 0.4295451352 2 0.2933918660 0.4848877723 2
0 0.2660931648 0.5023928423 0.0285580524 0.0599250936 0.2722792691 0.4752032591 2 0.2631218930 0.5259197595 2
0 0.3033122659 0.5082188931 0.0262172285 0.0665834374 0.3067758375 0.4813917112 2 0.2999925960 0.5384570763 2
0 0.3260182584 0.4874115689 0.0276217228 0.0732417811 0.3299001720 0.4574279186 2 0.3290869349 0.5152254432 2
0 0.3604283708 0.4936537661 0.0299625468 0.0674157303 0.3674862427 0.4649650152 2 0.3554671867 0.5231797629 2
0 0.2436212547 0.5864544320 0.0182584270 0.0632542655 0.2448331232 0.5664921059 2 0.2443728318 0.6141578363 2
0 0.2607092697 0.5831252601 0.0224719101 0.0582605077 0.2622645095 0.5616919677 2 0.2612502180 0.6092068237 2
0 0.2857560861 0.5748023304 0.0276217228 0.0599250936 0.2781927416 0.5504640599 2 0.2919288056 0.5917449297 2
0 0.2993328652 0.6060133167 0.0257490637 0.0640865585 0.3081368464 0.5783267627 2 0.2951956935 0.6299359253 2
0 0.2859901685 0.6601123596 0.0262172285 0.0624219725 0.2798012480 0.6406145778 2 0.2954723528 0.6793759579 2
0 0.3049508427 0.6721806076 0.0276217228 0.0599250936 0.3116686441 0.6482299508 2 0.2937899575 0.6866037171 2
0 0.2773291199 0.7008947149 0.0332397004 0.0507698710 0.2858843621 0.6804389888 2 0.2639947811 0.7170550342 2
0 0.3381905431 0.6313982522 0.0313670412 0.0466084062 0.3263685341 0.6400536684 2 0.3504490415 0.6201561599 2
0 0.3316362360 0.6638576779 0.0285580524 0.0549313358 0.3187308464 0.6573590095 2 0.3427144504 0.6758352674 2
0 0.3639396067 0.6463795256 0.0248127341 0.0715771952 0.3686095354 0.6136049483 2 0.3632707610 0.6774966232 2
0 0.2930126404 0.7275280899 0.0196629213 0.0674157303 0.2939478193 0.7040721252 2 0.2903911599 0.7598885126 2
0 0.3161867978 0.7566583437 0.0229400749 0.0657511444 0.3112766394 0.7316550463 2 0.3237166198 0.7824782142 2
0 0.3290613296 0.7296088223 0.0196629213 0.0665834374 0.3248000609 0.7040736865 2 0.3354594405 0.7596316646 2
0 0.3534058989 0.7558260508 0.0177902622 0.0740740741 0.3517456097 0.7243038429 2 0.3495895079 0.7880286285 2
0 0.3625351124 0.7346025801 0.0276217228 0.0815647108 0.3586662118 0.7075427223 2 0.3714271849 0.7687426347 2
0 0.3515332397 0.5564918851 0.0224719101 0.0732417811 0.3493410414 0.5248501092 2 0.3506734638 0.5890432615 2
0 0.3761118914 0.5785476488 0.0276217228 0.0707449022 0.3724678371 0.5500437681 2 0.3778732327 0.6102181189 2
0 0.3955407303 0.5452559301 0.0290262172 0.0823970037 0.3923649317 0.5101919011 2 0.3952129847 0.5802773215 2
0 0.3793890449 0.7088014981 0.0266853933 0.0649188514 0.3759231416 0.6799155486 2 0.3828911054 0.7359741946 2
0 0.3716643258 0.8165834374 0.0234082397 0.0457761132 0.3624827239 0.8003604539 2 0.3793878337 0.8265647619 2
0 0.3845388577 0.8269870995 0.0163857678 0.0682480233 0.3873607164 0.8021379324 2 0.3833876750 0.8544496449 2
0 0.3939021536 0.8353100291 0.0220037453 0.0466084062 0.3859799028 0.8261782787 2 0.4033619592 0.8481861289 2
0 0.3711961610 0.8581980857 0.0205992509 0.0574282147 0.3678272218 0.8335737885 2 0.3710659168 0.8805638866 2
0 0.3882841760 0.8677694548 0.0285580524 0.0565959218 0.3742633155 0.8535185171 2 0.3990384210 0.8662150869 2
0 0.1183871723 0.0246566792 0.0168539326 0.0482729921 0.1122265213 0.0458819989 2 0.1261083162 0.0005201831 2
0 0.2143609551 0.0164898044 0.0337078652 0.0313150229 0.2041739056 0.0135132807 2 0.2250383597 0.0126875419 2
0 0.2972261236 0.0308988764 0.0262172285 0.0557636288 0.3006740438 0.0519791921 2 0.2958469555 0.0224667501 2
0 0.4875351124 0.8261548065 0.0210674157 0.0715771952 0.4914338107 0.8021769091 2 0.4845324681 0.8554199715 2
0 0.4978347378 0.8823345818 0.0397940075 0.0491052851 0.4835081284 0.8850731704 2 0.5158072144 0.8816654198 2
0 0.5331811798 0.8914898044 0.0224719101 0.0707449022 0.5282522161 0.9169826796 2 0.5331428121 0.8643587226 2
0 0.5608029026 0.8390553475 0.0224719101 0.0657511444 0.5582851693 0.8083105206 2 0.5630697771 0.8676396581 2
0 0.5877223783 0.8215771952 0.0229400749 0.0590928007 0.5843467769 0.7943279988 2 0.5929469581 0.8457379709 2
0 0.6453066479 0.8344777362 0.0304307116 0.0532667499 0.6338588680 0.8188732659 2 0.6572125995 0.8490210060 2
0 0.6460088951 0.9093841032 0.0280898876 0.0582605077 0.6542459912 0.8925051372 2 0.6365459704 0.9296245422 2
0 0.5029845506 0.9235330836 0.0210674157 0.0449438202 0.5087637815 0.9086225498 2 0.4959271026 0.9408913987 2
0 0.5022823034 0.9501664586 0.0280898876 0.0366208906 0.5140216032 0.9559814442 2 0.4908839790 0.9444351834 2
0 0.4079470974 0.7017270079 0.0294943820 0.0724094881 0.4055115806 0.6823881478 2 0.4163132870 0.7362503156 2
0 0.4346324906 0.6938202247 0.0266853933 0.0699126092 0.4289998867 0.6719827092 2 0.4450252948 0.7233092367 2
0 0.4493796816 0.6700998752 0.0280898876 0.0740740741 0.4431516666 0.6416920365 2 0.4560882772 0.7039794209 2
0 0.4793422285 0.6642738244 0.0280898876 0.0774032459 0.4749197973 0.6365919003 2 0.4868888875 0.6971727073 2
0 0.4933871723 0.7470869746 0.0280898876 0.0715771952 0.4945488024 0.7207941615 2 0.5041846392 0.7779725806 2
0 0.5219452247 0.7092176446 0.0234082397 0.0724094881 0.5236107528 0.6823849177 2 0.5217665590 0.7402282022 2
0 0.5589302434 0.7237827715 0.0290262172 0.0732417811 0.5562624309 0.6992472486 2 0.5585275490 0.7560972728 2
0 0.5446512172 0.7745526425 0.0491573034 0.0582605077 0.5261248809 0.7659609015 2 0.5630638950 0.7884821237 2
0 0.4744264981 0.5964419476 0.0276217228 0.0599250936 0.4674078815 0.6170668779 2 0.4832229303 0.5705927224 2
0 0.4973665730 0.5448397836 0.0248127341 0.0799001248 0.4967401225 0.5240171702 2 0.4925248224 0.5715644631 2
0 0.5071980337 0.6164169788 0.0248127341 0.0699126092 0.5084248617 0.5909617344 2 0.5081704901 0.6450015585 2
0 0.5284995318 0.6442987932 0.0346441948 0.0807324178 0.5237604686 0.6245647824 2 0.5422659994 0.6804403885 2
0 0.5624414794 0.6497086975 0.0276217228 0.0732417811 0.5609224875 0.6303844268 2 0.5594568229 0.6820231987 2
0 0.5912336142 0.6850811486 0.0337078652 0.0707449022 0.5905647382 0.6597804652 2 0.5859315420 0.7167516187 2
0 0.5851474719 0.7512484395 0.0449438202 0.0449438202 0.5671266453 0.7557548488 2 0.6014406892 0.7597960401 2
0 0.6148759363 0.7067207657 0.0360486891 0.0407823554 0.6307227734 0.7067437780 2 0.6009426665 0.7050459164 2
0 0.6579470974 0.6983978360 0.0341760300 0.0690803163 0.6575400423 0.6705646349 2 0.6556549674 0.7277592046 2
0 0.6200257491 0.7645651269 0.0257490637 0.0665834374 0.6231192403 0.7452748801 2 0.6185163264 0.7907118312 2
0 0.6436680712 0.7678942988 0.0290262172 0.0565959218 0.6534281261 0.7478367920 2 0.6361308602 0.7862751606 2
0 0.6930594569 0.6913233458 0.0285580524 0.0665834374 0.6821421022 0.7138092531 2 0.7012805337 0.6660035510 2
0 0.7007841760 0.7350187266 0.0271535581 0.0674157303 0.7056760742 0.7080742377 2 0.6916947232 0.7586578388 2
0 0.7092111423 0.8057636288 0.0243445693 0.0590928007 0.7140030785 0.7815722746 2 0.7016403180 0.8293510591 2
0 0.7387055243 0.7666458593 0.0234082397 0.0640865585 0.7418071918 0.7379229768 2 0.7348119740 0.7940919851 2
0 0.7618796816 0.7803786933 0.0238764045 0.0715771952 0.7548003092 0.7517709644 2 0.7675612823 0.8105698246 2
0 0.7541549625 0.8165834374 0.0177902622 0.0540990429 0.7493937629 0.8362529535 2 0.7573655858 0.7968859269 2
0 0.4182467228 0.5718893050 0.0313670412 0.0674157303 0.4082976759 0.5471251438 2 0.4271847640 0.5966185810 2
0 0.4411867978 0.5548272992 0.0248127341 0.0749063670 0.4419503061 0.5275538231 2 0.4389523556 0.5890875140 2
0 0.4585088951 0.6251560549 0.0323033708 0.0574282147 0.4465904975 0.6059179745 2 0.4698882067 0.6467789293 2
0 0.3545763109 0.4154182272 0.0304307116 0.0707449022 0.3556813130 0.3848551482 2 0.3545230140 0.4452582988 2
0 0.3470856742 0.3471702039 0.0341760300 0.0790678319 0.3530931733 0.3188929696 2 0.3441750276 0.3787308501 2
0 0.3426381086 0.1420099875 0.0280898876 0.0649188514 0.3497214480 0.1660333219 2 0.3342502065 0.1274011464 2
0 0.3344452247 0.0658551810 0.0323033708 0.0607573866 0.3254231343 0.0509574342 2 0.3452836511 0.0881735378 2
0 0.2623613772 0.0120255509 0.0145401702 0.0186039127 0.2651630594 0.0086236135 2 0.2563951176 0.0189430842 2
0 0.3615987828 0.0446317104 0.0220037453 0.0532667499 0.3641844506 0.0695341650 2 0.3582379394 0.0276945497 2
0 0.3821980337 0.0733458177 0.0191947566 0.0674157303 0.3814254351 0.1033179496 2 0.3811867642 0.0485827730 2
0 0.3999882959 0.0500416146 0.0191947566 0.0674157303 0.4012759865 0.0215250703 2 0.3989193277 0.0792689020 2
0 0.4313553371 0.0504577611 0.0416666667 0.0615896796 0.4470626267 0.0599443374 2 0.4159531213 0.0460286876 2
0 0.4451661985 0.0983146067 0.0252808989 0.0690803163 0.4418558555 0.1263354776 2 0.4524122751 0.0774073105 2
0 0.4716175094 0.0700166459 0.0294943820 0.0774032459 0.4756237103 0.1006294932 2 0.4749947760 0.0429352504 2
0 0.4100538390 0.1332709114 0.0318352060 0.0724094881 0.4032797730 0.1544457688 2 0.4193506046 0.1078432845 2
0 0.4262055243 0.1528297961 0.0294943820 0.0782355389 0.4348427408 0.1855763790 2 0.4191867772 0.1253562682 2
0 0.3847729401 0.1732209738 0.0290262172 0.0657511444 0.3882342708 0.1990408443 2 0.3832104325 0.1505568180 2
0 0.3637055243 0.2289846026 0.0318352060 0.0774032459 0.3578626400 0.1967966680 2 0.3719439226 0.2561258054 2
0 0.4231624532 0.2194132335 0.0449438202 0.0482729921 0.4041674109 0.2313486995 2 0.4373989928 0.2159536851 2
0 0.3833684457 0.2826674990 0.0411985019 0.0499375780 0.3654601952 0.2709271968 2 0.3991969260 0.2908605332 2
0 0.4135650749 0.2647732002 0.0257490637 0.0657511444 0.4096111113 0.2895298245 2 0.4192999422 0.2425343429 2
0 0.4313553371 0.2730961298 0.0201310861 0.0740740741 0.4272726130 0.3021843384 2 0.4369750710 0.2554688000 2
0 0.4545294944 0.2377236787 0.0234082397 0.0699126092 0.4489763643 0.2656299343 2 0.4588743596 0.2097812458 2
0 0.4711493446 0.2747607158 0.0238764045 0.0740740741 0.4783912422 0.2482694120 2 0.4626247481 0.3055258923 2
0 0.4908122659 0.2864128173 0.0238764045 0.0724094881 0.4923345888 0.3167208249 2 0.4919394045 0.2614535571 2
0 0.3901568352 0.3355181024 0.0248127341 0.0807324178 0.3965770825 0.3035123463 2 0.3832119769 0.3640877698 2
0 0.4154377341 0.3284436122 0.0238764045 0.0749063670 0.4220474881 0.3619770511 2 0.4120997433 0.3057730500 2
0 0.4105220037 0.3729712859 0.0243445693 0.0757386600 0.4208298660 0.3397609123 2 0.4067758375 0.4071222690 2
0 0.4299508427 0.3758843113 0.0191947566 0.0832292967 0.4365693786 0.3474646827 2 0.4238508008 0.4101827491 2
0 0.4479751873 0.3405118602 0.0365168539 0.0774032459 0.4392126322 0.3175862804 2 0.4593488664 0.3716584056 2
0 0.4833216292 0.3696421140 0.0341760300 0.0807324178 0.4838942075 0.3446860840 2 0.4827192531 0.4083947190 2
0 0.4505500936 0.4158343737 0.0257490637 0.0799001248 0.4564780108 0.3921692591 2 0.4417971381 0.4513449661 2
0 0.3967111423 0.4532875572 0.0266853933 0.0815647108 0.3953286632 0.4230621867 2 0.4009672327 0.4911207099 2
0 0.4278441011 0.4495422389 0.0318352060 0.0757386600 0.4221662554 0.4195162203 2 0.4337401613 0.4841831228 2
0 0.4688085206 0.4599459010 0.0276217228 0.0782355389 0.4706326978 0.4314602704 2 0.4647972931 0.4939576123 2
0 0.5074321161 0.4075114440 0.0318352060 0.0699126092 0.5065348065 0.3797951192 2 0.5043165968 0.4399398606 2
0 0.5191362360 0.3309404911 0.0280898876 0.0815647108 0.5188094896 0.2972858151 2 0.5188094896 0.3695650219 2
0 0.5514396067 0.3101331669 0.0374531835 0.0782355389 0.5680745981 0.3246619012 2 0.5367626707 0.2980942052 2
0 0.5151568352 0.1728048273 0.0257490637 0.0649188514 0.5186727649 0.2043866308 2 0.5115867001 0.1470682399 2
0 0.5158590824 0.0841656263 0.0299625468 0.0590928007 0.5223067654 0.1039307539 2 0.5077782012 0.0593939919 2
0 0.5083684457 0.0346441948 0.0271535581 0.0615896796 0.5110122101 0.0495356277 2 0.5052559181 0.0121614415 2
0 0.5345856742 0.0163337495 0.0205992509 0.0316271328 0.5359510195 0.0241669653 2 0.5327261849 0.0024696169 2
0 0.5549508427 0.0242613400 0.0201310861 0.0485226800 0.5565823446 0.0447925666 2 0.5552462027 0.0021491383 2
0 0.5451193820 0.0866625052 0.0276217228 0.0690803163 0.5444581371 0.0653083764 2 0.5403109723 0.1182580367 2
0 0.5774227528 0.0866625052 0.0220037453 0.0624219725 0.5759089998 0.1097618652 2 0.5796564379 0.0594932003 2
0 0.5959152622 0.0725135248 0.0215355805 0.0590928007 0.5986699244 0.0932342280 2 0.5915747749 0.0464110192 2
0 0.6256437266 0.0816687474 0.0229400749 0.0507698710 0.6273865957 0.0996352393 2 0.6236921517 0.0592426511 2
0 0.6352411049 0.0313150229 0.0346441948 0.0399500624 0.6229354068 0.0326282096 2 0.6488017372 0.0240807693 2
0 0.6998478464 0.8914898044 0.0271535581 0.0457761132 0.6928130496 0.8761551026 2 0.7053877864 0.9019152698 2
0 0.6050444757 0.9750364128 0.0248127341 0.0480753225 0.6094215176 0.9648874308 2 0.6068190507 0.9982892835 2
0 0.6441362360 0.9826258843 0.0215355805 0.0299625468 0.6519434026 0.9769844935 2 0.6429702440 0.9962563254 2
0 0.6694171348 0.9838743238 0.0215355805 0.0258010820 0.6718300327 0.9771722717 2 0.6687698226 0.9960867842 2
0 0.5570575843 0.1686433625 0.0355805243 0.0516021640 0.5471657406 0.1875719441 2 0.5609653976 0.1508563035 2
0 0.6005969101 0.1715563878 0.0234082397 0.0774032459 0.6011359356 0.1381167837 2 0.6005726842 0.2067082759 2
0 0.5907654494 0.2165002081 0.0271535581 0.0590928007 0.5938320803 0.2435277109 2 0.5846943877 0.1879132057 2
0 0.5650163858 0.2173325010 0.0243445693 0.0640865585 0.5638351327 0.2472658153 2 0.5631356109 0.1898532128 2
0 0.5423103933 0.2343945069 0.0238764045 0.0715771952 0.5425230055 0.2648171297 2 0.5396582972 0.2087961684 2
0 0.5711025281 0.2685185185 0.0290262172 0.0665834374 0.5583749261 0.2935885178 2 0.5834486939 0.2550424787 2
0 0.6186212547 0.2310653350 0.0238764045 0.0782355389 0.6146857703 0.2658361233 2 0.6203881656 0.1975191909 2
0 0.6284527154 0.1524136496 0.0257490637 0.0624219725 0.6362732780 0.1795506533 2 0.6193363719 0.1375591582 2
0 0.6542017790 0.1311901789 0.0220037453 0.0632542655 0.6580086030 0.1539838085 2 0.6461163963 0.1112278529 2
0 0.6867392322 0.1357677903 0.0308988764 0.0657511444 0.7001916785 0.1573346760 2 0.6764775332 0.1182072162 2
0 0.7122542135 0.0970661673 0.0294943820 0.0582605077 0.7238045900 0.1195676868 2 0.7034548654 0.0816945883 2
0 0.7204470974 0.0554515189 0.0224719101 0.0599250936 0.7256395657 0.0806181993 2 0.7110810731 0.0403965380 2
0 0.6911867978 0.0404702455 0.0304307116 0.0649188514 0.7001739114 0.0636212405 2 0.6818706633 0.0187787885 2
0 0.7424508427 0.0537869330 0.0177902622 0.0632542655 0.7397061664 0.0757937709 2 0.7441096777 0.0339826532 2
0 0.7609433521 0.0429671244 0.0191947566 0.0516021640 0.7603544223 0.0643067622 2 0.7567938130 0.0316498606 2
0 0.8021418539 0.0263212651 0.0182584270 0.0449438202 0.8022461463 0.0438757289 2 0.8029865492 0.0092139031 2
0 0.7883309925 0.0487931752 0.0299625468 0.0399500624 0.7769128590 0.0439376663 2 0.7976259715 0.0638351748 2
0 0.8021418539 0.0866625052 0.0154494382 0.0507698710 0.7997069428 0.1072561573 2 0.8072805531 0.0701475194 2
0 0.8316362360 0.1107990012 0.0276217228 0.0507698710 0.8412952085 0.1335272210 2 0.8217146551 0.0946124104 2
0 0.8171231273 0.1374323762 0.0285580524 0.0507698710 0.8296768482 0.1596680034 2 0.8054782397 0.1258433157 2
0 0.7838834270 0.1095505618 0.0313670412 0.0615896796 0.7951501792 0.1335370728 2 0.7693799179 0.0980811771 2
0 0.7590706929 0.1078859759 0.0220037453 0.0532667499 0.7606086415 0.1303537945 2 0.7504337792 0.0876301400 2
0 0.7501755618 0.1453391594 0.0332397004 0.0732417811 0.7386649763 0.1281467646 2 0.7589177974 0.1714949080 2
0 0.7230220037 0.1719725343 0.0201310861 0.0749063670 0.7190172567 0.1975114386 2 0.7192897976 0.1425187306 2
0 0.6911867978 0.2269038702 0.0332397004 0.0632542655 0.7062398706 0.2349681753 2 0.6750551290 0.2318995660 2
0 0.6476474719 0.2140033292 0.0285580524 0.0640865585 0.6483244636 0.2379259378 2 0.6403965501 0.1844513838 2
0 0.6497542135 0.2884935497 0.0187265918 0.0782355389 0.6478597510 0.2546943800 2 0.6462941547 0.3194689529 2
0 0.6284527154 0.3134623387 0.0229400749 0.0665834374 0.6279327375 0.2851277699 2 0.6320511341 0.3432698400 2
0 0.6010650749 0.3259467333 0.0215355805 0.0649188514 0.5978526044 0.3499700676 2 0.5997422217 0.2947512515 2
0 0.5998946629 0.3671452351 0.0285580524 0.0524344569 0.5886108921 0.3821395905 2 0.6121720575 0.3514454226 2
0 0.5451193820 0.3929463171 0.0238764045 0.0674157303 0.5505912776 0.3646936317 2 0.5442138193 0.4189837897 2
0 0.5689957865 0.3941947566 0.0201310861 0.0715771952 0.5720831607 0.4239229047 2 0.5636192500 0.3750781822 2
0 0.6085557116 0.4208281315 0.0374531835 0.0582605077 0.6256858190 0.4193998823 2 0.5911336825 0.4312705550 2
0 0.6431999064 0.4482937994 0.0318352060 0.0565959218 0.6318660788 0.4408660423 2 0.6577090177 0.4628308243 2
0 0.5528441011 0.4420516022 0.0374531835 0.0491052851 0.5380071560 0.4347323152 2 0.5692181422 0.4462785760 2
0 0.5802317416 0.4678526841 0.0238764045 0.0740740741 0.5851827811 0.4475901189 2 0.5726504396 0.4988574276 2
0 0.5490987828 0.4907407407 0.0299625468 0.0715771952 0.5598912228 0.5223208215 2 0.5449166116 0.4683832844 2
0 0.5205407303 0.5119642114 0.0308988764 0.0724094881 0.5173462778 0.4858340345 2 0.5256451499 0.5415696690 2
0 0.5453534644 0.5556595922 0.0215355805 0.0749063670 0.5458657203 0.5327467714 2 0.5398698193 0.5891930311 2
0 0.5783590824 0.5498335414 0.0257490637 0.0749063670 0.5736851565 0.5269207206 2 0.5824064670 0.5836092390 2
0 0.6106624532 0.4936537661 0.0220037453 0.0740740741 0.6103554509 0.4714746659 2 0.6067170292 0.5294498468 2
0 0.6373478464 0.5340199750 0.0229400749 0.0832292967 0.6388265022 0.4996784690 2 0.6353440345 0.5707409991 2
0 0.6649695693 0.5440074906 0.0341760300 0.0682480233 0.6557753396 0.5251178857 2 0.6765096498 0.5699249644 2
0 0.6874414794 0.5460882231 0.0229400749 0.0657511444 0.6815743994 0.5244873135 2 0.6922201519 0.5746725336 2
0 0.6371137640 0.6309821057 0.0262172285 0.0674157303 0.6347426880 0.6092704032 2 0.6427145109 0.6637785939 2
0 0.6771418539 0.6126716604 0.0341760300 0.0707449022 0.6637080983 0.5871421773 2 0.6902202767 0.6333597395 2
0 0.7103815543 0.5943612151 0.0220037453 0.0690803163 0.7079494897 0.5669748466 2 0.7068184447 0.6214884208 2
0 0.8225070225 0.7903662089 0.0355805243 0.0482729921 0.8099109669 0.7820011801 2 0.8387155175 0.8038582916 2
0 0.8480220037 0.7791302538 0.0313670412 0.0507698710 0.8340703901 0.7747658840 2 0.8613169149 0.7918424253 2
0 0.6300912921 0.3700582605 0.0299625468 0.0649188514 0.6207308428 0.3462112904 2 0.6356115789 0.3972309570 2
0 0.6673103933 0.3246982938 0.0220037453 0.0807324178 0.6647708264 0.2958257493 2 0.6641833492 0.3527457593 2
0 0.6851006554 0.3159592176 0.0182584270 0.0799001248 0.6811100199 0.2837665994 2 0.6875056477 0.3432007156 2
0 0.7010182584 0.3018102372 0.0201310861 0.0799001248 0.6987986546 0.3352535560 2 0.6999614960 0.2716848926 2
0 0.7232560861 0.2472950479 0.0187265918 0.0840615897 0.7160190639 0.2797615260 2 0.7265709412 0.2156006749 2
0 0.7403441011 0.2697669580 0.0238764045 0.0757386600 0.7330027866 0.2975492310 2 0.7409942930 0.2424353937 2
0 0.7555594569 0.2098418643 0.0318352060 0.0491052851 0.7415948521 0.2151494278 2 0.7689307098 0.2203902894 2
0 0.7792017790 0.2381398252 0.0257490637 0.0857261756 0.7805472229 0.2737444678 2 0.7752447872 0.2119173747 2
0 0.7953534644 0.2115064503 0.0234082397 0.0923845194 0.7929717593 0.2474862168 2 0.7921314247 0.1718934503 2
0 0.8129096442 0.2464627549 0.0201310861 0.0840615897 0.8149916451 0.2800167051 2 0.8168267542 0.2177589301 2
0 0.8297635768 0.2060965460 0.0220037453 0.0848938826 0.8283202302 0.2410809526 2 0.8261580719 0.1880909159 2
0 0.8702598315 0.1761339992 0.0196629213 0.0649188514 0.8612290961 0.1980577588 2 0.8772908430 0.1468281347 2
0 0.8325725655 0.2764253017 0.0304307116 0.0574282147 0.8209476340 0.2889473271 2 0.8441590385 0.2714885554 2
0 0.7871605805 0.3167915106 0.0276217228 0.0582605077 0.7749058977 0.3321329418 2 0.7954881905 0.2968977706 2
0 0.7621137640 0.2893258427 0.0337078652 0.0582605077 0.7532686006 0.3042904272 2 0.7726964457 0.2662289053 2
0 0.7564957865 0.3346858094 0.0318352060 0.0690803163 0.7440142587 0.3231619973 2 0.7653784413 0.3595788522 2
0 0.7244264981 0.3296920516 0.0304307116 0.0707449022 0.7104736126 0.3526681288 2 0.7342830931 0.3091961643 2
0 0.7487710674 0.3962754890 0.0360486891 0.0640865585 0.7345381309 0.4156382519 2 0.7604204368 0.3868283178 2
0 0.6818235019 0.3808780691 0.0191947566 0.0682480233 0.6811667085 0.3582361472 2 0.6853880650 0.4072369919 2
0 0.6946980337 0.3875364128 0.0196629213 0.0749063670 0.6898689714 0.4130753171 2 0.7009068800 0.3697110231 2
0 0.6808871723 0.4399708697 0.0220037453 0.0649188514 0.6818013049 0.4663037363 2 0.6775496660 0.4157039847 2
0 0.6619264981 0.3983562214 0.0262172285 0.0699126092 0.6640818731 0.4221925321 2 0.6568322837 0.3704137885 2
0 0.7064021536 0.4399708697 0.0243445693 0.0782355389 0.7105006244 0.4145215473 2 0.6996837768 0.4648736567 2
0 0.7375351124 0.4807532251 0.0257490637 0.0682480233 0.7460400556 0.5104230159 2 0.7282855266 0.4625257938 2
0 0.7188085206 0.5019766958 0.0341760300 0.0557636288 0.7295188653 0.4829355447 2 0.7082152474 0.5172016814 2
0 0.7550912921 0.4657719517 0.0262172285 0.0615896796 0.7488069823 0.4499203777 2 0.7628125591 0.4919495574 2
0 0.7776860955 0.4873387432 0.0187265918 0.0715771952 0.7781566829 0.4628978627 2 0.7777660409 0.5184558408 2
0 0.7904377341 0.4324802330 0.0323033708 0.0516021640 0.7775444571 0.4249439969 2 0.8058559916 0.4505087659 2
0 0.8187617041 0.4054307116 0.0252808989 0.0690803163 0.8187188243 0.4312174196 2 0.8102988230 0.3726823521 2
0 0.8143141386 0.3455056180 0.0341760300 0.0474406991 0.8070931811 0.3622939792 2 0.8270508442 0.3302270125 2
0 0.8405313670 0.3484186434 0.0238764045 0.0799001248 0.8340773247 0.3162260251 2 0.8321877074 0.3836708265 2
0 0.8534058989 0.3941947566 0.0234082397 0.0582605077 0.8453175934 0.4159425826 2 0.8626662348 0.3773157906 2
0 0.8707279963 0.2718476904 0.0196629213 0.0665834374 0.8654976931 0.2951949617 2 0.8711907708 0.2460972135 2
0 0.8648759363 0.3213691219 0.0285580524 0.0590928007 0.8758951002 0.3470588188 2 0.8543946472 0.3147603605 2
0 0.7213834270 0.7054723263 0.0224719101 0.0649188514 0.7149683580 0.7301255330 2 0.7267784660 0.6780560791 2
0 0.7291081461 0.5585726176 0.0220037453 0.0657511444 0.7291024530 0.5901340175 2 0.7222843868 0.5350578648 2
0 0.7548572097 0.5743861839 0.0220037453 0.0774032459 0.7631367617 0.6107897416 2 0.7514492971 0.5406962459 2
0 0.7784995318 0.5589887640 0.0215355805 0.0682480233 0.7740954517 0.5804917473 2 0.7871319940 0.5317116272 2
0 0.8124414794 0.5415106117 0.0220037453 0.0582605077 0.8115674406 0.5647658247 2 0.8092357013 0.5184136744 2
0 0.8417017790 0.4869954224 0.0196629213 0.0674157303 0.8405520196 0.4620132284 2 0.8406746630 0.5123787967 2
0 0.8496605805 0.5315230961 0.0205992509 0.0699126092 0.8445405656 0.5621426483 2 0.8493736252 0.5067461759 2
0 0.8243796816 0.6089263421 0.0196629213 0.0632542655 0.8235736266 0.5883502941 2 0.8261052293 0.6358114507 2
0 0.8550444757 0.5852059925 0.0294943820 0.0674157303 0.8668106137 0.5676369125 2 0.8431404319 0.6038303511 2
0 0.7459620787 0.6621930920 0.0220037453 0.0832292967 0.7498802183 0.6340426397 2 0.7383729335 0.6959531773 2
0 0.7527504682 0.6867457345 0.0234082397 0.0674157303 0.7589447184 0.6704848510 2 0.7469256623 0.7140914036 2
0 0.7831811798 0.6755097794 0.0168539326 0.0649188514 0.7831677344 0.6483034898 2 0.7835220377 0.7033123484 2
0 0.7822448502 0.7333541407 0.0234082397 0.0640865585 0.7875616700 0.7141654809 2 0.7795171695 0.7597639378 2
0 0.8030781835 0.7096337911 0.0173220974 0.0749063670 0.8061874821 0.6833293495 2 0.8008729335 0.7332346264 2
0 0.8248478464 0.6967332501 0.0215355805 0.0674157303 0.8322758290 0.6728412199 2 0.8216058507 0.7197182640 2
0 0.8239115169 0.7346025801 0.0205992509 0.0466084062 0.8315100798 0.7256215683 2 0.8163325769 0.7523023183 2
0 0.8541081461 0.6580316271 0.0191947566 0.0615896796 0.8551153666 0.6354075786 2 0.8529865189 0.6822173286 2
0 0.8800912921 0.6089263421 0.0243445693 0.0699126092 0.8758787780 0.5916109876 2 0.8827468101 0.6352498413 2
0 0.8941362360 0.6330628381 0.0262172285 0.0482729921 0.8899807737 0.6423396208 2 0.9020997615 0.6190774092 2
0 0.9074789326 0.5718893050 0.0276217228 0.0457761132 0.9197671683 0.5857198500 2 0.8993644496 0.5673620297 2
0 0.7895014045 0.5960258011 0.0341760300 0.0457761132 0.7744740414 0.5997891542 2 0.7996235150 0.5932750890 2
0 0.8225070225 0.0306387849 0.0224719101 0.0612775697 0.8175371488 0.0118003869 2 0.8274537390 0.0520354412 2
0 0.8433403558 0.0729296712 0.0266853933 0.0732417811 0.8362080772 0.0517111569 2 0.8457796135 0.1029803382 2
0 0.8784527154 0.1078859759 0.0173220974 0.0499375780 0.8832426832 0.1287880501 2 0.8725227390 0.0926107620 2
0 0.9023291199 0.1199542239 0.0285580524 0.0557636288 0.8912474835 0.1142588313 2 0.9101164022 0.1377040827 2
0 0.9215238764 0.1178734915 0.0145131086 0.0599250936 0.9192239639 0.1417931391 2 0.9224438414 0.1083056324 2
0 0.9105220037 0.2094257179 0.0271535581 0.0466084062 0.9230473198 0.2256180690 2 0.8985428598 0.2046653897 2
0 0.9042017790 0.2672700791 0.0173220974 0.0624219725 0.8983626497 0.2467628864 2 0.9084693767 0.2915807321 2
0 0.9198852996 0.2747607158 0.0140449438 0.0657511444 0.9184397273 0.2531598062 2 0.9199947248 0.3027070786 2
0 0.9285463483 0.2352267998 0.0173220974 0.0649188514 0.9223847121 0.2176785540 2 0.9308879899 0.2594600917 2
0 0.9386118914 0.1719725343 0.0121722846 0.0682480233 0.9353802673 0.1526414804 2 0.9410915144 0.1972278345 2
0 0.9505500936 0.2356429463 0.0191947566 0.0524344569 0.9421167983 0.2267263753 2 0.9577606491 0.2502981396 2
0 0.9561680712 0.1453391594 0.0220037453 0.0332917187 0.9475493269 0.1479684730 2 0.9654764652 0.1507679060 2
0 0.9549976592 0.1736371203 0.0280898876 0.0416146484 0.9460495340 0.1631957735 2 0.9634618727 0.1905171629 2
0 0.9725538390 0.2223262588 0.0173220974 0.0441115273 0.9784733376 0.2402191041 2 0.9681213237 0.2105451142 2
0 0.8878160112 0.2743445693 0.0173220974 0.0632542655 0.8845811621 0.2500861902 2 0.8835455065 0.3008205300 2
0 0.8887523408 0.3113816063 0.0182584270 0.0690803163 0.8949002288 0.2998577942 2 0.8829614209 0.3427537215 2
0 0.9020950375 0.3238660008 0.0140449438 0.0707449022 0.8993397544 0.3489012764 2 0.9047451500 0.3063445111 2
0 0.9135650749 0.3367665418 0.0201310861 0.0649188514 0.9136802386 0.3624695360 2 0.9120268235 0.3141793166 2
0 0.9484433521 0.2897419892 0.0159176030 0.0524344569 0.9509806781 0.3105020998 2 0.9457342647 0.2664110300 2
0 0.9372073970 0.3076362880 0.0177902622 0.0682480233 0.9319578948 0.3379682523 2 0.9353101486 0.2814627737 2
0 0.8716643258 0.4749271744 0.0271535581 0.0466084062 0.8604482966 0.4764978716 2 0.8818155073 0.4783067360 2
0 0.8866455993 0.5252808989 0.0177902622 0.0640865585 0.8878719730 0.5508616332 2 0.8857734076 0.5002887992 2
0 0.8964770599 0.4678526841 0.0224719101 0.0657511444 0.8974281673 0.4456138268 2 0.8956339393 0.4934599054 2
0 0.9037336142 0.5069704536 0.0173220974 0.0657511444 0.9000210614 0.5338535703 2 0.9046860540 0.4843062978 2
0 0.9180126404 0.5215355805 0.0159176030 0.0615896796 0.9206597399 0.4997082937 2 0.9127045723 0.5401439501 2
0 0.9259714419 0.4749271744 0.0140449438 0.0582605077 0.9247832694 0.4510765435 2 0.9248892575 0.4953560367 2
0 0.9266736891 0.5648148148 0.0257490637 0.0482729921 0.9162854498 0.5458914932 2 0.9353701952 0.5844790169 2
0 0.9421231273 0.5281939243 0.0210674157 0.0615896796 0.9471392436 0.5083585417 2 0.9343661576 0.5485950076 2
0 0.9629564607 0.4670203912 0.0149812734 0.0657511444 0.9621152782 0.4432929892 2 0.9615172022 0.4881619784 2
0 0.9444639513 0.4603620474 0.0154494382 0.0657511444 0.9493641771 0.4391864363 2 0.9394361158 0.4840554255 2
0 0.9594452247 0.5385975864 0.0201310861 0.0690803163 0.9622413770 0.5150092947 2 0.9561441940 0.5672887061 2
0 0.8983497191 0.3929463171 0.0215355805 0.0657511444 0.9064536975 0.4151511505 2 0.8942203797 0.3687936166 2
0 0.9271418539 0.4162505202 0.0332397004 0.0457761132 0.9135660137 0.4179412162 2 0.9402977389 0.4240111407 2
0 0.9702130150 0.4091760300 0.0304307116 0.0416146484 0.9569074142 0.4078866757 2 0.9842372154 0.4128664364 2
0 0.9311212547 0.3742197253 0.0290262172 0.0565959218 0.9213189256 0.3585551749 2 0.9418079489 0.3905871488 2
0 0.9428253745 0.3592384519 0.0168539326 0.0615896796 0.9429951373 0.3457771630 2 0.9437794496 0.3820298204 2
0 0.9526568352 0.3554931336 0.0168539326 0.0624219725 0.9520687827 0.3351878231 2 0.9511603128 0.3820244907 2
0 0.9697448502 0.2918227216 0.0182584270 0.0632542655 0.9657784406 0.2704283779 2 0.9685401889 0.3166620907 2
0 0.9880032772 0.2077611319 0.0163857678 0.0432792343 0.9874653116 0.1939627266 2 0.9936065678 0.2237766882 2
0 0.9929190075 0.3072201415 0.0093632959 0.0590928007 0.9903651019 0.2784420240 2 0.9947726948 0.3296608810 2
0 0.9791081461 0.4691011236 0.0154494382 0.0549313358 0.9772803956 0.4450144790 2 0.9814775263 0.4908498110 2
0 0.1602789938 0.0234063279 0.0279987087 0.0385167421 0.0000000000 0.0000000000 0 0.0000000000 0.0000000000 0
0 0.0614528956 0.5025467257 0.0141165203 0.0540110344 0.0628338596 0.4858196720 2 0.0605322530 0.5106429252 2
0 0.0570031229 0.3248458194 0.0251642319 0.0379168373 0.0636010618 0.3138472088 2 0.0542411950 0.3337603679 2
0 0.0490290151 0.1653253887 0.0177415507 0.0396387800 0.0550227823 0.1540797737 2 0.0432749987 0.1745384988 2
0 0.3335698035 0.0351208115 0.0226324647 0.0283012364 0.3264290691 0.0325634708 2 0.3385125036 0.0335864071 2
0 0.9677210418 0.3447228269 0.0225864326 0.0442999595 0.9614606719 0.3324323160 2 0.9701760888 0.3570918993 2
0 0.9794438913 0.3362512780 0.0202541379 0.0469186763 0.9764364587 0.3174139750 2 0.9839243521 0.3497114824 2
0 0.8677291250 0.4432624129 0.0115387210 0.0296787906 0.8674553873 0.4517034101 2 0.8690511678 0.4370822412 2
0 0.9797727142 0.5614235531 0.0128506367 0.0473960466 0.9798735246 0.5476054573 2 0.9799962769 0.5770660215 2
0 0.9653411782 0.5651509298 0.0115014043 0.0364246051 0.9674466265 0.5583553946 2 0.9649326583 0.5761207695 2
0 0.9904928304 0.6697741224 0.0098201881 0.0521015534 0.9901859496 0.6514103707 2 0.9897256282 0.6816892839 2
0 0.9528232028 0.6535926347 0.0151906034 0.0594666944 0.9498311142 0.6319554870 2 0.9548946487 0.6633255322 2
0 0.8760584858 0.6781772027 0.0215775617 0.0400650034 0.8688160971 0.6661338332 2 0.8791733267 0.6818188558 2
0 0.8470544069 0.7463865924 0.0233996669 0.0306880877 0.8395300714 0.7578707567 2 0.8493118993 0.7442316066 2
0 0.7756681608 0.8853834022 0.0170702488 0.0450091953 0.7735142407 0.8748130609 2 0.7785010549 0.9007274460 2
