0 0.3016089507 0.2973262588 0.0289435569 0.0437265918
0 0.4340506698 0.2757258789 0.0190296881 0.0550224576
0 0.4129228113 0.3133719569 0.0215502107 0.0642283084
0 0.4566500543 0.2935980849 0.0239631489 0.0612676349
0 0.4844920412 0.2635247607 0.0280898876 0.0732417811
0 0.4741950166 0.4041967217 0.0257490637 0.0649188514
0 0.5017313773 0.3735307457 0.0160684953 0.0672424678
0 0.3045967140 0.4455863167 0.0250408063 0.0561747140
0 0.3332187930 0.4032575022 0.0374531835 0.0399500624
0 0.3380456397 0.3603392119 0.0385269885 0.0297742187
0 0.3547585227 0.3120791246 0.0243844697 0.0480850168
0 0.3256480824 0.3130759478 0.0233013731 0.0637571145
0 0.2905184090 0.3313293515 0.0324766955 0.0440480038
0 0.3936180531 0.2398322164 0.0328396513 0.0433784965
0 0.3932578236 0.2904456424 0.0404374777 0.0482523960
0 0.3938239820 0.3553775702 0.0209457860 0.0410335802
0 0.4030109857 0.3951159725 0.0205584883 0.0662176080
0 0.3882841760 0.4324802330 0.0210674157 0.0349563046
0 0.4148264965 0.4646630648 0.0203139126 0.0732281487
0 0.4299849409 0.4705589196 0.0198985120 0.0513694222
0 0.4507286720 0.4726405138 0.0196629213 0.0607573866
0 0.4603026524 0.4644499691 0.0194558795 0.0543150085
0 0.4246654371 0.5240297781 0.0245415484 0.0515968012
0 0.4527535462 0.5430596765 0.0183971284 0.0389407721
0 0.5304154830 0.4770676278 0.0196377841 0.0504105081
0 0.5080878762 0.5201419729 0.0306992477 0.0452589835
0 0.5366979330 0.5801319590 0.0234432145 0.0591485980
0 0.5457617740 0.6612089369 0.0185616792 0.0514247187
0 0.5624175934 0.6078137872 0.0215355805 0.0649188514
0 0.6149639852 0.6653271169 0.0161657795 0.0433987965
0 0.4951304211 0.8154040404 0.0165573395 0.0714436027
0 0.4701917348 0.7962111754 0.0285580524 0.0599250936
0 0.4575056623 0.7524915365 0.0237274142 0.0505286185
0 0.4378924827 0.7757283530 0.0234811332 0.0555992551
0 0.4230525685 0.7353612358 0.0295705387 0.0362880371
0 0.3807469816 0.5023333539 0.0293100552 0.0470677296
0 0.7083096536 0.5499735082 0.0290958990 0.0535466835
0 0.4674040262 0.8432168123 0.0220037453 0.0590928007
0 0.5212113448 0.8745515178 0.0187265918 0.0507698710
0 0.5450469933 0.8199365082 0.0227966384 0.0543399466
0 0.2689960508 0.2058753457 0.0316926795 0.0517529583
0 0.2940884054 0.2307737049 0.0240979639 0.0623482106
0 0.2786304327 0.2630586859 0.0191947566 0.0499375780
0 0.3617321245 0.7291675566 0.0209472474 0.0631571821
0 0.6665220644 0.7124894781 0.0167428030 0.0425084175
0 0.6770538852 0.6113863864 0.0251891046 0.0514764765
0 0.6954866046 0.6781209472 0.0221640758 0.0704970586
0 0.0567394950 0.1612678372 0.0144144144 0.0388388388
0 0.0519437596 0.3815778482 0.0111639790 0.0418796760
0 0.0610508149 0.3991898148 0.0195650369 0.0527777778
0 0.0955357380 0.3854571350 0.0151785240 0.0422801744
0 0.0425534892 0.4914915856 0.0139311906 0.0379186267
0 0.1196402645 0.4472481771 0.0135603801 0.0393209858
0 0.0407552083 0.5674072774 0.0210937500 0.0260650749
0 0.0651293848 0.5362556563 0.0140120637 0.0366316830
0 0.0752176100 0.5488641356 0.0164975660 0.0279813801
0 0.0931203674 0.6169601393 0.0132346301 0.0340013817
0 0.1193530693 0.5284526145 0.0136889343 0.0552872555
0 0.0865809249 0.4413694651 0.0168539326 0.0466084062
0 0.1433177384 0.3927733914 0.0376888476 0.0377990350
0 0.1087243573 0.3836589798 0.0169262853 0.0454976970
0 0.1166238735 0.3406236995 0.0140178780 0.0456044528
0 0.1109742172 0.1742521368 0.0276011151 0.0225783476
0 0.0994962484 0.0850010122 0.0230795754 0.0274594820
0 0.1048076736 0.1135074291 0.0244526073 0.0378416279
0 0.1184505960 0.1221437730 0.0170813721 0.0560127543
0 0.1352345571 0.1303742554 0.0230186480 0.0461020461
0 0.1434112132 0.1551692142 0.0238764045 0.0532667499
0 0.1504564607 0.1632334582 0.0163857678 0.0607573866
0 0.1653953066 0.1111982418 0.0228552200 0.0382516646
0 0.1918252474 0.1377065731 0.0166997373 0.0425638196
0 0.1715666934 0.1456176347 0.0221106596 0.0457596801
0 0.1855821204 0.1923211516 0.0262172285 0.0432792343
0 0.1673103933 0.2081772784 0.0323033708 0.0474406991
0 0.1907184034 0.2300300300 0.0217163464 0.0460460460
0 0.2279444839 0.2785721801 0.0331025095 0.0437815657
0 0.1909527154 0.2656054931 0.0215355805 0.0657511444
0 0.1929014513 0.3364277199 0.0227556559 0.0598772930
0 0.1282106529 0.1893844815 0.0173220974 0.0516021640
0 0.1379539696 0.2228087462 0.0191371059 0.0235954705
0 0.1355549881 0.2609129095 0.0120339632 0.0407793998
0 0.0655960560 0.2159726737 0.0152042843 0.0333199179
0 0.0915452800 0.2744663840 0.0155580886 0.0404566213
0 0.1154068131 0.2704966202 0.0279279279 0.0283761289
0 0.1813952375 0.5648655758 0.0124116871 0.0467134748
0 0.2052317416 0.5573241781 0.0257490637 0.0665834374
0 0.1974755479 0.4675172363 0.0170231678 0.0559565183
0 0.2134851411 0.4692267360 0.0216566118 0.0624934977
0 0.2268783302 0.5212266883 0.0304307116 0.0391177695
0 0.2535834418 0.4848205120 0.0423826660 0.0421707877
0 0.2732472290 0.4398921393 0.0229400749 0.0690803163
0 0.2588511526 0.3729058588 0.0154532521 0.0562716157
0 0.2080586028 0.4195051793 0.0309820706 0.0554267751
0 0.2444274155 0.3429617820 0.0228568808 0.0474097693
0 0.2323198198 0.3634009009 0.0279279279 0.0724724725
0 0.2261486591 0.2364281010 0.0314266402 0.0460043502
0 0.6504351086 0.1965147732 0.0225532063 0.0534900069
0 0.6249414794 0.2231585518 0.0346441948 0.0507698710
0 0.4927189737 0.2046765348 0.0335014465 0.0391949101
0 0.2395690635 0.1726297556 0.0219832631 0.0600291303
0 0.3145165594 0.2568568569 0.0354939081 0.0352352352
0 0.2223197566 0.0949854349 0.0318352060 0.0491052851
0 0.2432730571 0.0631996463 0.0292544476 0.0504525593
0 0.1548964752 0.0773998899 0.0313670412 0.0357885976
0 0.1784937144 0.0681849242 0.0265801254 0.0392845974
0 0.2151839441 0.0695375774 0.0299180776 0.0373285217
0 0.2646886704 0.0791718685 0.0201310861 0.0507698710
0 0.2320124968 0.1105315207 0.0253215973 0.0448250057
0 0.2556924583 0.1165254488 0.0165506895 0.0479886647
0 0.2861902051 0.1434318934 0.0195204774 0.0392374623
0 0.2806306306 0.0555242743 0.0252252252 0.0525900901
0 0.3120005345 0.0522014098 0.0260205041 0.0636609542
0 0.3421342851 0.0341972974 0.0191947566 0.0674157303
0 0.3667485955 0.0263212651 0.0323033708 0.0399500624
0 0.3528157143 0.0776578018 0.0218780411 0.0541751372
0 0.3927317416 0.0408863920 0.0187265918 0.0474406991
0 0.4226942884 0.0621098627 0.0252808989 0.0782355389
0 0.4504111606 0.0437508163 0.0271354039 0.0602410005
0 0.4770014045 0.0413025385 0.0271535581 0.0599250936
0 0.5090783604 0.0756514819 0.0410357975 0.0447876894
0 0.4432625851 0.0926652504 0.0224049278 0.0589605054
0 0.5178919282 0.1531565218 0.0340499746 0.0890210762
0 0.2209546675 0.6168140962 0.0279411974 0.0400709988
0 0.3253009857 0.7491156887 0.0250737043 0.0517185725
0 0.3175205929 0.8100215384 0.0296357804 0.0372602940
0 0.3505969101 0.8111735331 0.0308988764 0.0599250936
0 0.3801374793 0.8410504685 0.0193178445 0.0601522837
0 0.2660180508 0.6950492463 0.0214538619 0.0501417476
0 0.6311711454 0.3411768459 0.0388054464 0.0627285683
0 0.6727533226 0.3492492492 0.0177816431 0.0436436436
0 0.6655421402 0.3653860145 0.0153882576 0.0424813380
0 0.7078335133 0.3365390305 0.0198412089 0.0662196783
0 0.7115172197 0.4952006606 0.0177207690 0.0526698398
0 0.6402455028 0.2856630180 0.0188566375 0.0646634888
0 0.6746625919 0.1815491436 0.0206243111 0.0521654613
0 0.2320423988 0.7872508057 0.0138273070 0.0594975563
0 0.2521316235 0.8124026081 0.0199642811 0.0565435238
0 0.2658980605 0.7619626926 0.0157631855 0.0697485807
0 0.2847047444 0.8353859683 0.0166990879 0.0491174353
0 0.3580863641 0.8608315585 0.0256241468 0.0429202164
0 0.7015392805 0.7882496789 0.0187265918 0.0640865585
0 0.7187159373 0.7509020001 0.0168903103 0.0464897482
0 0.7709137938 0.6880094361 0.0305823224 0.0367546968
0 0.8092494308 0.6514501031 0.0273485483 0.0268992051
0 0.2514514071 0.5396396396 0.0225476363 0.0588588589
0 0.3348628813 0.6275797104 0.0293746161 0.0603919260
0 0.2875285290 0.5548056780 0.0266238132 0.0647362870
0 0.3077683904 0.5200662812 0.0150266661 0.0567740032
0 0.0596808584 0.6185691382 0.0113788549 0.0449241645
0 0.0652291967 0.6451734175 0.0185873791 0.0491482002
0 0.0563150053 0.6838836027 0.0134961155 0.0450456074
0 0.1312572047 0.5990380014 0.0154281089 0.0602370547
0 0.1561534162 0.7079403339 0.0132882883 0.0558699149
0 0.1834075093 0.7633390895 0.0218330958 0.0456386633
0 0.1885741793 0.8798829101 0.0181907533 0.0330829330
0 0.3772841557 0.9316926108 0.0271884453 0.0382973599
0 0.2971260385 0.9559323107 0.0344641392 0.0305833402
0 0.3076799588 0.9769766958 0.0237166591 0.0386392010
0 0.4957978220 0.8871527778 0.0288825758 0.0471380471
0 0.5109490046 0.9342921046 0.0392999074 0.0404014810
0 0.4997208409 0.9811311311 0.0219547145 0.0377377377
0 0.4740405785 0.9752301459 0.0224719101 0.0495397082
0 0.4225165652 0.9603868267 0.0267574497 0.0792263466
0 0.3911490157 0.9800823028 0.0127521512 0.0350497098
0 0.2615872039 0.9223620221 0.0157610867 0.0457869048
0 0.1507986353 0.8743485551 0.0277442744 0.0278266046
0 0.6238819537 0.0898255920 0.0301786109 0.0295945581
0 0.6376364953 0.0626685674 0.0359882706 0.0324442420
0 0.6669808209 0.1031431066 0.0204711440 0.0682474445
0 0.6862185733 0.1116671315 0.0168539326 0.0624219725
0 0.6998400964 0.1615185410 0.0317387261 0.0361501951
0 0.7142975314 0.1102627909 0.0289499823 0.0241291854
0 0.7225538390 0.1361839367 0.0313670412 0.0482729921
0 0.7365427928 0.1766766767 0.0335585586 0.0280280280
0 0.7429617117 0.2170302325 0.0265765766 0.0482218173
0 0.7854815138 0.1871810012 0.0234082397 0.0424469413
0 0.7838125696 0.2222947667 0.0266853933 0.0607573866
0 0.8068773674 0.2478873969 0.0222537879 0.0668304251
0 0.8215706929 0.1940282980 0.0262172285 0.0624219725
0 0.8295733057 0.2320320320 0.0275651002 0.0392392392
0 0.8584735833 0.2456313486 0.0170181893 0.0557618554
0 0.8500561481 0.1052167336 0.0185813974 0.0490259923
0 0.7957563039 0.0411702749 0.0149812734 0.0457761132
0 0.8189040156 0.0408424804 0.0274381810 0.0258889051
0 0.8153470869 0.0779350779 0.0334950155 0.0309452309
0 0.8826059250 0.1809260367 0.0189097717 0.0335237450
0 0.8086488703 0.3264414983 0.0223640285 0.0576599327
0 0.8240029209 0.3120699242 0.0186228079 0.0484437142
0 0.8305750887 0.3417682055 0.0273002484 0.0486350863
0 0.8535472973 0.2993993994 0.0211711712 0.0252252252
0 0.5604237821 0.9100994787 0.0217200034 0.0714927342
0 0.5977779229 0.9856639310 0.0204716164 0.0286721380
0 0.6156971425 0.9356821310 0.0180138590 0.0317291724
0 0.6293417540 0.9159268819 0.0176678434 0.0522741843
0 0.6362617358 0.9674674675 0.0150891411 0.0488488488
0 0.7416103604 0.8851851852 0.0230855856 0.0404404404
0 0.6740616143 0.8714493988 0.0336335282 0.0259318307
0 0.7268584280 0.7806712963 0.0168087121 0.0340909091
0 0.7152207740 0.8429429429 0.0283422359 0.0272272272
0 0.7559403153 0.8173173173 0.0168355856 0.0528528529
0 0.7698253596 0.9459666323 0.0252167051 0.0317691233
0 0.7962197275 0.8579610509 0.0316596442 0.0348286489
0 0.7897073499 0.9121082730 0.0248703381 0.0282359064
0 0.8021135426 0.7987580277 0.0266287706 0.0395209817
0 0.7833337440 0.7391465117 0.0220216054 0.0659214518
0 0.8024845948 0.7323393618 0.0187920716 0.0604464015
0 0.8153942390 0.7417960596 0.0176349453 0.0391306035
0 0.7878769598 0.6662557384 0.0124436937 0.0377101821
0 0.8176948749 0.7025955665 0.0199132805 0.0517609983
0 0.7977302314 0.5991071363 0.0271444642 0.0318479063
0 0.7703379983 0.6191509801 0.0136394797 0.0603993385
0 0.7483558875 0.5850836792 0.0292568200 0.0432404314
0 0.7372864289 0.5136274792 0.0209226377 0.0598571538
0 0.6879563025 0.5195962817 0.0275783860 0.0414881173
0 0.7685881985 0.5218727154 0.0185668463 0.0489472619
0 0.7953550511 0.4997355118 0.0126426637 0.0461995704
0 0.7802584603 0.4430251419 0.0220940892 0.0462287105
0 0.7432681021 0.3258278885 0.0189647322 0.0463707167
0 0.6489525452 0.2474737364 0.0279946730 0.0440440440
0 0.6969893524 0.1937597710 0.0158185925 0.0419098874
0 0.7693837623 0.3827189549 0.0164126556 0.0479203923
0 0.8499414443 0.4136136136 0.0172342284 0.0516516517
0 0.8403524263 0.4407612158 0.0163851351 0.0402402402
0 0.8488175676 0.3510569558 0.0220720721 0.0486368391
0 0.8726639899 0.3485526028 0.0188640158 0.0458377373
0 0.8641330410 0.4292868711 0.0139636476 0.0535383698
0 0.8485155794 0.5422843565 0.0142957916 0.0563771637
0 0.8652768815 0.5254706954 0.0143786694 0.0461557063
0 0.8985277577 0.5225383643 0.0205120521 0.0456773291
0 0.8573370866 0.5781453328 0.0181620010 0.0417073323
0 0.8903671727 0.5770365050 0.0148821047 0.0386567286
0 0.8978581366 0.6111522667 0.0155449881 0.0435257547
0 0.9000162097 0.6518703673 0.0257927970 0.0405076096
0 0.8639232935 0.6265323101 0.0276582792 0.0340821341
0 0.8601539606 0.6558928779 0.0175675676 0.0393893894
0 0.8727167876 0.6487227703 0.0149812734 0.0524344569
0 0.8825143376 0.6730933901 0.0188463495 0.0640082513
0 0.9156445736 0.6535696408 0.0214206430 0.0358418114
0 0.9254539421 0.6175645549 0.0152071267 0.0399481335
0 0.8473568561 0.7401016815 0.0236941345 0.0262969018
0 0.8823330966 0.7720426616 0.0228338068 0.0298807777
0 0.8429343216 0.7879889046 0.0134525178 0.0618288287
0 0.8352925081 0.8538873143 0.0219825514 0.0515183723
0 0.8642400147 0.8133955123 0.0201086791 0.0197350635
0 0.8240590837 0.8352979384 0.0124674183 0.0449196387
0 0.8670477153 0.4646997850 0.0238354406 0.0355653949
0 0.8853451766 0.4189618883 0.0155990611 0.0529580142
0 0.9014631731 0.3922526459 0.0108123924 0.0605397532
0 0.9144857463 0.3814485834 0.0125300511 0.0571914611
0 0.0244079159 0.4917624312 0.0183678665 0.0414543703
0 0.9070732686 0.2667625491 0.0208759854 0.0566650921
0 0.9200521624 0.2730362385 0.0118385591 0.0473209164
0 0.9289385228 0.2394929526 0.0217400714 0.0279348541
0 0.9301561931 0.3261064696 0.0283137399 0.0265873136
0 0.9274142873 0.3566933574 0.0213213171 0.0326450313
0 0.9532162075 0.3710637604 0.0146261435 0.0458104172
0 0.9043240396 0.4627627628 0.0154510198 0.0452452452
0 0.9221876771 0.4484484484 0.0158113340 0.0450450450
0 0.9465026758 0.4819549320 0.0129064449 0.0478444479
0 0.9485223508 0.5182528034 0.0157931363 0.0369060071
0 0.9410287921 0.5498911833 0.0179424157 0.0583757915
0 0.9005040105 0.7748843583 0.0158173272 0.0624450293
0 0.9073245162 0.8331386671 0.0165933642 0.0439469746
0 0.8917248530 0.8803803804 0.0259046610 0.0332332332
0 0.8559722621 0.9756803767 0.0182584270 0.0486392466
0 0.8879777553 0.9330112783 0.0176050955 0.0344779439
0 0.9656363046 0.5749611972 0.0205291925 0.0402677959
0 0.9675866298 0.5439153026 0.0222856821 0.0286254146
0 0.9365872988 0.6414861259 0.0164650421 0.0505612818
0 0.9738738739 0.6749138198 0.0130630631 0.0373595477
0 0.9296603871 0.6901762616 0.0209720185 0.0304025733
0 0.9285246618 0.7311716087 0.0168399066 0.0433442883
0 0.9874365763 0.4977581514 0.0143160365 0.0473265400
0 0.9402917947 0.1586874831 0.0234082397 0.0307948398
0 0.9632139300 0.2409659003 0.0100456802 0.0338832846
0 0.9638711218 0.1927925116 0.0149379365 0.0482476859
0 0.9729804040 0.3530530531 0.0169896425 0.0356356356
0 0.6997632127 0.4023488330 0.0260838439 0.0353373967
0 0.6156564296 0.5728348499 0.0296246408 0.0496048851
0 0.1696129866 0.8928106458 0.0114051095 0.0400072566
0 0.1907519569 0.9463421835 0.0220468770 0.0502731891
0 0.2017128674 0.9167342525 0.0235435475 0.0283860503
0 0.2632671734 0.1811186186 0.0302083333 0.0333333333
0 0.2045396959 0.1750437938 0.0247043919 0.0399024024
0 0.2142355041 0.1353276353 0.0302083333 0.0379629630
0 0.2889358108 0.0913851351 0.0218750000 0.0486111111
0 0.4047772989 0.0872206258 0.0178879310 0.0605523627
0 0.3794270833 0.0671296296 0.0213541667 0.0555555556
0 0.1698561722 0.3003604120 0.0149375697 0.0583382351
0 0.1894061426 0.4496945399 0.0242697595 0.0294005346
0 0.2678358256 0.3103731763 0.0352327048 0.0324677331
0 0.4401578608 0.3660748377 0.0216924399 0.0706376480
0 0.7161074427 0.9255299333 0.0289593571 0.0304580148
0 0.7490282083 0.9362465558 0.0239573175 0.0312518704
0 0.7261329467 0.9461626575 0.0268470790 0.0393279878
0 0.8863026203 0.8289423444 0.0201890034 0.0431462390
0 0.8247604927 0.3903548744 0.0237226277 0.0445132844
0 0.7790216924 0.4107483772 0.0154639175 0.0481099656
0 0.7913713488 0.4031118748 0.0161082474 0.0465826651
0 0.7964185997 0.3708476518 0.0214776632 0.0355097365
0 0.7775799969 0.2871074330 0.0261463126 0.0355949438
0 0.7202870744 0.2687778360 0.0447572299 0.0408589754
0 0.7609804553 0.3257922871 0.0244845361 0.0614738450
0 0.7479583885 0.1400170789 0.0174841239 0.0476935699
0 0.7618915929 0.8996640446 0.0156710914 0.0596525729
0 0.7508421032 0.9656261350 0.0287211991 0.0293082906
0 0.6234393047 0.1537700093 0.0195868946 0.0696422919
0 0.5723161727 0.1459059523 0.0189566697 0.0414162098
0 0.7636824324 0.2018391757 0.0171171171 0.0539563826
0 0.8004150585 0.5187617094 0.0146558746 0.0395225771
0 0.8175411533 0.4436247908 0.0167879585 0.0580197836
0 0.8323637713 0.5036693662 0.0233643135 0.0434287996
0 0.7957419113 0.5640829001 0.0238314928 0.0309933590
0 0.1923303091 0.6039426523 0.0198252688 0.0657108722
0 0.4792382312 0.1048269579 0.0225530389 0.0482536267
0 0.8902858209 0.5487345409 0.0157115020 0.0288987633
0 0.8212056792 0.5550055458 0.0258900406 0.0292157265
0 0.8388756654 0.7094503595 0.0159909910 0.0636636637
0 0.8872768481 0.7288575397 0.0281490066 0.0266840484
0 0.4833333333 0.4770833333 0.0315104167 0.0439814815
0 0.8058558559 0.1459602460 0.0159909910 0.0572858573
0 0.1453828829 0.2018018018 0.0222972973 0.0344344344
0 0.8980186448 0.2113989902 0.0171090000 0.0505732009
0 0.8778716216 0.2071071071 0.0229729730 0.0248248248
0 0.9309121622 0.2929929930 0.0168918919 0.0388388388
0 0.9524789673 0.2684629885 0.0181336103 0.0254363853
0 0.9024774775 0.6878878879 0.0225225225 0.0432432432
0 0.7699887387 0.5601601602 0.0355855856 0.0300300300
0 0.7459459459 0.6138138138 0.0290540541 0.0304304304
0 0.7225799486 0.6718233859 0.0149490044 0.0497665279
0 0.8584104883 0.7188187856 0.0148648649 0.0320320320
0 0.8242278678 0.7766006063 0.0306399084 0.0352878447
0 0.7994369369 0.6789789790 0.0200450450 0.0508508509
0 0.7138513514 0.8891891892 0.0292792793 0.0296296296
0 0.6670448147 0.9519973098 0.0271793100 0.0286789631
0 0.4696965213 0.9169161863 0.0362612613 0.0460460460
0 0.2885715152 0.7234749348 0.0156565439 0.0549520323
0 0.1921923981 0.3797370254 0.0390804598 0.0342273308
0 0.4739921537 0.5596440596 0.0321969697 0.0278980279
0 0.2013952251 0.8837523655 0.0132299270 0.0337929170
0 0.3565427311 0.9409299811 0.0179440389 0.0400108137
0 0.4243651156 0.8511759935 0.0374087591 0.0297377670
0 0.4343255779 0.8971343606 0.0284367397 0.0421735604
0 0.2634770377 0.8488104893 0.0202250608 0.0473100838
0 0.6548828125 0.6162037037 0.0231770833 0.0287037037
0 0.5446614583 0.5057870370 0.0229166667 0.0375000000
0 0.5794921875 0.0497685185 0.0440104167 0.0319444444
0 0.5856770833 0.0831018519 0.0304687500 0.0375000000
0 0.5527343750 0.0671296296 0.0406250000 0.0407407407
0 0.5082682292 0.0310185185 0.0361979167 0.0518518519
0 0.5897253788 0.6808186027 0.0295928030 0.0399831650
0 0.1162405303 0.1548295455 0.0255681818 0.0227272727
0 0.8609730114 0.1952335859 0.0220170455 0.0399831650
0 0.8145714962 0.4937394781 0.0160984848 0.0513468013
0 0.8480304119 0.6403788846 0.0148467433 0.0608769689
0 0.3782216223 0.6243460739 0.0258187373 0.0900999558
0 0.8938714818 0.3750695383 0.0273037107 0.0516218305
0 0.8146074181 0.9632127310 0.0210741811 0.0438878185
0 0.9587146757 0.8815028902 0.0134473346 0.0396060801
0 0.9547005459 0.7887318918 0.0154543995 0.0317562264
0 0.9465719332 0.7220081353 0.0120423892 0.0410333262
0 0.5359264611 0.7867694284 0.0285003211 0.0406765147
0 0.4043633590 0.7514450867 0.0202713552 0.0513808606
0 0.6111683455 0.5064441731 0.0160256410 0.0505358839
0 0.5328525641 0.9821258988 0.0171703297 0.0325600326
0 0.6487522894 0.8878374712 0.0190781441 0.0332383666
0 0.6520909646 0.9395604396 0.0114468864 0.0369692036
0 0.6801358364 0.9863654864 0.0194597070 0.0227241894
0 0.6519955739 0.9833129833 0.0173611111 0.0227241894
0 0.7605502137 0.9883954009 0.0202228327 0.0213573464
0 0.7858287546 0.8929249763 0.0124007937 0.0210283544
0 0.8320932540 0.9877221544 0.0124007937 0.0179758513
0 0.7980387668 0.9775471442 0.0158348596 0.0369692036
0 0.9112675519 0.9259937593 0.0171703297 0.0267941935
0 0.8985805861 0.9746642247 0.0135454823 0.0250983584
0 0.9009653541 0.9012345679 0.0133547009 0.0234025234
0 0.9607753358 0.9427825261 0.0124007937 0.0288291955
0 0.9594398657 0.6907814408 0.0108745421 0.0393433727
0 0.9604891636 0.6432980600 0.0114468864 0.0366300366
0 0.9535256410 0.6159951160 0.0143086081 0.0349342016
0 0.9884386447 0.5803825804 0.0169795482 0.0291683625
0 0.9533348596 0.4223307557 0.0173611111 0.0295075295
0 0.9372138278 0.4272486772 0.0129731380 0.0386650387
0 0.9312042125 0.3977411477 0.0146901709 0.0312033645
0 0.9658310440 0.3868878036 0.0099206349 0.0312033645
0 0.9740346459 0.4053724054 0.0122100122 0.0315425315
0 0.9854815324 0.3151539818 0.0164072039 0.0335775336
0 0.9546703297 0.3256681590 0.0139270452 0.0261158594
0 0.9542887668 0.2985347985 0.0207951770 0.0254375254
0 0.7995650183 0.4652353819 0.0139270452 0.0362908696
0 0.7669413919 0.4710012210 0.0162164225 0.0423958757
0 0.6779418498 0.4218220052 0.0144993895 0.0613892281
0 0.9831921551 0.1696513363 0.0160256410 0.0474833808
0 0.8749236874 0.0763804097 0.0148809524 0.0328991996
0 0.7433798840 0.0884208384 0.0183150183 0.0373083706
0 0.7579746642 0.1075837743 0.0173611111 0.0396825397
0 0.7732371795 0.1372608873 0.0207951770 0.0495183829
0 0.7783882784 0.0667141500 0.0265186203 0.0488400488
0 0.7238247863 0.0534866368 0.0192689255 0.0386650387
0 0.7135225885 0.0772283272 0.0204136142 0.0339167006
0 0.6991185897 0.0634920635 0.0164072039 0.0362908696
0 0.6737446581 0.0534866368 0.0183150183 0.0468050468
0 0.6527586996 0.0295753629 0.0188873626 0.0328991996
0 0.6347298535 0.0263532764 0.0175518926 0.0325600326
0 0.6171779609 0.0273707774 0.0244200244 0.0271333605
0 0.6113591270 0.0765499932 0.0154532967 0.0373083706
0 0.7170520452 0.2152692986 0.0227029915 0.0386650387
0 0.5952380952 0.1525234025 0.0164072039 0.0474833808
0 0.5838865995 0.0175349342 0.0240384615 0.0230633564
0 0.6021062271 0.1950888618 0.0139270452 0.0444308778
0 0.5945703602 0.3412698413 0.0162164225 0.0593542260
0 0.5931394994 0.2627526794 0.0179334554 0.0413783747
0 0.6848099817 0.2890381224 0.0265186203 0.0301858635
0 0.6298649267 0.4365757699 0.0211767399 0.0447700448
0 0.4588293651 0.7009564510 0.0398733211 0.0291683625
0 0.3897664835 0.6880681047 0.0379655067 0.0373083706
