0 0.2967579588 0.2964003329 0.0234082397 0.0557636288
0 0.4388459738 0.2689346650 0.0210674157 0.0807324178
0 0.4177785581 0.3263628797 0.0323033708 0.0540990429
0 0.4534787836 0.3025952408 0.0266853933 0.0665834374
0 0.4844920412 0.2635247607 0.0280898876 0.0732417811
0 0.4762783500 0.4074374624 0.0257490637 0.0649188514
0 0.5036867978 0.3679775281 0.0308988764 0.0757386600
0 0.3114451248 0.4500724855 0.0418488785 0.0419391717
0 0.3277737173 0.4125167615 0.0374531835 0.0399500624
0 0.3351687294 0.3685381699 0.0392833277 0.0662944468
0 0.3431062734 0.3234498543 0.0252808989 0.0649188514
0 0.3164208801 0.3043071161 0.0234082397 0.0532667499
0 0.2808491244 0.3399452323 0.0316065946 0.0516701558
0 0.3449948927 0.2690481595 0.0351123596 0.0607573866
0 0.3909143519 0.2940479493 0.0393963675 0.0641959303
0 0.3927317416 0.3484186434 0.0224719101 0.0582605077
0 0.4046782028 0.4005728726 0.0238929224 0.0771314083
0 0.3882841760 0.4324802330 0.0210674157 0.0349563046
0 0.4091175094 0.4795047857 0.0196629213 0.0640865585
0 0.4325711478 0.4710697753 0.0198985120 0.0513694222
0 0.4507286720 0.4726405138 0.0196629213 0.0607573866
0 0.4669358614 0.4732625884 0.0182584270 0.0632542655
0 0.4246654371 0.5240297781 0.0245415484 0.0515968012
0 0.4648104997 0.5510450360 0.0433903643 0.0522659885
0 0.5331097807 0.4689707595 0.0327715356 0.0499375780
0 0.5593016916 0.5132033706 0.0388576779 0.0765709530
0 0.5366924157 0.5748023304 0.0379213483 0.0499375780
0 0.5434861253 0.6672530549 0.0234082397 0.0757386600
0 0.5624175934 0.6078137872 0.0215355805 0.0649188514
0 0.6036352041 0.6294268644 0.0365646259 0.0684327414
0 0.4933871723 0.8036828964 0.0205992509 0.0715771952
0 0.4688151108 0.8121867186 0.0381580668 0.0539697000
0 0.4505500936 0.7408447774 0.0332397004 0.0674157303
0 0.4425912921 0.7758010820 0.0360486891 0.0574282147
0 0.4188108267 0.7296305051 0.0490149831 0.0560244402
0 0.3724637098 0.4862770451 0.0457834020 0.0716325695
0 0.7083096536 0.5499735082 0.0290958990 0.0535466835
0 0.4674040262 0.8432168123 0.0220037453 0.0590928007
0 0.5125184207 0.8663055532 0.0271648632 0.0568459643
0 0.5476043704 0.8285283693 0.0205992509 0.0690803163
0 0.2597929471 0.2322639791 0.0224719101 0.0757386600
0 0.2965161526 0.2368362190 0.0361606655 0.0710440032
0 0.2729998021 0.2662618891 0.0191947566 0.0499375780
0 0.3586660795 0.7385858716 0.0234082397 0.0674157303
0 0.6625397078 0.7047549204 0.0191947566 0.0840615897
0 0.6726942884 0.6180815647 0.0290262172 0.0649188514
0 0.6997219957 0.6977445308 0.0318352060 0.0624219725
0 0.0544826779 0.1807116105 0.0201310861 0.0590928007
0 0.0493328652 0.3742197253 0.0163857678 0.0565959218
0 0.0625335118 0.3919219565 0.0173220974 0.0674157303
0 0.0789164815 0.3710340304 0.0351123596 0.0474406991
0 0.0544706118 0.4965367603 0.0154494382 0.0482729921
0 0.0399213049 0.5528023390 0.0159176030 0.0341240117
0 0.1231322153 0.4560032135 0.0323814028 0.0432143394
0 0.0422563742 0.5235771881 0.0262172285 0.0382854765
0 0.0451193820 0.5656471078 0.0294943820 0.0382854765
0 0.0590509045 0.5556638823 0.0159176030 0.0441115273
0 0.0688823651 0.5580298419 0.0149812734 0.0474406991
0 0.1023719847 0.5952884281 0.0235261859 0.0286830036
0 0.1207835003 0.5210422110 0.0168539326 0.0707449022
0 0.0865809249 0.4413694651 0.0168539326 0.0466084062
0 0.1424976592 0.3908655847 0.0360486891 0.0416146484
0 0.1078534644 0.3717228464 0.0304307116 0.0599250936
0 0.1123628447 0.3299697744 0.0354749872 0.0454817874
0 0.1104273239 0.1548063054 0.0313670412 0.0282979609
0 0.1073852996 0.0837494798 0.0388576779 0.0299625468
0 0.1113647004 0.1103828548 0.0337078652 0.0382854765
0 0.1209620787 0.1270287141 0.0210674157 0.0665834374
0 0.1396886704 0.1095505618 0.0313670412 0.0366208906
0 0.1368796816 0.1511652102 0.0238764045 0.0532667499
0 0.1504564607 0.1632334582 0.0163857678 0.0607573866
0 0.1691802163 0.1495501215 0.0215355805 0.0607573866
0 0.1890800562 0.1245318352 0.0290262172 0.0765709530
0 0.1776100187 0.1661464836 0.0369850187 0.0366208906
0 0.1843984082 0.1961090304 0.0262172285 0.0432792343
0 0.1684941054 0.2123860326 0.0323033708 0.0474406991
0 0.1952804939 0.2178381636 0.0308405274 0.0385450532
0 0.2227413709 0.2402190798 0.0288160751 0.0644902915
0 0.1909527154 0.2656054931 0.0215355805 0.0657511444
0 0.1961025281 0.3359342489 0.0205992509 0.0749063670
0 0.1289208801 0.1952767374 0.0173220974 0.0516021640
0 0.1503340994 0.2029092422 0.0280898876 0.0457761132
0 0.1420611966 0.2862750416 0.0240834111 0.0596634279
0 0.1490519663 0.3051394091 0.0238764045 0.0349563046
0 0.0694689286 0.2152769734 0.0229500294 0.0319285172
0 0.0943601609 0.2329784583 0.0266853933 0.0516021640
0 0.1050630958 0.2961591571 0.0252808989 0.0557636288
0 0.1834620787 0.5269454848 0.0215355805 0.0774032459
0 0.2052317416 0.5573241781 0.0257490637 0.0665834374
0 0.1975070225 0.4707657095 0.0196629213 0.0632542655
0 0.2134246255 0.4666042447 0.0215355805 0.0732417811
0 0.2268783302 0.5212266883 0.0304307116 0.0391177695
0 0.2589628247 0.4819849914 0.0361394866 0.0631309231
0 0.2646886704 0.4378901373 0.0229400749 0.0690803163
0 0.2454939139 0.3991885144 0.0191947566 0.0615896796
0 0.2153797455 0.4276094276 0.0280898876 0.0699126092
0 0.2415145131 0.3463379109 0.0215355805 0.0557636288
0 0.2253628277 0.3484186434 0.0266853933 0.0632542655
0 0.2358362051 0.2614225774 0.0252808989 0.0765709530
0 0.6562197393 0.1811459856 0.0372756210 0.0682115660
0 0.6249414794 0.2231585518 0.0346441948 0.0507698710
0 0.4994373019 0.1882993480 0.0266853933 0.0690803163
0 0.2428834575 0.1595826175 0.0219832631 0.0600291303
0 0.3168664882 0.2395899818 0.0269521934 0.0644543855
0 0.2223197566 0.0949854349 0.0318352060 0.0491052851
0 0.2432730571 0.0631996463 0.0292544476 0.0504525593
0 0.1548964752 0.0773998899 0.0313670412 0.0357885976
0 0.1808871723 0.0575322514 0.0313670412 0.0474406991
0 0.2155313670 0.0564814815 0.0351123596 0.0432792343
0 0.2646886704 0.0791718685 0.0201310861 0.0507698710
0 0.2371898408 0.1105909280 0.0271535581 0.0449438202
0 0.2567298689 0.1178734915 0.0276217228 0.0582605077
0 0.2846955704 0.1296737847 0.0276292080 0.0556825770
0 0.2824613764 0.0454301914 0.0350772472 0.0415470246
0 0.3111516105 0.0572102822 0.0314031743 0.0689855946
0 0.3473490169 0.0456928839 0.0191947566 0.0674157303
0 0.3667485955 0.0263212651 0.0323033708 0.0399500624
0 0.3615987828 0.0949854349 0.0379213483 0.0407823554
0 0.3927317416 0.0408863920 0.0187265918 0.0474406991
0 0.4226942884 0.0621098627 0.0252808989 0.0782355389
0 0.4461025281 0.0442155639 0.0224719101 0.0557636288
0 0.4770014045 0.0413025385 0.0271535581 0.0599250936
0 0.5044592697 0.0719101124 0.0482209738 0.0565959218
0 0.4465443586 0.0802798585 0.0313670412 0.0582605077
0 0.5103600022 0.1496938403 0.0285580524 0.0657511444
0 0.5312851124 0.1066115273 0.0571161049 0.0549313358
0 0.2319272402 0.6465280727 0.0366287670 0.0513501165
0 0.3306999064 0.7462546816 0.0313670412 0.0516021640
0 0.3140800562 0.7945327134 0.0365168539 0.0632542655
0 0.3505969101 0.8111735331 0.0308988764 0.0599250936
0 0.3814378692 0.8167722048 0.0294943820 0.0632542655
0 0.2861004637 0.7266286381 0.0338596787 0.0752570336
0 0.6203336524 0.3204186055 0.0229400749 0.0632542655
0 0.6815575814 0.3037349970 0.0298772614 0.0718008020
0 0.6726942884 0.3829588015 0.0290262172 0.0757386600
0 0.7092425142 0.3422064773 0.0341760300 0.0640865585
0 0.7124882959 0.4924053267 0.0196629213 0.0582605077
0 0.6417954120 0.2918227216 0.0215355805 0.0732417811
0 0.6550742833 0.3420457762 0.0211312256 0.0530810730
0 0.2347261236 0.7828755722 0.0191947566 0.0682480233
0 0.2527504682 0.8007698710 0.0187265918 0.0657511444
0 0.2681999064 0.7599875156 0.0234082397 0.1040366209
0 0.2921289387 0.8287738351 0.0454119850 0.0724094881
0 0.2827130150 0.8178318768 0.0215355805 0.0799001248
0 0.3688553371 0.8677694548 0.0337078652 0.0532667499
0 0.7015392805 0.7882496789 0.0187265918 0.0640865585
0 0.7164676966 0.7737203496 0.0163857678 0.0682480233
0 0.7668083199 0.6931443782 0.0305405571 0.0555858945
0 0.7955210219 0.6365517734 0.0227183929 0.0371083993
0 0.2570223211 0.5588144759 0.0336894644 0.0858838394
0 0.3219547063 0.5948017879 0.0411985019 0.0507698710
0 0.2781935053 0.5509892059 0.0441821475 0.0686974186
0 0.3073114499 0.5099523453 0.0183055751 0.0592675990
0 0.3264092002 0.5056533714 0.0238764045 0.0499375780
0 0.0513768630 0.6079567637 0.0145131086 0.0649188514
0 0.0668673260 0.6330628381 0.0224719101 0.0782355389
0 0.0584620787 0.6879941739 0.0177902622 0.0532667499
0 0.1318095052 0.5848241674 0.0280898876 0.0599250936
0 0.0778981573 0.6717859119 0.0168539326 0.0391177695
0 0.1593515918 0.7137952559 0.0294943820 0.0632542655
0 0.1766736891 0.7920307948 0.0238764045 0.0749063670
0 0.1900456735 0.8747878316 0.0426029963 0.0432792343
0 0.3871137640 0.9156263005 0.0449438202 0.0624219725
0 0.2996921060 0.9614129441 0.0472846442 0.0366208906
0 0.3178253745 0.9722222222 0.0440074906 0.0291302538
0 0.4957279963 0.8856637536 0.0393258427 0.0540990429
0 0.5114115169 0.9272784020 0.0435393258 0.0457761132
0 0.4841355975 0.9417394923 0.0463483146 0.0482729921
0 0.4696384491 0.9753825710 0.0224719101 0.0492348579
0 0.4179628145 0.9489423946 0.0318352060 0.0457761132
0 0.3943703184 0.9697253433 0.0191947566 0.0557636288
0 0.2625819288 0.9401789430 0.0187265918 0.0565959218
0 0.1340706929 0.8598626717 0.0276217228 0.0407823554
0 0.6212815511 0.0746981160 0.0341760300 0.0582605077
0 0.6357092697 0.0604452767 0.0159176030 0.0649188514
0 0.6616999140 0.0692850820 0.0224174487 0.0657806114
0 0.6783820925 0.0873297022 0.0151449351 0.0529863532
0 0.7237078449 0.1014029308 0.0252480867 0.0369714880
0 0.7225538390 0.1361839367 0.0313670412 0.0482729921
0 0.7473707450 0.2148005424 0.0270953757 0.0363947763
0 0.7876123956 0.1907157639 0.0266939627 0.0588739028
0 0.7820107678 0.2214939659 0.0266853933 0.0607573866
0 0.8161140135 0.2571481578 0.0287036210 0.0593616121
0 0.8215706929 0.1940282980 0.0262172285 0.0624219725
0 0.8356728657 0.2224759494 0.0243445693 0.0615896796
0 0.8573852996 0.2406367041 0.0191947566 0.0657511444
0 0.8517673221 0.1241156887 0.0220037453 0.0724094881
0 0.7957563039 0.0411702749 0.0149812734 0.0457761132
0 0.8276568352 0.0338119018 0.0449438202 0.0399500624
0 0.8109784644 0.0830944737 0.0355685814 0.0454512642
0 0.8717617285 0.1862315090 0.0337078652 0.0341240117
0 0.8810412653 0.2073075002 0.0274967887 0.0438878185
0 0.8086961610 0.3180399501 0.0191947566 0.0724094881
0 0.8239819527 0.3062360838 0.0264884141 0.0568672750
0 0.8308435125 0.3485819684 0.0286587655 0.0367973848
0 0.8552147174 0.2926644724 0.0224719101 0.0482729921
0 0.5631144337 0.9201858954 0.0355805243 0.0607573866
0 0.5769709377 0.9719950054 0.0240847784 0.0528888905
0 0.6058403671 0.9744930871 0.0344569063 0.0428989694
0 0.6094920412 0.8939866833 0.0177902622 0.0607573866
0 0.6295565745 0.9113954779 0.0205992509 0.0848938826
0 0.6590564810 0.9497366192 0.0457678987 0.0422951195
0 0.6605617504 0.9230605088 0.0178697555 0.0492181417
0 0.7349282096 0.8742461474 0.0353218082 0.0548331887
0 0.6979164323 0.9328829010 0.0238443994 0.0595858262
0 0.6719451682 0.8697281096 0.0296244357 0.0424605723
0 0.7371568000 0.7646638696 0.0221834502 0.0597276082
0 0.7321266179 0.8244011450 0.0243160858 0.0594081329
0 0.7548572097 0.8045151893 0.0210674157 0.0699126092
0 0.7709356698 0.9360506270 0.0194323544 0.0537896862
0 0.7468984082 0.7079692052 0.0266853933 0.0749063670
0 0.7965238764 0.8598626717 0.0313670412 0.0474406991
0 0.7943323026 0.8876618213 0.0251112345 0.0564305923
0 0.8016736891 0.8103412401 0.0257490637 0.0482729921
0 0.7831359349 0.7401328361 0.0184132952 0.0570588063
0 0.8049109423 0.7396388983 0.0149812734 0.0582605077
0 0.8315264137 0.7602305866 0.0305887910 0.0322002727
0 0.8179190751 0.6920359666 0.0260918433 0.0374652109
0 0.8333734746 0.6702704631 0.0180635838 0.0431741954
0 0.8033793432 0.6135261174 0.0230582693 0.0460060635
0 0.7761587079 0.6205784436 0.0252808989 0.0632542655
0 0.7468505277 0.6155232096 0.0248127341 0.0457761132
0 0.7472867978 0.5861965454 0.0218441949 0.0338074918
0 0.7341518275 0.5241476573 0.0224237053 0.0538955081
0 0.7619156381 0.5694712053 0.0307207468 0.0360379647
0 0.7687921596 0.5254960883 0.0189747687 0.0561940077
0 0.7937732882 0.5143650584 0.0187443928 0.0560618802
0 0.7868360111 0.4574960290 0.0176092881 0.0515081501
0 0.7431530899 0.3292759051 0.0191947566 0.0532667499
0 0.6773241811 0.1978519946 0.0196692357 0.0581602797
0 0.6995596973 0.2004036982 0.0209592823 0.0551977417
0 0.7693703184 0.3733874324 0.0163857678 0.0665834374
0 0.8368812472 0.4055803056 0.0279590625 0.0406912407
0 0.8107939949 0.4460144152 0.0162572254 0.0485263684
0 0.8254455684 0.4406622422 0.0138487476 0.0492399914
0 0.8391220462 0.4383406052 0.0126404494 0.0574282147
0 0.8545606941 0.3437298792 0.0182896605 0.0572059091
0 0.8715834838 0.3495185013 0.0210250280 0.0477695342
0 0.8841695747 0.2656046948 0.0212401697 0.0446844233
0 0.8660354673 0.4259609055 0.0177685002 0.0468864385
0 0.8487742584 0.5433549064 0.0223718951 0.0512427465
0 0.8692999358 0.5332548348 0.0180635838 0.0474559338
0 0.9054718289 0.5422192668 0.0123281225 0.0567659746
0 0.8580769067 0.5915853289 0.0215355805 0.0474406991
0 0.8854976822 0.5877121926 0.0219587555 0.0407637130
0 0.8997611596 0.6093064091 0.0157474304 0.0562747862
0 0.9048324822 0.6572190791 0.0176471742 0.0498980882
0 0.8647277180 0.6363492126 0.0241728412 0.0466940008
0 0.8464027647 0.6641243845 0.0168926080 0.0504709912
0 0.8637805074 0.6695568401 0.0162572254 0.0342539071
0 0.8833608846 0.6756226361 0.0180405943 0.0446014415
0 0.9222261236 0.6551186017 0.0149812734 0.0640865585
0 0.9259907477 0.5974715883 0.0163857678 0.0649188514
0 0.8558174919 0.7316089062 0.0238764045 0.0466084062
0 0.8805147490 0.7580461000 0.0160070189 0.0556625990
0 0.8414676966 0.7903662089 0.0163857678 0.0665834374
0 0.8637805074 0.8208449297 0.0218770071 0.0470991222
0 0.8249973051 0.8368229702 0.0143438612 0.0479697023
0 0.8735147720 0.4772354242 0.0289017341 0.0463854992
0 0.8852411049 0.4320640866 0.0205992509 0.0707449022
0 0.8964451396 0.4084619604 0.0159176030 0.0699126092
0 0.9123514772 0.3995011254 0.0154543995 0.0405752844
0 0.0929779056 0.9328628193 0.0191947566 0.0615896796
0 0.0278165904 0.4730437898 0.0215355805 0.0615896796
0 0.9041225112 0.2734960394 0.0182642903 0.0453150646
0 0.9192116362 0.2716942414 0.0135196115 0.0446369222
0 0.9354327232 0.2640405338 0.0150529865 0.0485263684
0 0.9302407610 0.3279097980 0.0226270200 0.0363947763
0 0.9277055234 0.3645721830 0.0164579319 0.0290801399
0 0.9545668537 0.3605580532 0.0173274359 0.0392492685
0 0.9408200574 0.5593020766 0.0175249462 0.0603011489
0 0.8985838015 0.7820432792 0.0201310861 0.0699126092
0 0.9088742457 0.8281340703 0.0196928232 0.0539561681
0 0.8842179081 0.8766406697 0.0311788274 0.0411238558
0 0.8571006767 0.9747380169 0.0182584270 0.0491052851
0 0.9036165730 0.9706096546 0.0210674157 0.0349563046
0 0.9670758282 0.5743861839 0.0234082397 0.0391177695
0 0.9683461628 0.5519486520 0.0210790296 0.0273969115
0 0.9362034972 0.6443459850 0.0220037453 0.0482729921
0 0.9699689234 0.6783275418 0.0203007242 0.0441869917
0 0.9325740135 0.7039064142 0.0177902622 0.0565959218
0 0.9355471012 0.7388412680 0.0220037453 0.0266333749
0 0.9889396067 0.5028089888 0.0173220974 0.0574282147
0 0.9262875532 0.1697993249 0.0234082397 0.0307948398
0 0.9639140705 0.2411095979 0.0140449438 0.0532667499
0 0.9643609551 0.1857053683 0.0159176030 0.0624219725
0 0.6466716612 0.4490986307 0.0171755725 0.0633305061
0 0.6176049618 0.5611393837 0.0283078880 0.0672886627
0 0.6313613232 0.5417726887 0.0203562341 0.0520214871
0 0.1720120614 0.9008284600 0.0167214912 0.0560428850
0 0.1892817982 0.9422514620 0.0254934211 0.0550682261
0 0.2097039474 0.9305555556 0.0334429825 0.0472709552
0 0.2648437500 0.1847222222 0.0302083333 0.0333333333
0 0.2097656250 0.1706018519 0.0351562500 0.0310185185
0 0.2101562500 0.1296296296 0.0302083333 0.0379629630
0 0.2864583333 0.0821759259 0.0218750000 0.0486111111
0 0.4049479167 0.0907407407 0.0182291667 0.0675925926
0 0.3794270833 0.0671296296 0.0213541667 0.0555555556
0 0.1177781357 0.2365406644 0.0126718213 0.0462008400
0 0.1680895619 0.2998281787 0.0184707904 0.0572737686
0 0.1894061426 0.4496945399 0.0242697595 0.0294005346
0 0.2450869845 0.3029782360 0.0253436426 0.0496372661
0 0.4401578608 0.3660748377 0.0216924399 0.0706376480
0 0.7019107258 0.8931778003 0.0347222222 0.0440875593
0 0.7193891688 0.9833091290 0.0327491147 0.0284180154
0 0.7258014448 0.9455194771 0.0275100829 0.0406143485
0 0.8863026203 0.8289423444 0.0201890034 0.0431462390
0 0.8260577749 0.3882206949 0.0352233677 0.0267277587
0 0.7790216924 0.4107483772 0.0154639175 0.0481099656
0 0.7913111627 0.4059690339 0.0162286196 0.0408683468
0 0.7964185997 0.3708476518 0.0214776632 0.0355097365
0 0.7780253483 0.3134647151 0.0211811596 0.0570782768
0 0.7281016644 0.2510227573 0.0282970988 0.0445897527
0 0.7609804553 0.3257922871 0.0244845361 0.0614738450
0 0.7505318722 0.1369404956 0.0245865446 0.0415404032
0 0.7618526061 0.8987738708 0.0155931179 0.0578722255
0 0.7594655068 0.9582215965 0.0344764012 0.0429367421
0 0.6235700949 0.1611713116 0.0193980246 0.0580184700
0 0.5725605413 0.1489395378 0.0313390313 0.0474833808
0 0.7643310906 0.2467745595 0.0270940808 0.0463067291
0 0.8034834229 0.5289897860 0.0180331541 0.0503438052
0 0.8167370235 0.4933653419 0.0188220352 0.0548021786
0 0.8345777136 0.5013202027 0.0297045601 0.0363947763
0 0.7963065474 0.5666109580 0.0249607651 0.0360494748
0 0.1923303091 0.6039426523 0.0198252688 0.0657108722
0 0.4901061395 0.0971520763 0.0407986111 0.0334362140
0 0.8890348679 0.5448400074 0.0173921506 0.0357035577
0 0.8210380354 0.5567854441 0.0241868492 0.0372790275
0 0.8359837887 0.7297796583 0.0152514335 0.0451584032
0 0.9081101827 0.7290136374 0.0271317829 0.0390467987
0 0.4839092141 0.4772658838 0.0335365854 0.0608250527
0 0.8106930272 0.1315192744 0.0293367347 0.0861678005
0 0.2127722538 0.8930450337 0.0210700758 0.0404040404
0 0.4998816288 0.9772201178 0.0312500000 0.0420875421
0 0.9518229167 0.6114793771 0.0160984848 0.0500841751
0 0.9044744318 0.4578598485 0.0160984848 0.0500841751
0 0.7162829995 0.3985164141 0.0248579545 0.0736531987
0 0.6373825572 0.9625998548 0.0212418301 0.0628177197
0 0.9071127291 0.2288294112 0.0219177659 0.0480391834
0 0.7733907186 0.4829230428 0.0251996008 0.0678642715
0 0.5910731538 0.0895745828 0.0269388906 0.0691764105
0 0.3684691970 0.6369325862 0.0212516192 0.0862384546
0 0.8918244875 0.3759355344 0.0235925151 0.0450274236
0 0.5520364175 0.0679183590 0.0389945061 0.0496506624
0 0.5568338903 0.0231901927 0.0271325254 0.0389595237
0 0.6777255941 0.9826589595 0.0260918433 0.0235495611
0 0.8106936416 0.9546492543 0.0238840719 0.0396060801
0 0.8845536288 0.9307428816 0.0164579319 0.0353243417
0 0.9154624277 0.9330621566 0.0168593449 0.0271176764
0 0.8341763006 0.9112966531 0.0128452152 0.0388924570
0 0.8397960822 0.8567044887 0.0216763006 0.0396060801
0 0.8207289660 0.7346749447 0.0140494541 0.0381788339
0 0.9562058446 0.7357453793 0.0148522800 0.0303289802
0 0.9568079640 0.8806108613 0.0128452152 0.0388924570
0 0.9546001927 0.7908727610 0.0140494541 0.0242631842
0 0.9690510597 0.8502818811 0.0120423892 0.0239063727
0 0.9014129737 0.6913223435 0.0268946692 0.0353243417
0 0.9881181760 0.5826732320 0.0188664098 0.0342539071
0 0.9706567116 0.5198744023 0.0128452152 0.0317562264
0 0.9276051702 0.4633197745 0.0126445087 0.0349675302
0 0.9460701670 0.4813387569 0.0130459216 0.0438878185
0 0.9521917148 0.5057803468 0.0156551060 0.0371083993
0 0.9712588311 0.4001641333 0.0152536930 0.0421037608
0 0.7999558446 0.4786626704 0.0126445087 0.0403197031
0 0.9293111753 0.3971312353 0.0120423892 0.0367515878
0 0.9870142903 0.3155998002 0.0150529865 0.0317562264
0 0.9624277457 0.2977592236 0.0168593449 0.0431741954
0 0.7670399807 0.0522728895 0.0262925498 0.0353243417
0 0.7218810212 0.0513808606 0.0174614644 0.0299721687
0 0.6976958895 0.0749304218 0.0184649968 0.0478127453
0 0.7167630058 0.0754656390 0.0228805395 0.0296153572
0 0.7443601477 0.0927709984 0.0174614644 0.0349675302
0 0.7594131342 0.1022265040 0.0162572254 0.0388924570
0 0.7762724791 0.1289873689 0.0198699422 0.0545921644
0 0.7489763969 0.1794762007 0.0335179833 0.0299721687
0 0.6854527938 0.1241704132 0.0186657033 0.0406765147
0 0.6662853243 0.1216727325 0.0220777136 0.0421037608
0 0.7080322736 0.1698422893 0.0317116249 0.0356811532
0 0.5970415864 0.3450367516 0.0196692357 0.0528081068
0 0.6020592486 0.4340612289 0.0218770071 0.0385356455
0 0.6001525369 0.2376364804 0.0142501606 0.0485263684
0 0.5878090880 0.1971383715 0.0256904303 0.0446014415
0 0.6216281310 0.1300578035 0.0313102119 0.0367515878
0 0.6035645472 0.0437094127 0.0317116249 0.0338970956
0 0.6523362235 0.0313994148 0.0208734746 0.0356811532
0 0.6898683365 0.5191607793 0.0280989082 0.0413901377
0 0.4165061015 0.8012202954 0.0317116249 0.0467423107
0 0.4181117534 0.8568828945 0.0345215157 0.0381788339
0 0.4333654464 0.9004139014 0.0309087990 0.0346107186
0 0.4479166667 0.9302076643 0.0222784200 0.0421037608
