0 0.2967579588 0.2964003329 0.0234082397 0.0557636288
0 0.4388459738 0.2689346650 0.0210674157 0.0807324178
0 0.4238679973 0.3199096786 0.0359695627 0.0516256088
0 0.4636587079 0.3068039950 0.0266853933 0.0665834374
0 0.4844920412 0.2635247607 0.0280898876 0.0732417811
0 0.4744264981 0.4008531003 0.0257490637 0.0649188514
0 0.5066188965 0.3613931659 0.0308988764 0.0757386600
0 0.3124414794 0.4349771119 0.0407303371 0.0349563046
0 0.3122073970 0.3950270495 0.0374531835 0.0399500624
0 0.3400632022 0.3721389929 0.0294943820 0.0590928007
0 0.3431062734 0.3234498543 0.0252808989 0.0649188514
0 0.3164208801 0.3043071161 0.0234082397 0.0532667499
0 0.2784460198 0.3426947547 0.0375602077 0.0334960429
0 0.3620669476 0.2597794424 0.0351123596 0.0607573866
0 0.3810276217 0.3022263837 0.0224719101 0.0491052851
0 0.3906777510 0.3484186434 0.0224719101 0.0582605077
0 0.4024478095 0.3983093316 0.0182584270 0.0482729921
0 0.3882841760 0.4324802330 0.0210674157 0.0349563046
0 0.4091175094 0.4795047857 0.0196629213 0.0640865585
0 0.4266736891 0.4682688306 0.0201310861 0.0549313358
0 0.4475070225 0.4703495630 0.0196629213 0.0607573866
0 0.4669358614 0.4732625884 0.0182584270 0.0632542655
0 0.4219920412 0.5186225551 0.0191947566 0.0407823554
0 0.4542954120 0.5402621723 0.0323033708 0.0391177695
0 0.5126426169 0.4289137035 0.0327715356 0.0499375780
0 0.5314865551 0.4862979374 0.0388576779 0.0765709530
0 0.5366924157 0.5748023304 0.0379213483 0.0499375780
0 0.5430126404 0.6243237620 0.0234082397 0.0757386600
0 0.5598665730 0.6297336663 0.0215355805 0.0649188514
0 0.5947646318 0.6138263204 0.0191947566 0.0707449022
0 0.4933871723 0.8036828964 0.0205992509 0.0715771952
0 0.4720856742 0.7945276737 0.0285580524 0.0599250936
0 0.4505500936 0.7408447774 0.0332397004 0.0674157303
0 0.4425912921 0.7758010820 0.0360486891 0.0574282147
0 0.4070107678 0.7400124844 0.0332397004 0.0640865585
0 0.3641736891 0.4795047857 0.0337078652 0.0607573866
0 0.7056999064 0.5519142738 0.0238764045 0.0574282147
0 0.4674040262 0.8432168123 0.0220037453 0.0590928007
0 0.5144545880 0.8565334998 0.0187265918 0.0507698710
0 0.5547167603 0.8224094881 0.0205992509 0.0690803163
0 0.2583684457 0.2506242197 0.0224719101 0.0757386600
0 0.2848197566 0.2631086142 0.0444756554 0.0391177695
0 0.2717111423 0.3059717020 0.0191947566 0.0499375780
0 0.3632373596 0.7391801914 0.0234082397 0.0674157303
0 0.6654901068 0.6939344513 0.0174268428 0.0651473047
0 0.6657549232 0.6133056855 0.0429049476 0.0553670931
0 0.7021467899 0.6977038154 0.0318352060 0.0624219725
0 0.0544826779 0.1807116105 0.0201310861 0.0590928007
0 0.0493328652 0.3742197253 0.0163857678 0.0565959218
0 0.0643141386 0.3463379109 0.0173220974 0.0674157303
0 0.0825725655 0.3613191844 0.0351123596 0.0474406991
0 0.0455875468 0.4973990845 0.0154494382 0.0482729921
0 0.0273291199 0.5440074906 0.0191947566 0.0499375780
0 0.0785931648 0.4703495630 0.0318352060 0.0424469413
0 0.0711025281 0.5115480649 0.0262172285 0.0382854765
0 0.0825725655 0.6034244984 0.0294943820 0.0382854765
0 0.0397354869 0.5519142738 0.0159176030 0.0441115273
0 0.0722729401 0.5608752006 0.0294943820 0.0457761132
0 0.1131900662 0.5754127728 0.0215355805 0.0457761132
0 0.1240051498 0.5294423637 0.0168539326 0.0707449022
0 0.0991966334 0.4178063832 0.0168539326 0.0466084062
0 0.1424976592 0.3908655847 0.0360486891 0.0416146484
0 0.1078534644 0.3717228464 0.0304307116 0.0599250936
0 0.1139396067 0.3255305868 0.0388576779 0.0357885976
0 0.0956811798 0.1461714524 0.0313670412 0.0282979609
0 0.1073852996 0.0837494798 0.0388576779 0.0299625468
0 0.1113647004 0.1103828548 0.0337078652 0.0382854765
0 0.1209620787 0.1270287141 0.0210674157 0.0665834374
0 0.1396886704 0.1095505618 0.0313670412 0.0366208906
0 0.1368796816 0.1511652102 0.0238764045 0.0532667499
0 0.1504564607 0.1632334582 0.0163857678 0.0607573866
0 0.1647354869 0.1224511028 0.0215355805 0.0607573866
0 0.1869733146 0.1191219309 0.0248127341 0.0657511444
0 0.1776100187 0.1661464836 0.0369850187 0.0366208906
0 0.1843984082 0.1961090304 0.0262172285 0.0432792343
0 0.1673103933 0.2081772784 0.0323033708 0.0474406991
0 0.1937617041 0.2264877237 0.0318352060 0.0391177695
0 0.2298504614 0.2255916966 0.0220037453 0.0582605077
0 0.2181062734 0.2597794424 0.0234082397 0.0674157303
0 0.1909527154 0.2656054931 0.0215355805 0.0657511444
0 0.1961025281 0.3359342489 0.0205992509 0.0749063670
0 0.1289208801 0.1952767374 0.0173220974 0.0516021640
0 0.1403909176 0.2273200166 0.0280898876 0.0457761132
0 0.1333684457 0.2693508115 0.0196629213 0.0499375780
0 0.1490519663 0.3051394091 0.0238764045 0.0349563046
0 0.0701661985 0.2148356221 0.0243445693 0.0274656679
0 0.0989583333 0.2360590928 0.0266853933 0.0516021640
0 0.1034058989 0.2805867665 0.0252808989 0.0557636288
0 0.1834620787 0.5269454848 0.0215355805 0.0774032459
0 0.2052317416 0.5573241781 0.0257490637 0.0665834374
0 0.1943223947 0.4729598512 0.0260321768 0.0588659821
0 0.2134246255 0.4666042447 0.0215355805 0.0732417811
0 0.2298005025 0.5203985042 0.0304307116 0.0391177695
0 0.2576661985 0.4907407407 0.0238764045 0.0749063670
0 0.2646886704 0.4378901373 0.0229400749 0.0690803163
0 0.2454939139 0.3991885144 0.0191947566 0.0615896796
0 0.2288740637 0.4166666667 0.0280898876 0.0699126092
0 0.2415145131 0.3463379109 0.0215355805 0.0557636288
0 0.2253628277 0.3484186434 0.0266853933 0.0632542655
0 0.2377691948 0.2843320849 0.0252808989 0.0765709530
0 0.6556062734 0.1890345402 0.0360486891 0.0524344569
0 0.6249414794 0.2231585518 0.0346441948 0.0507698710
0 0.4978347378 0.1599042863 0.0266853933 0.0690803163
0 0.2635182584 0.1753017062 0.0308988764 0.0632542655
0 0.3204002809 0.1748855597 0.0210674157 0.0590928007
0 0.2223197566 0.0949854349 0.0318352060 0.0491052851
0 0.2443235019 0.0583645443 0.0271535581 0.0407823554
0 0.1495201311 0.0750104037 0.0313670412 0.0357885976
0 0.1808871723 0.0575322514 0.0313670412 0.0474406991
0 0.2155313670 0.0462962963 0.0351123596 0.0432792343
0 0.2646886704 0.0791718685 0.0201310861 0.0507698710
0 0.2429190075 0.0920724095 0.0271535581 0.0449438202
0 0.2567298689 0.1178734915 0.0276217228 0.0582605077
0 0.2813085206 0.1203703704 0.0271535581 0.0482729921
0 0.2866924157 0.0450478568 0.0435393258 0.0407823554
0 0.3098899813 0.0522412461 0.0210674157 0.0674157303
0 0.3447448502 0.0475447357 0.0191947566 0.0674157303
0 0.3667485955 0.0263212651 0.0323033708 0.0399500624
0 0.3587262574 0.0955977647 0.0430711610 0.0557636288
0 0.3927317416 0.0408863920 0.0187265918 0.0474406991
0 0.4226942884 0.0621098627 0.0252808989 0.0782355389
0 0.4461025281 0.0442155639 0.0224719101 0.0557636288
0 0.4770014045 0.0413025385 0.0271535581 0.0599250936
0 0.4898759363 0.0737619642 0.0482209738 0.0565959218
0 0.4468047753 0.0938380596 0.0313670412 0.0582605077
0 0.5081343633 0.1332709114 0.0285580524 0.0657511444
0 0.5359901685 0.1012276321 0.0571161049 0.0549313358
0 0.2365987828 0.6459633791 0.0313670412 0.0441115273
0 0.3306999064 0.7462546816 0.0313670412 0.0516021640
0 0.3126783966 0.8007623115 0.0365168539 0.0657461047
0 0.3505969101 0.8111735331 0.0308988764 0.0599250936
0 0.3807935393 0.8003537245 0.0294943820 0.0632542655
0 0.1904845506 0.7162921348 0.0514981273 0.0366208906
0 0.6097261236 0.3309404911 0.0229400749 0.0632542655
0 0.6904845506 0.3380149813 0.0187265918 0.0790678319
0 0.6726942884 0.3829588015 0.0290262172 0.0757386600
0 0.7153995801 0.3463836016 0.0301671378 0.0625133538
0 0.7124882959 0.4924053267 0.0196629213 0.0582605077
0 0.6417954120 0.2918227216 0.0215355805 0.0732417811
0 0.6553721910 0.3117977528 0.0262172285 0.0599250936
0 0.2347261236 0.7828755722 0.0191947566 0.0682480233
0 0.2527504682 0.8007698710 0.0187265918 0.0657511444
0 0.2650668035 0.7782963603 0.0171420340 0.0674189315
0 0.2828380046 0.8160647060 0.0255308782 0.0770195999
0 0.2827130150 0.8178318768 0.0215355805 0.0799001248
0 0.3688553371 0.8677694548 0.0337078652 0.0532667499
0 0.6975070225 0.7874531835 0.0187265918 0.0640865585
0 0.7164676966 0.7737203496 0.0163857678 0.0682480233
0 0.7557830463 0.6755852183 0.0191737705 0.0514512862
0 0.7767223269 0.6696850435 0.0217264890 0.0565985514
0 0.2616488962 0.5853701066 0.0182584270 0.0740740741
0 0.3281250000 0.5852059925 0.0411985019 0.0507698710
0 0.2866924157 0.5560757387 0.0191947566 0.0674157303
0 0.3105688202 0.5090511860 0.0163857678 0.0532667499
0 0.3255500936 0.5048897212 0.0238764045 0.0499375780
0 0.0558871723 0.6064294632 0.0145131086 0.0649188514
0 0.0692298689 0.6330628381 0.0224719101 0.0782355389
0 0.0584620787 0.6879941739 0.0177902622 0.0532667499
0 0.1244733146 0.6347274241 0.0280898876 0.0599250936
0 0.0828066479 0.6909071993 0.0168539326 0.0391177695
0 0.1593515918 0.7137952559 0.0294943820 0.0632542655
0 0.1766736891 0.7920307948 0.0238764045 0.0749063670
0 0.2108497191 0.8652725759 0.0426029963 0.0432792343
0 0.3871137640 0.9156263005 0.0449438202 0.0624219725
0 0.3222729401 0.9501664586 0.0472846442 0.0366208906
0 0.3178253745 0.9722222222 0.0440074906 0.0291302538
0 0.4957279963 0.8856637536 0.0393258427 0.0540990429
0 0.5114115169 0.9272784020 0.0435393258 0.0457761132
0 0.4950257491 0.9509987516 0.0463483146 0.0482729921
0 0.4582748127 0.9742041199 0.0224719101 0.0497399084
0 0.4212897940 0.9651477320 0.0252808989 0.0582605077
0 0.4358029026 0.8968181042 0.0318352060 0.0457761132
0 0.3943703184 0.9697253433 0.0191947566 0.0557636288
0 0.3669826779 0.9687942156 0.0252808989 0.0605597170
0 0.2625819288 0.9401789430 0.0187265918 0.0565959218
0 0.1340706929 0.8598626717 0.0276217228 0.0407823554
0 0.6105233550 0.0762588431 0.0341760300 0.0582605077
0 0.6363311319 0.0540505582 0.0171613275 0.0521294143
0 0.6562262867 0.0710461646 0.0194984535 0.0544146042
0 0.6717579588 0.1382646692 0.0168539326 0.0624219725
0 0.6975070225 0.1145443196 0.0131086142 0.0732417811
0 0.7261728249 0.1124422211 0.0301780468 0.0394944708
0 0.7229133755 0.1342373179 0.0261650869 0.0356912995
0 0.7203166048 0.1731466854 0.0325105503 0.0362764028
0 0.7518986837 0.2064975718 0.0282589780 0.0336434381
0 0.7806775058 0.2269178403 0.0240188693 0.0499096377
0 0.7990335596 0.2215749928 0.0129781678 0.0625840264
0 0.8179942337 0.2555129548 0.0249431805 0.0626320180
0 0.8208977060 0.1895576816 0.0248712547 0.0534807399
0 0.8387543470 0.2256240389 0.0184497052 0.0508326545
0 0.8573852996 0.2406367041 0.0191947566 0.0657511444
0 0.8517673221 0.1241156887 0.0220037453 0.0724094881
0 0.7976942884 0.0492093217 0.0149812734 0.0457761132
0 0.8253067201 0.0357943500 0.0402435899 0.0359851660
0 0.8168162409 0.0830289481 0.0251352908 0.0468319288
0 0.8656240847 0.1845093580 0.0270617556 0.0265285166
0 0.8841001843 0.2187847405 0.0238612428 0.0471008133
0 0.8086961610 0.3180399501 0.0191947566 0.0724094881
0 0.8255500936 0.3234498543 0.0154494382 0.0699126092
0 0.8374882959 0.3367665418 0.0140449438 0.0682480233
0 0.8608965356 0.2918227216 0.0224719101 0.0482729921
0 0.5420763109 0.9622347066 0.0355805243 0.0607573866
0 0.5792954120 0.9584893883 0.0313670412 0.0799001248
0 0.6066830524 0.9688930504 0.0327715356 0.0540990429
0 0.6094920412 0.8939866833 0.0177902622 0.0607573866
0 0.6371137640 0.9052226384 0.0205992509 0.0848938826
0 0.6608170567 0.9130097712 0.0183803680 0.0488561231
0 0.7290398720 0.8644461998 0.0349758115 0.0365689544
0 0.6916906700 0.9014773200 0.0271535581 0.0690803163
0 0.6755143697 0.8583744190 0.0346441948 0.0407823554
0 0.7340238764 0.7670620058 0.0159176030 0.0549313358
0 0.7423870658 0.8141095988 0.0188132829 0.0511610968
0 0.7568644293 0.8113673075 0.0170529766 0.0562083730
0 0.7584600170 0.8963137837 0.0217187232 0.0570886576
0 0.7463361760 0.7151940801 0.0255609287 0.0604566172
0 0.7965238764 0.8598626717 0.0313670412 0.0474406991
0 0.7902036517 0.8931543903 0.0168539326 0.0674157303
0 0.8016736891 0.8103412401 0.0257490637 0.0482729921
0 0.7949210071 0.7720416570 0.0145131086 0.0516021640
0 0.8079370111 0.7623402553 0.0139311384 0.0371649051
0 0.8373701915 0.7444673226 0.0255171076 0.0435247804
0 0.8062052451 0.6838044401 0.0260492475 0.0383420146
0 0.8199628094 0.6945468375 0.0153863876 0.0425662629
0 0.8028441011 0.6318143987 0.0234082397 0.0590928007
0 0.7802111900 0.6226550672 0.0171759346 0.0591010184
0 0.7511118914 0.6209945901 0.0248127341 0.0457761132
0 0.7505381954 0.5861078076 0.0283469900 0.0339849674
0 0.7331583170 0.5385875607 0.0254224392 0.0524545082
0 0.7597748815 0.5475396407 0.0307727751 0.0563161898
0 0.7686729248 0.5234567244 0.0187362990 0.0521152798
0 0.7871438009 0.5366646089 0.0163522086 0.0602206037
0 0.7890332397 0.4499583854 0.0220037453 0.0665834374
0 0.7431530899 0.3292759051 0.0191947566 0.0532667499
0 0.6743328652 0.2285684561 0.0248127341 0.0549313358
0 0.6986774345 0.2031835206 0.0191947566 0.0607573866
0 0.7693703184 0.3733874324 0.0163857678 0.0665834374
0 0.8271374996 0.3782676210 0.0300648885 0.0347291662
0 0.8098665730 0.4449646275 0.0177902622 0.0632542655
0 0.8274227528 0.4362255514 0.0135767790 0.0740740741
0 0.8442766854 0.4387224303 0.0126404494 0.0574282147
0 0.8566830524 0.3463379109 0.0140449438 0.0624219725
0 0.8711961610 0.3363503953 0.0196629213 0.0657511444
0 0.8880262886 0.3216865218 0.0224719101 0.0599250936
0 0.8660463483 0.4428838951 0.0177902622 0.0807324178
0 0.8494264981 0.5381814399 0.0210674157 0.0615896796
0 0.8660463483 0.5348522680 0.0159176030 0.0649188514
0 0.9058403558 0.5448397836 0.0177902622 0.0599250936
0 0.8590609025 0.5853764285 0.0216096327 0.0354477256
0 0.8835312032 0.5896286172 0.0246700843 0.0369308638
0 0.9032420135 0.6100725528 0.0191478846 0.0503188813
0 0.9050816219 0.6552717805 0.0161269089 0.0394944708
0 0.8627073460 0.6292346849 0.0281398104 0.0400795740
0 0.8461493446 0.6759259259 0.0163857678 0.0740740741
0 0.8655781835 0.6667707033 0.0149812734 0.0524344569
0 0.8799363928 0.6798425020 0.0193531227 0.0579179922
0 0.9221682964 0.6501442378 0.0148656190 0.0541378306
0 0.9262055243 0.6089263421 0.0163857678 0.0649188514
0 0.8606114672 0.7508321286 0.0237744326 0.0391174407
0 0.8835184452 0.7604440934 0.0237082387 0.0479784682
0 0.8410384069 0.7836261808 0.0155271883 0.0531033812
0 0.8468101548 0.8265607630 0.0181358780 0.0497337780
0 0.8633141891 0.8174916623 0.0193563506 0.0427125388
0 0.8267205056 0.8448813983 0.0177902622 0.0640865585
0 0.8716643258 0.4811693716 0.0290262172 0.0540990429
0 0.8852411049 0.4220201443 0.0205992509 0.0707449022
0 0.8992860487 0.4349771119 0.0159176030 0.0699126092
0 0.9102879213 0.4162505202 0.0173220974 0.0740740741
0 0.0849133895 0.9460049938 0.0191947566 0.0615896796
0 0.0280313670 0.4474615065 0.0215355805 0.0615896796
0 0.8993220116 0.2727605172 0.0207345972 0.0368615061
0 0.9177785581 0.2789221806 0.0163857678 0.0590928007
0 0.9236454624 0.2540372126 0.0171772163 0.0386168159
0 0.9311212547 0.3238660008 0.0196629213 0.0774032459
0 0.9311212547 0.3742197253 0.0299625468 0.0416146484
0 0.9522045404 0.3658897423 0.0102996255 0.0657511444
0 0.9260630595 0.4316160552 0.0169497104 0.0301328184
0 0.9316581095 0.4686238371 0.0208991575 0.0310104733
0 0.9452343339 0.4907114856 0.0111901001 0.0471008133
0 0.9560414614 0.5059241706 0.0142598891 0.0450529518
0 0.9403798052 0.5587297408 0.0185953133 0.0561699140
0 0.8983632630 0.7762920099 0.0196900091 0.0584100706
0 0.9085770263 0.8304877269 0.0216426826 0.0464707436
0 0.8914380345 0.8766059840 0.0253124512 0.0397492396
0 0.8615987828 0.9730545152 0.0182584270 0.0491052851
0 0.9104401741 0.9825398337 0.0131591998 0.0349203326
0 0.9659874499 0.5839307827 0.0161639467 0.0356080970
0 0.9657719483 0.5479780364 0.0209988730 0.0320352676
0 0.9408938947 0.6571733661 0.0205292196 0.0348136446
0 0.9642940552 0.7248693131 0.0180430868 0.0427720519
0 0.9279908986 0.7121447767 0.0177902622 0.0565959218
0 0.9417247158 0.7298614357 0.0143736022 0.0254740158
0 0.9889396067 0.5028089888 0.0173220974 0.0574282147
0 0.9287804307 0.1615688722 0.0234082397 0.0307948398
0 0.9620201311 0.2360590928 0.0140449438 0.0532667499
0 0.9643609551 0.1857053683 0.0159176030 0.0624219725
0 0.9608497191 0.3288597586 0.0173220974 0.0590928007
0 0.2958216292 0.2198293799 0.0196629213 0.0640865585
0 0.4418890449 0.3534124012 0.0215355805 0.0749063670
0 0.2054658240 0.1245318352 0.0262172285 0.0432792343
0 0.9043961864 0.6900502197 0.0293079096 0.0326428123
0 0.7977577684 0.5701506591 0.0303672316 0.0276208412
0 0.7989936441 0.5224419335 0.0180084746 0.0514752040
0 0.8150600282 0.5083176397 0.0190677966 0.0583804143
0 0.8353637006 0.5054927809 0.0314265537 0.0364092906
0 0.4050595238 0.0780423280 0.0229166667 0.0767195767
0 0.2373826291 0.1644496609 0.0217136150 0.0714658320
0 0.2121478873 0.1675795514 0.0340375587 0.0443401148
0 0.1691607981 0.3060772040 0.0173122066 0.0636411059
0 0.1879097519 0.6048243178 0.0214201878 0.0678142932
0 0.5289759390 0.5520344288 0.0404929577 0.0422535211
0 0.7789025822 0.3005998957 0.0334507042 0.0526864893
0 0.7574823944 0.3261606677 0.0164319249 0.0693792384
0 0.7799295775 0.4077986437 0.0149647887 0.0511215441
0 0.7915746813 0.3983779127 0.0164319249 0.0474700052
0 0.7266465054 0.9452658303 0.0204973118 0.0510752688
0 0.7610763368 0.9635053439 0.0372983871 0.0328554361
0 0.6149587087 0.5518018018 0.0281531532 0.0620620621
0 0.6329473727 0.5555409280 0.0303466974 0.0679304897
0 0.6026651652 0.4448615282 0.0274024024 0.0807474141
0 0.5682758440 0.1477342271 0.0282381018 0.0420483675
0 0.5821520619 0.0570828561 0.0412371134 0.0656739213
0 0.6414599237 0.4477664688 0.0225826972 0.0599378004
0 0.2114668022 0.9336043360 0.0376016260 0.0415537489
0 0.1891090786 0.9465522433 0.0260840108 0.0578139115
0 0.1720020325 0.8941583860 0.0196476965 0.0542005420
0 0.7762594041 0.7420501051 0.0158030501 0.0618074850
0 0.9761679454 0.6750409001 0.0210711656 0.0424637556
0 0.4268019877 0.9247363176 0.0332502042 0.0420945346
0 0.8876382306 0.8325580715 0.0167851501 0.0383242642
0 0.8089250150 0.1279474577 0.0224869895 0.0488561231
0 0.7506580227 0.1400307507 0.0248161294 0.0519589912
0 0.7968792570 0.3691543634 0.0221164966 0.0498030739
0 0.7344935197 0.2470061270 0.0347649354 0.0482513272
0 0.7607853274 0.2627160465 0.0234137302 0.0474904862
0 0.8894649608 0.3907001441 0.0178585466 0.0544260469
0 0.8262486086 0.4072927565 0.0243721877 0.0404551517
0 0.1229562805 0.4510963114 0.0231874007 0.0595429548
0 0.6601939096 0.9470611713 0.0258799533 0.0455763242
0 0.7724713213 0.9316894967 0.0222166685 0.0564232852
0 0.9086112177 0.4386509412 0.0134307593 0.0549892368
0 0.3837558578 0.0627428756 0.0286434867 0.0478906974
0 0.6964335717 0.9818094289 0.0392709161 0.0363811422
0 0.6233254545 0.1686342383 0.0232608866 0.0559215689
0 0.8197490374 0.5544114973 0.0297399440 0.0370097081
0 0.4862187287 0.4792270531 0.0303400641 0.0629275404
0 0.5438502910 0.0622975293 0.0426831756 0.0459034426
0 0.6355318589 0.9707887192 0.0202409163 0.0432976420
0 0.7919464192 0.9628898251 0.0195826751 0.0269147505
0 0.8115290943 0.9614270669 0.0159623486 0.0286700603
0 0.8868977093 0.9754695454 0.0149749868 0.0315955766
0 0.8338270142 0.9049646013 0.0161269089 0.0450529518
0 0.8840179042 0.9292463870 0.0108609795 0.0298402668
0 0.8159722222 0.7360160318 0.0179370721 0.0248668890
0 0.8375296209 0.7149523141 0.0159623486 0.0371540577
0 0.8675618747 0.9097917032 0.0166205898 0.0216488210
0 0.9571649552 0.9175443216 0.0136585045 0.0289626119
0 0.9572472354 0.8780498508 0.0115192206 0.0365689544
0 0.9126513955 0.9116932889 0.0207345972 0.0254519923
0 0.9071386256 0.7298724475 0.0232030016 0.0289626119
0 0.8887901527 0.5458574688 0.0138230648 0.0313030250
0 0.8286433649 0.6609765374 0.0130002633 0.0403721257
0 0.9545319905 0.6042215201 0.0146458662 0.0295477152
0 0.9881022907 0.5818413200 0.0166205898 0.0310104733
0 0.9545319905 0.4604323913 0.0136585045 0.0324732315
0 0.9362657978 0.6274793751 0.0103672986 0.0324732315
0 0.9695892575 0.3968024106 0.0184307530 0.0351061962
0 0.9736209847 0.3573079399 0.0153041074 0.0272073021
0 0.9858807267 0.3134251945 0.0151395471 0.0304253701
0 0.9906529753 0.2951407173 0.0125065824 0.0330583348
0 0.9154489205 0.2275612896 0.0164560295 0.0201860628
0 0.8747202475 0.0717775437 0.0144813060 0.0359838511
0 0.8365422591 0.0820168510 0.0123420221 0.0453455035
0 0.7723637441 0.1374553859 0.0153041074 0.0444678486
0 0.7628192470 0.1855801299 0.0251777251 0.0277924054
0 0.7838829647 0.1756333743 0.0149749868 0.0283775086
0 0.7123815166 0.0773360248 0.0172788310 0.0336434381
0 0.7426606108 0.0903545726 0.0156332280 0.0392019191
0 0.7526165087 0.0501287227 0.0315955766 0.0353987479
0 0.7223374144 0.0505675502 0.0167851501 0.0351061962
0 0.6774124539 0.0520303083 0.0141521854 0.0485635715
0 0.7586229595 0.0921098824 0.0153041074 0.0415423322
0 0.7173183254 0.2158592242 0.0154686677 0.0374466093
0 0.5979298315 0.2392633550 0.0166205898 0.0473933649
0 0.6989698526 0.0375490024 0.0210637177 0.0283775086
0 0.6205568720 0.0271634193 0.0307727751 0.0310104733
0 0.6534689310 0.0295038324 0.0167851501 0.0315955766
0 0.6296076883 0.1248756656 0.0327474987 0.0351061962
0 0.6854759084 0.5171874086 0.0190889942 0.0400795740
0 0.6969951290 0.5158709262 0.0092153765 0.0321806799
0 0.7475151395 0.9283687321 0.0151395471 0.0274998537
