0 0.4256822612 0.5736205870 0.0203460039 0.0729234351 0.4295523312 0.5461668546 2 0.4239279585 0.5860653639 2
0 0.3895717593 0.6628935185 0.0225231481 0.0712500000 0.3916335048 0.6446715548 2 0.3886452673 0.6750083394 2
0 0.3642578125 0.6174768519 0.0253906250 0.0659722222 0.3591338299 0.5957756280 2 0.3673352840 0.6243092412 2
0 0.3909505208 0.7858796296 0.0175781250 0.0671296296 0.3905670746 0.7714550547 2 0.3911054836 0.7960224572 2
0 0.4983974359 0.8162393162 0.0384615385 0.0427350427 0.4853441609 0.8114155115 2 0.5066497115 0.8256935769 2
0 0.5459639730 0.7245471187 0.0223812646 0.0718671760 0.5484301654 0.7065427516 2 0.5445786797 0.7348933961 2
0 0.5730950543 0.7961715224 0.0277290380 0.0699981284 0.5784940132 0.7784690490 2 0.5712891797 0.8082448688 2
0 0.6206819801 0.7130421019 0.0266648860 0.0679012346 0.6191987154 0.7042607683 2 0.6218309371 0.7263673965 2
0 0.6414262821 0.7314814815 0.0200320513 0.0783475783 0.6449385557 0.7045923245 2 0.6398341684 0.7436703363 2
0 0.6706730769 0.7649572650 0.0240384615 0.0683760684 0.6719115604 0.7453901401 2 0.6690781296 0.7741509863 2
0 0.6107554758 0.8101473798 0.0167785235 0.0509569973 0.6081815411 0.7957779771 2 0.6135887524 0.8137162763 2
0 0.6029432327 0.8693760875 0.0223713647 0.0658712404 0.6087390270 0.8500561529 2 0.6014306536 0.8838683865 2
0 0.6791544943 0.8111605167 0.0342737537 0.0542884619 0.6895896992 0.7952253407 2 0.6744242159 0.8183839320 2
0 0.7409601394 0.7073657652 0.0251895096 0.0612629826 0.7415963969 0.6889606648 2 0.7376655496 0.7161854218 2
0 0.7473958333 0.7371399177 0.0156250000 0.0565843621 0.7484501798 0.7136859147 2 0.7482989027 0.7458238961 2
0 0.7612847222 0.7237654321 0.0156250000 0.0545267490 0.7632508571 0.7080319771 2 0.7621575361 0.7317448931 2
0 0.7233796296 0.7644032922 0.0196759259 0.0596707819 0.7199356275 0.7446330916 2 0.7249407958 0.7733651241 2
0 0.6889467593 0.9130658436 0.0167824074 0.0462962963 0.6858920894 0.9008074469 2 0.6890482800 0.9201709169 2
0 0.7171186195 0.8272362818 0.0318287037 0.0288065844 0.7107473401 0.8324278761 2 0.7251477977 0.8281610739 2
0 0.7637759711 0.8154421359 0.0229223126 0.0440128475 0.7724784652 0.8061939991 2 0.7640405616 0.8274663180 2
0 0.7960361987 0.8682639452 0.0280517161 0.0636883842 0.7941272748 0.8517031491 2 0.7959151053 0.8790976300 2
0 0.8321798410 0.8842765678 0.0190344787 0.0561984452 0.8345975016 0.8627186947 2 0.8310839154 0.8940487517 2
0 0.8523696394 0.8860732077 0.0128533138 0.0602122590 0.8550520701 0.8699870334 2 0.8536018491 0.8981757573 2
0 0.8645833333 0.8945473251 0.0115740741 0.0462962963 0.8654188506 0.8782181989 2 0.8642045934 0.9019493180 2
0 0.8417544700 0.9430608770 0.0132503193 0.0589612601 0.8414191622 0.9312177845 2 0.8416495556 0.9611655808 2
0 0.8527974955 0.9544752914 0.0159246431 0.0605212488 0.8547447179 0.9394103832 2 0.8526280442 0.9702015219 2
0 0.8585342580 0.9812311680 0.0122074050 0.0313648244 0.8554560345 0.9908488240 2 0.8602120413 0.9763907180 2
0 0.8797536376 0.9267342740 0.0187665344 0.0518812463 0.8837993404 0.9080654091 2 0.8779197205 0.9351968704 2
0 0.8315972222 0.6358024691 0.0162037037 0.0720164609 0.8312344872 0.6071499124 2 0.8317616500 0.6487906731 2
0 0.7214519757 0.3132063989 0.0227650626 0.0711180664 0.7192382249 0.2957277144 2 0.7204284135 0.3290220563 2
0 0.7572256455 0.4990219092 0.0311766432 0.0397756912 0.7470064338 0.4920999692 2 0.7621969096 0.5025484446 2
0 0.7704460525 0.4639472867 0.0289435757 0.0538477324 0.7609588051 0.4533594429 2 0.7732144955 0.4728861660 2
0 0.7643229167 0.3094135802 0.0234375000 0.0725308642 0.7675712350 0.2888298450 2 0.7628504540 0.3187441874 2
0 0.7504340278 0.2746913580 0.0251736111 0.0802469136 0.7568295839 0.2461968385 2 0.7503934305 0.2885324250 2
0 0.4711782095 0.3823823824 0.0204814189 0.0809142476 0.4719405842 0.3538431889 2 0.4708326250 0.3953191988 2
0 0.4502789664 0.3495282975 0.0261662052 0.0630412693 0.4569473125 0.3350833374 2 0.4455482128 0.3608511566 2
0 0.4240451389 0.4807098765 0.0217013889 0.0570987654 0.4286649355 0.4602992390 2 0.4219509851 0.4899620186 2
0 0.4574652778 0.4915123457 0.0190972222 0.0632716049 0.4572822187 0.4697973143 2 0.4581279953 0.5040794577 2
0 0.4817708333 0.4992283951 0.0295138889 0.0447530864 0.4901576397 0.5119792114 2 0.4779690940 0.4934484500 2
0 0.7434895833 0.5462962963 0.0130208333 0.0617283951 0.7434057483 0.5236439703 2 0.7453035884 0.5522490964 2
0 0.7381477350 0.6459145792 0.0302526596 0.0293866562 0.7313022811 0.6474439126 2 0.7432348847 0.6429263193 2
0 0.8173839784 0.5905795067 0.0328108439 0.0596705774 0.8202368470 0.6091663347 2 0.8160907731 0.5821540976 2
0 0.7957977350 0.6021194967 0.0288578121 0.0296378649 0.7842918701 0.6017189246 2 0.8031081323 0.6048653182 2
0 0.8006775520 0.3642461836 0.0181749569 0.0638551273 0.8011119401 0.3392221881 2 0.8043807466 0.3751023228 2
0 0.7275974893 0.4030960175 0.0159588675 0.0626022913 0.7300567089 0.3828008545 2 0.7260529644 0.4088355526 2
0 0.8588286354 0.3505934848 0.0199622353 0.0314995517 0.8531303953 0.3411065188 2 0.8633432964 0.3553844721 2
0 0.8508514332 0.3122373260 0.0187832447 0.0596598371 0.8539471301 0.2943138549 2 0.8504289238 0.3266390519 2
0 0.8896897007 0.3341158059 0.0182291667 0.0648148148 0.8906895324 0.3172621058 2 0.8892364770 0.3417555882 2
0 0.8654513889 0.2114197531 0.0225694444 0.0617283951 0.8621468367 0.1939016805 2 0.8668501796 0.2250005868 2
0 0.8406607435 0.1771968046 0.0233353758 0.0704429920 0.8450245425 0.2067567465 2 0.8386826333 0.1637972830 2
0 0.8147376138 0.1514355742 0.0249365371 0.0741129785 0.8104441649 0.1333969543 2 0.8161219975 0.1691501260 2
0 0.7885795677 0.0933641975 0.0183269757 0.0725308642 0.7905429234 0.0719186412 2 0.7900940313 0.1020823798 2
0 0.8007812500 0.0740740741 0.0217013889 0.0740740741 0.7991035091 0.0530677706 2 0.8060455140 0.0861425672 2
0 0.7653769841 0.1787367725 0.0446428571 0.0580908289 0.7754734168 0.1874698160 2 0.7582532892 0.1641313342 2
0 0.5627090643 0.8735039465 0.0220824864 0.0564588979 0.5677289540 0.8892797004 2 0.5595781031 0.8584205119 2
0 0.4225791530 0.8557798276 0.0323541698 0.0586804987 0.4176197753 0.8414908857 2 0.4302717135 0.8699542076 2
0 0.4124131944 0.9009259259 0.0210069444 0.0685185185 0.4123996232 0.8824578404 2 0.4114736316 0.9138838720 2
0 0.3697916667 0.8109567901 0.0312500000 0.0570987654 0.3753184213 0.7999948082 2 0.3672863888 0.8159258565 2
0 0.3958333333 0.9652777778 0.0295138889 0.0663580247 0.3948900530 0.9550850735 2 0.3964308013 0.9858239523 2
0 0.3424479167 0.9575617284 0.0199652778 0.0694444444 0.3426597034 0.9454944870 2 0.3425886241 0.9755689343 2
0 0.3193630387 0.9842790874 0.0310153904 0.0299134213 0.3313248328 0.9786315182 2 0.3139407574 0.9868391306 2
0 0.3034104130 0.9326602999 0.0165430483 0.0659378838 0.3025879782 0.9109703715 2 0.3007795651 0.9448168138 2
0 0.3073620495 0.8548085122 0.0209740991 0.0489563638 0.3078461873 0.8446379673 2 0.3090126158 0.8677898598 2
0 0.3105410098 0.8028028028 0.0151792417 0.0430430430 0.3074020976 0.7947813308 2 0.3134210256 0.8144207420 2
0 0.2610883009 0.7198116608 0.0264345093 0.0665495179 0.2595469160 0.7025068884 2 0.2645892401 0.7270201376 2
0 0.2766975309 0.6055144033 0.0283950617 0.0423045267 0.2790017473 0.6033459471 2 0.2683783048 0.6112502040 2
0 0.4687500000 0.1388888889 0.0156250000 0.0709876543 0.4692851909 0.1241414061 2 0.4705187870 0.1580494825 2
0 0.4179687500 0.2785493827 0.0199652778 0.0787037037 0.4176280464 0.2522861363 2 0.4168916020 0.2908150407 2
0 0.3806423611 0.2677469136 0.0199652778 0.0725308642 0.3853629083 0.2483697279 2 0.3790608415 0.2826702078 2
0 0.3959391938 0.2964280337 0.0175728320 0.0650782897 0.3926092849 0.2779592853 2 0.3953502943 0.3130656820 2
0 0.3036394817 0.2633917910 0.0395706301 0.0811346811 0.2935379537 0.2457676399 2 0.3082185044 0.2713808187 2
0 0.2885718599 0.1621041331 0.0215881643 0.0526033280 0.2848319844 0.1475507124 2 0.2922597190 0.1629266852 2
0 0.2643229167 0.1645531401 0.0182291667 0.0570987654 0.2669823270 0.1458078777 2 0.2635476490 0.1776792367 2
0 0.2736703930 0.2186841313 0.0199017615 0.0639867510 0.2754632345 0.1993086755 2 0.2711186124 0.2318494661 2
0 0.2792467185 0.2967641326 0.0234057176 0.0809356725 0.2802128897 0.2664863437 2 0.2801375310 0.3068772449 2
0 0.2983129241 0.3638328989 0.0249019296 0.0878558307 0.3017956444 0.3919308972 2 0.2948666629 0.3445371862 2
0 0.2567944663 0.3563804861 0.0170611547 0.0681032254 0.2546986211 0.3338164374 2 0.2577445129 0.3666087693 2
0 0.2744523387 0.4172921869 0.0178439888 0.0511541229 0.2732105950 0.3995309128 2 0.2778010152 0.4334736505 2
0 0.6618589744 0.4537927350 0.0216346154 0.0585826211 0.6608509757 0.4370624300 2 0.6652881254 0.4626441681 2
0 0.5267551370 0.9018264840 0.0192636986 0.0634195840 0.5259653009 0.8827734807 2 0.5271131697 0.9104632104 2
0 0.6245879175 0.9482404594 0.0270021754 0.0447260225 0.6177904205 0.9612803709 2 0.6288152303 0.9388506842 2
0 0.2600059392 0.9566895663 0.0165872208 0.0666008474 0.2586873911 0.9372404064 2 0.2602870988 0.9728103694 2
0 0.2417736872 0.9445332319 0.0143692922 0.0701927955 0.2416826723 0.9255588217 2 0.2413222848 0.9598541400 2
0 0.2276499451 0.9409605312 0.0219034256 0.0578469884 0.2290623413 0.9312799587 2 0.2264925764 0.9506896501 2
0 0.2114583333 0.9003361238 0.0135416667 0.0604388635 0.2102875608 0.8837585249 2 0.2124578594 0.9173675887 2
0 0.1925021816 0.8875779634 0.0151358612 0.0457666818 0.1910303198 0.8742634264 2 0.1954185685 0.8980821129 2
0 0.2633488226 0.8353081646 0.0233192668 0.0469927055 0.2691103161 0.8516774392 2 0.2611214007 0.8326927436 2
0 0.2359229691 0.8738278998 0.0140833811 0.0556212994 0.2390978172 0.8600256753 2 0.2354546089 0.8855363949 2
0 0.2542094749 0.8770928463 0.0249714612 0.0317097920 0.2627539441 0.8720420871 2 0.2503362670 0.8793823554 2
0 0.1883894940 0.9208717880 0.0192339430 0.0439457782 0.1843930019 0.9029697317 2 0.1872127168 0.9273028266 2
0 0.1617624696 0.8849013247 0.0140663017 0.0452825088 0.1638549179 0.8725885284 2 0.1601437807 0.9032575280 2
0 0.1984489051 0.8261016491 0.0159671533 0.0560962422 0.2005885846 0.8091154723 2 0.1974789884 0.8338014830 2
0 0.2224306902 0.8247409826 0.0220926427 0.0529445994 0.2197134140 0.8068196559 2 0.2265127416 0.8350327644 2
0 0.1809984046 0.6253608896 0.0187399058 0.0552363529 0.1818569262 0.6439454020 2 0.1815615797 0.6234680469 2
0 0.2050642714 0.6283740263 0.0220924803 0.0591088930 0.2107894425 0.6471449362 2 0.2022060435 0.6207297631 2
0 0.2146405665 0.5749991498 0.0161661800 0.0465131556 0.2105986375 0.5598094211 2 0.2155727155 0.5830217849 2
0 0.1690190652 0.6599620014 0.0298939842 0.0317773395 0.1797680680 0.6601015787 2 0.1645956572 0.6641090218 2
0 0.1556980093 0.6165816441 0.0197238659 0.0531448608 0.1511309770 0.5979632615 2 0.1577682450 0.6250213569 2
0 0.1726342215 0.5821227994 0.0151917408 0.0627901783 0.1725906379 0.5623635898 2 0.1726539780 0.5910796492 2
0 0.1898113905 0.5347359194 0.0240384615 0.0679377602 0.1863239739 0.5190075529 2 0.1913922365 0.5418655879 2
0 0.1219794270 0.5316550005 0.0174806573 0.0633818272 0.1236509948 0.5180357400 2 0.1215328699 0.5439427607 2
0 0.2388128698 0.0517751479 0.0135601578 0.0509533202 0.2384058584 0.0357512137 2 0.2389973681 0.0590387973 2
0 0.2209381164 0.0432829279 0.0135601578 0.0558842867 0.2222850033 0.0237248870 2 0.2203275725 0.0521485879 2
0 0.2056829389 0.0564321718 0.0169501972 0.0536927460 0.2062117393 0.0390127873 2 0.2054432336 0.0643283788 2
0 0.1723989152 0.0205456936 0.0114028600 0.0410913872 0.1733407053 0.0055692705 2 0.1719720017 0.0273345062 2
0 0.1585305720 0.0276682007 0.0132519724 0.0509533202 0.1585230244 0.0102946271 2 0.1585339933 0.0355436417 2
0 0.1768676036 0.0605413105 0.0141765286 0.0564321718 0.1784479874 0.0399835903 2 0.1762608786 0.0719963839 2
0 0.1727693097 0.1054717075 0.0212647929 0.0334209950 0.1801143197 0.1150398548 2 0.1684088461 0.1004992153 2
0 0.1924309665 0.1243699321 0.0114028600 0.0525969757 0.1938067155 0.1038186138 2 0.1918073394 0.1336858446 2
0 0.1221530826 0.1507010074 0.0231371288 0.0680029352 0.1273375626 0.1254229201 2 0.1198029578 0.1621595643 2
0 0.1175947559 0.0782152502 0.0155509479 0.0381779884 0.1153387860 0.0656385242 2 0.1168271308 0.0790843935 2
0 0.1377369668 0.0763120941 0.0138230648 0.0421274355 0.1346614109 0.0678836197 2 0.1389639046 0.0812756831 2
0 0.1545241617 0.0862919132 0.0132519724 0.0531448608 0.1528734246 0.0717149649 2 0.1528023838 0.0921747260 2
0 0.1055226824 0.1038242384 0.0175665680 0.0345167653 0.1010383167 0.1170243937 2 0.1075554455 0.0978406080 2
0 0.1011336695 0.1637996174 0.0149522503 0.0558481937 0.0981111383 0.1820591100 2 0.1025037829 0.1555225894 2
0 0.2093811637 0.1543788359 0.0132519724 0.0553364015 0.2095796855 0.1388062678 2 0.2086180709 0.1676053931 2
0 0.1948964497 0.1714880561 0.0175665680 0.0635546789 0.1973356844 0.1519413675 2 0.1937907446 0.1803485700 2
0 0.2445765089 0.1490304848 0.0265039448 0.0531448608 0.2547214934 0.1444884405 2 0.2389636376 0.1603402456 2
0 0.2451327213 0.1944846505 0.0154092702 0.0536927460 0.2451041585 0.2128050033 2 0.2484057264 0.1853716849 2
0 0.2655203299 0.0566049019 0.0168739932 0.0438272332 0.2653898988 0.0705175488 2 0.2655794544 0.0502982991 2
0 0.2457558227 0.2935907777 0.0238392317 0.0667137192 0.2500883828 0.2740237453 2 0.2437918733 0.3024605135 2
0 0.2211492121 0.3405125279 0.0267056408 0.0416488375 0.2302096120 0.3433563938 2 0.2170421329 0.3392234036 2
0 0.3336410685 0.4865034651 0.0328363187 0.0378301459 0.3460124248 0.4942301368 2 0.3244968013 0.4860864132 2
0 0.3302859327 0.4296336735 0.0347996957 0.0410938322 0.3207643775 0.4334841884 2 0.3356290808 0.4221587541 2
0 0.2480762692 0.3892720752 0.0218774655 0.0632040324 0.2434898486 0.3681810338 2 0.2501552937 0.3988326443 2
0 0.2362590510 0.4042428894 0.0238054734 0.0628621521 0.2310247472 0.3872993882 2 0.2386317610 0.4119233784 2
0 0.3419008876 0.3128424282 0.0194156805 0.0635546789 0.3456118851 0.2954102014 2 0.3402186924 0.3207444566 2
0 0.3685694713 0.3049782971 0.0172583826 0.0525969757 0.3653151272 0.2875517991 2 0.3700446655 0.3128777286 2
0 0.3093039489 0.1396000012 0.0267958823 0.0466685018 0.3037477938 0.1509765575 2 0.3118225540 0.1344430082 2
0 0.3136708656 0.0552684467 0.0250322997 0.0631639391 0.3065905329 0.0687877969 2 0.3163288630 0.0498893244 2
0 0.0554648483 0.5633617194 0.0190885517 0.0544065964 0.0499404751 0.5436548434 2 0.0557193053 0.5686084392 2
0 0.0218422853 0.6013053848 0.0125106048 0.0593288015 0.0212260548 0.5826354231 2 0.0221216226 0.6097684785 2
0 0.0233209978 0.5271491228 0.0116913377 0.0602241715 0.0248766368 0.5127771853 2 0.0246392133 0.5376797657 2
0 0.0427960526 0.5217690058 0.0130921053 0.0557212476 0.0435480680 0.5078095621 2 0.0424551640 0.5280968217 2
0 0.0394051535 0.3215155945 0.0130208333 0.0584795322 0.0426718531 0.3082548603 2 0.0379243586 0.3275266854 2
0 0.0504823344 0.7062914796 0.0120048148 0.0591661622 0.0495970364 0.6845794103 2 0.0508836400 0.7161335606 2
0 0.1253705322 0.7787606281 0.0294819403 0.0384620510 0.1358858716 0.7733347558 2 0.1219486434 0.7850980914 2
0 0.1341559621 0.8042271956 0.0163739397 0.0581153198 0.1343722773 0.7927063307 2 0.1314928298 0.8167369049 2
0 0.0827098005 0.8380933751 0.0165052817 0.0515127804 0.0820796955 0.8249434158 2 0.0846274848 0.8489370112 2
0 0.7025209620 0.4064063994 0.0165267034 0.0786080057 0.7042682430 0.3827903726 2 0.7017289196 0.4171115443 2
0 0.7171293461 0.4393039848 0.0252403846 0.0847578348 0.7126888192 0.4676197082 2 0.7191422370 0.4264684674 2
0 0.6758870531 0.1970577023 0.0176282051 0.0491452991 0.6762755264 0.1799572872 2 0.6757109582 0.2048093205 2
0 0.7104536089 0.2189631356 0.0180808775 0.0559008892 0.7073704080 0.2036302444 2 0.7118512238 0.2259135352 2
0 0.7247596154 0.2364672365 0.0112179487 0.0683760684 0.7247544969 0.2130003358 2 0.7247619356 0.2471047825 2
0 0.8507612179 0.1346153846 0.0212339744 0.0754985755 0.8496046526 0.1117541002 2 0.8512854890 0.1449784048 2
0 0.8649839744 0.1335470085 0.0144230769 0.0576923077 0.8649781475 0.1142952171 2 0.8674459744 0.1469253721 2
0 0.9143634016 0.1785942475 0.0287880777 0.0359738981 0.9248817370 0.1849081504 2 0.9095954402 0.1757321553 2
0 0.9030711765 0.3289698984 0.0143704675 0.0753187142 0.9048822919 0.3043854383 2 0.9043315689 0.3389181259 2
0 0.9197347335 0.5765107212 0.0141489541 0.0487329435 0.9158904758 0.5596695981 2 0.9218836550 0.5757672196 2
0 0.9182692308 0.3251424501 0.0200320513 0.0733618234 0.9183268324 0.3456412220 2 0.9215629989 0.3139115360 2
0 0.9363194790 0.2466946852 0.0151828177 0.0674634445 0.9376991220 0.2701946655 2 0.9364757530 0.2323587033 2
0 0.9512108262 0.2673182442 0.0158475783 0.0716735254 0.9523406837 0.2466371618 2 0.9506986618 0.2766929788 2
0 0.8592906545 0.7509184286 0.0129892038 0.0437471885 0.8593878812 0.7383993306 2 0.8591438096 0.7598154922 2
0 0.8734135536 0.7958173691 0.0131704981 0.0643891017 0.8726879528 0.7760140479 2 0.8724297384 0.8049340580 2
0 0.8834198137 0.8429526806 0.0150425029 0.0493922368 0.8823495643 0.8317525683 2 0.8837093401 0.8542889501 2
0 0.8926305077 0.8663793103 0.0167624521 0.0505534270 0.8949106758 0.8503507024 2 0.8915969075 0.8736450783 2
0 0.8874434425 0.7989602601 0.0112973256 0.0462636001 0.8852090773 0.7847315644 2 0.8864922851 0.8054006633 2
0 0.9660705249 0.5823827732 0.0138296462 0.0467354283 0.9656340760 0.5726736212 2 0.9673062537 0.5946641507 2
0 0.9358237548 0.3661132397 0.0116738506 0.0436355896 0.9345233957 0.3562184964 2 0.9378481726 0.3760245744 2
0 0.9457991372 0.3516244824 0.0148621633 0.0487151206 0.9447921481 0.3382625546 2 0.9448572676 0.3588692358 2
0 0.0788305760 0.9016320497 0.0124758147 0.0272694049 0.0809684547 0.9068100884 2 0.0759510116 0.8959413041 2
0 0.1705506495 0.4730399028 0.0186080740 0.0716859276 0.1697239754 0.4515034604 2 0.1709253808 0.4828023722 2
0 0.1091382576 0.4488265003 0.0213068182 0.0501584472 0.1050852945 0.4384062259 2 0.1109855871 0.4622457921 2
0 0.0822516322 0.4291184200 0.0173149175 0.0451055268 0.0859781569 0.4172825068 2 0.0805623985 0.4344836394 2
0 0.4115373563 0.4139300463 0.0272413793 0.0710855683 0.4173162087 0.3937564756 2 0.4089178025 0.4230747260 2
0 0.3651960784 0.4466230937 0.0361519608 0.0501089325 0.3765176815 0.4385797836 2 0.3559672629 0.4531188552 2
0 0.6977306548 0.7490079365 0.0316220238 0.0548941799 0.6877415434 0.7660699855 2 0.6954360404 0.7465313072 2
0 0.7097292858 0.5028900659 0.0310657144 0.0388489148 0.6989157503 0.4966165073 2 0.7167551106 0.5025534691 2
0 0.7554834612 0.9282027054 0.0200892857 0.0522486772 0.7487589364 0.9508727707 2 0.7593052102 0.9250464283 2
0 0.7565918341 0.9774314964 0.0183607828 0.0424082546 0.7593597967 0.9660083754 2 0.7521709751 0.9872139198 2
0 0.9289311241 0.4511497365 0.0160412606 0.0455743268 0.9341774702 0.4427648401 2 0.9268844039 0.4615014336 2
0 0.9418675595 0.1043518519 0.0154315476 0.0412962963 0.9394381794 0.0943006003 2 0.9429687976 0.1089080842 2
0 0.9518973214 0.1512566138 0.0087053571 0.0506613757 0.9504582636 0.1350733863 2 0.9525496463 0.1585924708 2
0 0.9635639881 0.1551322751 0.0112053571 0.0495238095 0.9603935716 0.1427254310 2 0.9628345483 0.1643803287 2
0 0.9792342109 0.2736929658 0.0142719933 0.0381266723 0.9754214180 0.2623122330 2 0.9801279088 0.2782757773 2
0 0.9574032738 0.6987433862 0.0122767857 0.0548941799 0.9578131719 0.6844693340 2 0.9582534472 0.7069070692 2
0 0.9731284341 0.7641941392 0.0105883700 0.0495522996 0.9727569640 0.7536642755 2 0.9732458350 0.7738007851 2
0 0.9045732913 0.9112160987 0.0100498460 0.0592046842 0.9066552193 0.8941208969 2 0.9062196977 0.9182368579 2
0 0.9318902726 0.9608734073 0.0107886905 0.0568783069 0.9322791689 0.9497981943 2 0.9326795753 0.9765389008 2
0 0.5688244048 0.9728835979 0.0193452381 0.0502645503 0.5634371375 0.9566225033 2 0.5690477054 0.9855480978 2
0 0.6346809441 0.1471173271 0.0348047786 0.0598394198 0.6453787701 0.1665974111 2 0.6281176996 0.1396383597 2
0 0.6616987179 0.1458119658 0.0267307692 0.0594871795 0.6670996576 0.1559310065 2 0.6576369126 0.1282230997 2
0 0.4257125444 0.2011686026 0.0376292702 0.0444364704 0.4339769845 0.2061458480 2 0.4173225929 0.1938883618 2
0 0.1455965909 0.2119633838 0.0236742424 0.0431397306 0.1535598700 0.2006806757 2 0.1419868365 0.2170778355 2
0 0.0454249527 0.2571601431 0.0133167614 0.0569128788 0.0456320604 0.2396561869 2 0.0431235960 0.2704930128 2
0 0.0435665246 0.2039246333 0.0107836174 0.0514414983 0.0453093645 0.1923820804 2 0.0435431614 0.2168314617 2
0 0.0207667214 0.2592431591 0.0118371212 0.0505050505 0.0211697236 0.2727551805 2 0.0198869937 0.2503111585 2
0 0.0323127070 0.2409378195 0.0117240178 0.0561309540 0.0328325159 0.2262087797 2 0.0320770776 0.2476144932 2
0 0.0831627704 0.9545129071 0.0176768922 0.0439271388 0.0872355100 0.9447417614 2 0.0813165976 0.9589421674 2
0 0.0962429385 0.9717478303 0.0131534907 0.0502964269 0.0976681900 0.9877564780 2 0.0942715150 0.9564447353 2
0 0.2266780334 0.1038258337 0.0203281437 0.0637270411 0.2297058135 0.0864977728 2 0.2253055407 0.1116806438 2
0 0.2824498255 0.0613428350 0.0184336824 0.0604634477 0.2831194479 0.0417167964 2 0.2818263624 0.0663276780 2
0 0.3350694444 0.3822287199 0.0301535088 0.0519818064 0.3431132952 0.3677693013 2 0.3305201825 0.3873585878 2
0 0.2833423132 0.7359674330 0.0135237069 0.0632503193 0.2841632485 0.7115541324 2 0.2829701833 0.7470339821 2
0 0.5400197072 0.9433433433 0.0404560811 0.0318318318 0.5540972032 0.9423237286 2 0.5341507595 0.9464330810 2
0 0.5785355897 0.9292876353 0.0289920390 0.0381699596 0.5875308575 0.9201865898 2 0.5749183115 0.9393648145 2
0 0.7157387794 0.8874647003 0.0267249457 0.0596983845 0.7243517124 0.8721106555 2 0.7131236200 0.8992660555 2
0 0.8240605382 0.8267691512 0.0286223724 0.0400400400 0.8359295255 0.8248483402 2 0.8186803263 0.8276398548 2
0 0.8412730328 0.4113240472 0.0284090909 0.0439580995 0.8504993959 0.4193915313 2 0.8370907224 0.4076670566 2
0 0.6373106061 0.5663112608 0.0278829966 0.0476992144 0.6470939150 0.5831234381 2 0.6343977710 0.5562396002 2
0 0.2127563048 0.2190058480 0.0288459430 0.0454191033 0.2052540888 0.2084908074 2 0.2206186648 0.2250755530 2
0 0.2713178295 0.0177110250 0.0205910853 0.0354220500 0.2793819674 0.0277831119 2 0.2661808075 0.0113598666 2
0 0.2860545866 0.9484779245 0.0165536176 0.0601931604 0.2844803908 0.9333178406 2 0.2853457826 0.9610066312 2
0 0.8442926838 0.5538453133 0.0267173901 0.0325507384 0.8514973907 0.5494670385 2 0.8401068561 0.5582203059 2
0 0.7462440142 0.2037121879 0.0254594877 0.0385783363 0.7409261710 0.1945926410 2 0.7534787027 0.2125763988 2
0 0.8805062929 0.1860750911 0.0284610984 0.0411051784 0.8703517560 0.1776780153 2 0.8864477948 0.1891375041 2
0 0.8710171569 0.0669934641 0.0165441176 0.0686274510 0.8706484158 0.0864629187 2 0.8740405966 0.0569132551 2
0 0.9050245098 0.5130718954 0.0171568627 0.0522875817 0.9017893089 0.4986058302 2 0.9036764706 0.5218419941 2
0 0.1030759162 0.9018809385 0.0185427574 0.0421756835 0.0974281193 0.8888061867 2 0.1049033028 0.9087079846 2
0 0.4467974191 0.9620343363 0.0199086521 0.0653631677 0.4466214831 0.9479624828 2 0.4482413268 0.9768487675 2
0 0.7524379433 0.1007354873 0.0251182033 0.0453112687 0.7469728400 0.1099748316 2 0.7547676420 0.0885318238 2
0 0.7509604019 0.0524691358 0.0199468085 0.0485946940 0.7459691107 0.0392396867 2 0.7538408381 0.0598391228 2
0 0.6962768014 0.8238405776 0.0291814421 0.0446545837 0.6915356634 0.8325931045 2 0.7046537711 0.8154581134 2
0 0.8303851069 0.5239025361 0.0306589835 0.0536162016 0.8244258115 0.5087184654 2 0.8302944104 0.5306911321 2
0 0.2491693854 0.0963488931 0.0274214673 0.0257483511 0.2391471891 0.0967639647 2 0.2537124470 0.0961607411 2
0 0.3951870438 0.5513652338 0.0338351582 0.0783995675 0.3868781541 0.5293023137 2 0.3989534635 0.5613663555 2
0 0.3677662037 0.8539094650 0.0167824074 0.0493827160 0.3679599217 0.8455739849 2 0.3676783913 0.8656437498 2
0 0.4889804565 0.9406676430 0.0269624232 0.0520906960 0.4810510745 0.9310385066 2 0.4962756142 0.9517936650 2
0 0.4777511887 0.9719580692 0.0225068819 0.0540262485 0.4774235073 0.9553255003 2 0.4797081386 0.9908665749 2
0 0.5078125000 0.8708847737 0.0364583333 0.0483539095 0.4969816463 0.8778398924 2 0.5135757751 0.8570420215 2
0 0.4711525612 0.8999811579 0.0240878216 0.0462123260 0.4658412520 0.8892824773 2 0.4737264725 0.9069635241 2
0 0.7836345382 0.3121680429 0.0213353414 0.0680499777 0.7798852678 0.2973839912 2 0.7838733508 0.3298888522 2
0 0.8642695783 0.2973003124 0.0144327309 0.0457385096 0.8622233707 0.2796462042 2 0.8688265419 0.3041023939 2
0 0.8747924390 0.3141743353 0.0116330707 0.0365330787 0.8742440260 0.3035460570 2 0.8735750138 0.3210833239 2
0 0.8251356016 0.3569471839 0.0200320513 0.0860179706 0.8239456309 0.3319226592 2 0.8256750153 0.3682908009 2
0 0.8670067303 0.5929505004 0.0340045574 0.0365850181 0.8574385106 0.5932190579 2 0.8713440043 0.5928287632 2
0 0.9290924237 0.9308031221 0.0243454462 0.0414307914 0.9307855901 0.9222585446 2 0.9239366682 0.9397064282 2
0 0.7738629135 0.0261167656 0.0218924936 0.0522335312 0.7671948460 0.0028822534 2 0.7768855485 0.0366489700 2
0 0.8794035662 0.2272324555 0.0146073218 0.0568428570 0.8781577522 0.2085342894 2 0.8799151089 0.2441961579 2
0 0.5013265501 0.6829692414 0.0322476408 0.0405861636 0.4903110968 0.6812454427 2 0.5073457467 0.6821573749 2
0 0.1438474221 0.8629762856 0.0209832134 0.0499600320 0.1482333026 0.8498665263 2 0.1418593024 0.8689189395 2
0 0.5279592227 0.8272491904 0.0290876373 0.0678533416 0.5206087417 0.8084766475 2 0.5324673293 0.8378238628 2
0 0.7360139860 0.9502072002 0.0182109557 0.0446775447 0.7385631532 0.9386959374 2 0.7333699149 0.9606737220 2
0 0.9226204099 0.8723495449 0.0146729732 0.0501727050 0.9232847306 0.8573955034 2 0.9246931552 0.8835072487 2
0 0.8192380536 0.2049339549 0.0258595571 0.0330225330 0.8142116397 0.2043095149 2 0.8247864586 0.2062249751 2
0 0.8121357809 0.3907666408 0.0080128205 0.0433825434 0.8121793245 0.3768054620 2 0.8125272714 0.3979400185 2
0 0.9405230186 0.9650997151 0.0112907925 0.0446775447 0.9432080705 0.9543316624 2 0.9401874817 0.9774289407 2
0 0.7373486674 0.7990779200 0.0352564103 0.0325692826 0.7514573666 0.8081591617 2 0.7331542998 0.7959798397 2
0 0.0251436782 0.2984514687 0.0152658046 0.0462962963 0.0261228868 0.2853129143 2 0.0221002910 0.3084170545 2
0 0.1329813003 0.9035851824 0.0218932576 0.0427568032 0.1357091058 0.8891136065 2 0.1304718373 0.9082595521 2
0 0.0572467672 0.9653575990 0.0139188218 0.0470945083 0.0569631911 0.9529918704 2 0.0569631911 0.9754710673 2
0 0.2336280548 0.7580774696 0.0312356322 0.0315197957 0.2241142321 0.7554891380 2 0.2393334496 0.7625753346 2
0 0.3004470296 0.5296468162 0.0308641975 0.0342935528 0.2900616926 0.5305499063 2 0.3062636060 0.5291176929 2
0 0.6817215237 0.6202157885 0.0301097140 0.0624784759 0.6742971389 0.6370879003 2 0.6843395319 0.6119382552 2
0 0.7228009259 0.6330589849 0.0142746914 0.0493827160 0.7237817150 0.6148197698 2 0.7223563342 0.6413268211 2
0 0.7645343592 0.6479859422 0.0200617284 0.0637860082 0.7612875490 0.6655058728 2 0.7645276296 0.6350377463 2
0 0.8307473607 0.7321326916 0.0281982611 0.0549086581 0.8363369779 0.7191597382 2 0.8260061036 0.7376888006 2
0 0.8647940912 0.6340021903 0.0282881114 0.0312722474 0.8762783425 0.6301996037 2 0.8595882801 0.6357259028 2
0 0.8776324823 0.5188767753 0.0136350715 0.0539672226 0.8778157539 0.5024070255 2 0.8780321742 0.5307500773 2
0 0.8200231481 0.4609053498 0.0127314815 0.0534979424 0.8204443036 0.4776336275 2 0.8204443036 0.4515711793 2
0 0.9507911179 0.5617072642 0.0132391163 0.0472168075 0.9532781266 0.5450534654 2 0.9525954335 0.5724320324 2
0 0.9855324074 0.5610425240 0.0165895062 0.0548696845 0.9827740664 0.5484699599 2 0.9868081227 0.5703761077 2
0 0.9535765621 0.4979285125 0.0166975267 0.0487478127 0.9483878072 0.4853948082 2 0.9553362705 0.5034828714 2
0 0.7932377375 0.5327601440 0.0300472297 0.0348554986 0.7837932486 0.5388193111 2 0.7982625212 0.5292984045 2
0 0.7568207992 0.5517231457 0.0224358974 0.0505698006 0.7625189229 0.5392946077 2 0.7548827033 0.5639305610 2
0 0.7438964198 0.4341734098 0.0267885662 0.0503378908 0.7476104224 0.4206056256 2 0.7401280699 0.4453678485 2
0 0.1680473761 0.8187255769 0.0152310053 0.0532760697 0.1662356968 0.8032263934 2 0.1663997070 0.8304468187 2
0 0.9187736891 0.4479716032 0.0174595142 0.0309641625 0.9152787481 0.4532242530 2 0.9227729711 0.4402620128 2
0 0.9590502699 0.9605638027 0.0145917679 0.0379367221 0.9615558892 0.9481334188 2 0.9577903826 0.9675295325 2
0 0.1712532836 0.1416454057 0.0221503831 0.0415070243 0.1663402023 0.1324838265 2 0.1758131276 0.1462555937 2
0 0.0510669296 0.9208245793 0.0132319820 0.0375375375 0.0486284081 0.9080811179 2 0.0542408499 0.9298343627 2
0 0.2776594231 0.3660434735 0.0187401016 0.0420904820 0.2760757629 0.3602339847 2 0.2836252748 0.3759199365 2
0 0.4520428500 0.4315660594 0.0305778589 0.0431522033 0.4424633248 0.4181236429 2 0.4563852489 0.4376595069 2
0 0.3808381831 0.6013315627 0.0222348261 0.0512708572 0.3874799508 0.5838570704 2 0.3778274698 0.6092527500 2
0 0.4014661091 0.6173780710 0.0351356028 0.0328140877 0.4125713237 0.6158993569 2 0.3928024520 0.6122880534 2
0 0.5934471196 0.7283904922 0.0216629794 0.0581776467 0.5967588579 0.7132626450 2 0.5919459087 0.7352479453 2
0 0.6749718468 0.9031114448 0.0211148649 0.0654821488 0.6767414963 0.8797040664 2 0.6741696647 0.9137220094 2
0 0.7122747748 0.6422255589 0.0197072072 0.0600600601 0.7077558190 0.6268936871 2 0.7114489133 0.6578657238 2
0 0.8441694096 0.2521206142 0.0326756736 0.0549658660 0.8376285888 0.2663504900 2 0.8508959737 0.2489959321 2
0 0.1965408805 0.6620370370 0.0196540881 0.0384346611 0.1921506315 0.6512780072 2 0.2000168268 0.6735718941 2
0 0.1792780398 0.7128513472 0.0182783019 0.0681244662 0.1795299746 0.6949751505 2 0.1798983206 0.7294583047 2
0 0.2496055170 0.4732730973 0.0176886792 0.0506638714 0.2509353440 0.4534771046 2 0.2490027065 0.4822466208 2
0 0.3550019654 0.0497030049 0.0260416667 0.0401816911 0.3594565405 0.0592161105 2 0.3485051436 0.0406868503 2
0 0.4994595126 0.0339797345 0.0358687107 0.0471698113 0.5079876939 0.0209904546 2 0.4925916115 0.0396691851 2
0 0.1906501699 0.7735967783 0.0163578111 0.0632789850 0.1906393965 0.7590973492 2 0.1900229798 0.7906766906 2
0 0.6451634824 0.9639725933 0.0266775396 0.0490663077 0.6508873931 0.9501215666 2 0.6425688338 0.9702512637 2
0 0.7224390339 0.9285060923 0.0400357254 0.0268716993 0.7103609708 0.9289653194 2 0.7310290657 0.9295768500 2
0 0.8043301797 0.6765548651 0.0251436782 0.0363984674 0.7978386188 0.6746905678 2 0.8072728043 0.6773999511 2
0 0.7840788154 0.4552042810 0.0324926468 0.0667503697 0.7926178763 0.4747971719 2 0.7814383166 0.4442810578 2
0 0.8474911121 0.3496781151 0.0300762911 0.0515127804 0.8369914483 0.3391429417 2 0.8533513057 0.3623015163 2
0 0.8962640280 0.4387760945 0.0194395540 0.0341639616 0.9042896995 0.4313161394 2 0.8925244365 0.4406560597 2
0 0.9352992958 0.4856546688 0.0183392019 0.0456442358 0.9420330503 0.4704232914 2 0.9363269535 0.4952629539 2
0 0.2697669829 0.5565223686 0.0339598540 0.0384482293 0.2589479518 0.5626692224 2 0.2805817929 0.5544468032 2
0 0.2081250000 0.7022222222 0.0187500000 0.0459259259 0.2103750906 0.6911532883 2 0.2023247045 0.7100344318 2
0 0.2900905450 0.8625932254 0.0175751143 0.0492238912 0.2855977621 0.8773040388 2 0.2910008101 0.8565782717 2
0 0.6545767905 0.7781275841 0.0160256410 0.0587606838 0.6536968956 0.7599156820 2 0.6549756469 0.7863830392 2
0 0.9470942982 0.5077972710 0.0158991228 0.0526315789 0.9487072661 0.4917422856 2 0.9480523210 0.5177507430 2
0 0.7947485083 0.2507858824 0.0345560137 0.0621778255 0.7851253400 0.2320196149 2 0.7991106905 0.2592926315 2
0 0.8614824630 0.6858541372 0.0201577144 0.0650855291 0.8615840180 0.6695487273 2 0.8612506110 0.6970801536 2
0 0.6932964359 0.5504039255 0.0297142094 0.0462962963 0.6840736555 0.5393807365 2 0.6974771223 0.5554007371 2
0 0.7737970305 0.1492923939 0.0296628835 0.0508420201 0.7829144098 0.1590357029 2 0.7696641224 0.1448757519 2
0 0.7810329861 0.1229056437 0.0294518849 0.0672398589 0.7710270368 0.1038234575 2 0.7830712487 0.1408948626 2
0 0.9780633608 0.1965712211 0.0118062850 0.0404087561 0.9782725329 0.1813583999 2 0.9795070304 0.2046933042 2
0 0.4189398802 0.1230803975 0.0410159036 0.0459199036 0.4029974457 0.1278999057 2 0.4261937949 0.1118276774 2
0 0.3065025491 0.6938098330 0.0363258020 0.0827777386 0.3157939024 0.7193001833 2 0.3025156292 0.6787768607 2
0 0.4239073885 0.7720327178 0.0382658902 0.0416095666 0.4330876404 0.7808917111 2 0.4170600424 0.7678321868 2
0 0.4320175439 0.7392787524 0.0263157895 0.0614035088 0.4258411036 0.7260845859 2 0.4333964181 0.7507452156 2
0 0.4542695127 0.7880757246 0.0320023370 0.0462785106 0.4644772187 0.7735486472 2 0.4496423596 0.7946608488 2
0 0.2009154040 0.9633370744 0.0147306397 0.0505050505 0.1977531014 0.9462585518 2 0.1998464928 0.9745551222 2
0 0.6284246575 0.7927447996 0.0256849315 0.0532724505 0.6234321862 0.7817389267 2 0.6306877448 0.7977337618 2
0 0.6558925292 0.2761624646 0.0220692090 0.0612052731 0.6625478550 0.2570997973 2 0.6517849711 0.2878828089 2
0 0.0569998738 0.3226490334 0.0228161728 0.0253302730 0.0667920352 0.3196849152 2 0.0531605631 0.3239896314 2
0 0.0740427167 0.3188385768 0.0117877551 0.0453609569 0.0711738571 0.3115709064 2 0.0747513684 0.3300041850 2
0 0.2264538715 0.6335715646 0.0192573806 0.0586205907 0.2231535748 0.6154030821 2 0.2295007722 0.6434038871 2
0 0.0622531497 0.7011030378 0.0146360364 0.0533224455 0.0631344401 0.6859705130 2 0.0618536607 0.7079626113 2
0 0.8595521542 0.4458301839 0.0170068027 0.0529100529 0.8583695143 0.4313176404 2 0.8594480776 0.4549561622 2
0 0.9214092869 0.6173883685 0.0140931373 0.0413943355 0.9226061171 0.6056325540 2 0.9208667637 0.6227172792 2
0 0.1006044631 0.3849994981 0.0145769817 0.0653919502 0.1019913729 0.3627121562 2 0.0995092616 0.3908393971 2
0 0.3299506014 0.0933562428 0.0187929553 0.0496372661 0.3333866192 0.0770283189 2 0.3283930545 0.1007576907 2
0 0.3386899174 0.1258911099 0.0311426117 0.0496372661 0.3282108982 0.1378290037 2 0.3431138301 0.1115023940 2
0 0.3610932131 0.1453799160 0.0177190722 0.0505918289 0.3656034203 0.1275357163 2 0.3609370815 0.1549476388 2
0 0.3014750608 0.5584617464 0.0288929440 0.0331170587 0.2932352570 0.5626058635 2 0.3082608805 0.5548865712 2
0 0.2988718644 0.5281751386 0.0368765207 0.0283860503 0.2919179451 0.5290865141 2 0.3074257627 0.5260360292 2
0 0.3360705596 0.5564341714 0.0372566910 0.0398756421 0.3503314009 0.5614726295 2 0.3291530035 0.5527311028 2
0 0.4393911048 0.8585381451 0.0323144769 0.0486618005 0.4490423369 0.8736372673 2 0.4332974641 0.8543102278 2
0 0.5850821168 0.9180183833 0.0334549878 0.0304136253 0.5746451776 0.9127109432 2 0.5920455814 0.9170000101 2
0 0.6890586983 0.9616112463 0.0345954988 0.0256826169 0.7019999031 0.9625513354 2 0.6831924501 0.9611851039 2
0 0.8810628255 0.9754774306 0.0134277344 0.0441261574 0.8824500415 0.9604670633 2 0.8804340005 0.9822816300 2
0 0.6910416667 0.1985185185 0.0145833333 0.0488888889 0.6871051399 0.1788351641 2 0.6928260942 0.2074409831 2
0 0.8416418651 0.4728835979 0.0167410714 0.0617283951 0.8410860838 0.4594729280 2 0.8443443864 0.4889582118 2
0 0.6393884892 0.6085131894 0.0191097122 0.0472954969 0.6458164023 0.6216386915 2 0.6383439652 0.5952034633 2
0 0.7291291966 0.6787903011 0.0292266187 0.0413002931 0.7199729920 0.6732410870 2 0.7326028244 0.6765621225 2
0 0.7905800360 0.6468158806 0.0232314149 0.0413002931 0.7861989742 0.6344714616 2 0.7959688079 0.6541828807 2
0 0.7540235548 0.6084209209 0.0260416667 0.0435852519 0.7614992049 0.5925188772 2 0.7491127974 0.6132686042 2
0 0.0470538121 0.6400740348 0.0157340823 0.0575267075 0.0486316544 0.6232015390 2 0.0463385761 0.6477223372 2
0 0.7407798221 0.8539762806 0.0289478087 0.0377053966 0.7342296248 0.8487494654 2 0.7476624827 0.8560629103 2
0 0.1111076753 0.9486846230 0.0166301801 0.0404911934 0.1061640272 0.9363274960 2 0.1162856228 0.9579779678 2
0 0.1437483644 0.5693395852 0.0249875285 0.0242303307 0.1344708024 0.5688896001 2 0.1479538833 0.5695435635 2
0 0.2784834341 0.6489531168 0.0158163019 0.0478003792 0.2784093892 0.6335702096 2 0.2766202828 0.6512908825 2
0 0.6101986151 0.8094906068 0.0166359881 0.0525212803 0.6073926938 0.7943358211 2 0.6092989606 0.8159284577 2
0 0.1211715838 0.2706585083 0.0254460326 0.0297274286 0.1278360209 0.2636273252 2 0.1181505945 0.2738457436 2
0 0.0947561785 0.2949140683 0.0230226009 0.0301582609 0.1006935861 0.2969303635 2 0.0920647517 0.2940000817 2
0 0.2035077975 0.3129978648 0.0215917272 0.0386227792 0.1959394203 0.3025200233 2 0.2069385428 0.3177474703 2
0 0.2086119034 0.2740559668 0.0176910512 0.0448065590 0.2083138213 0.2592698024 2 0.2087470240 0.2807585352 2
0 0.1012994441 0.7621688520 0.0191451102 0.0305890932 0.1069945085 0.7695705509 2 0.0985124976 0.7575072465 2
0 0.1055404495 0.7876725576 0.0184180807 0.0374824099 0.0999665566 0.7840880328 2 0.1067521653 0.7965821695 2
0 0.0832448781 0.6386481878 0.0247190031 0.0336049192 0.0764592694 0.6354944954 2 0.0876070551 0.6410953153 2
0 0.1021476452 0.2450165273 0.0242343168 0.0387749068 0.0958467228 0.2552186361 2 0.1057827927 0.2427244994 2
0 0.1792127725 0.2055953720 0.0155099627 0.0392057391 0.1772182882 0.1968408597 2 0.1798840630 0.2101966609 2
0 0.0482262904 0.1361430062 0.0118748152 0.0512690435 0.0481051188 0.1251567826 2 0.0481051188 0.1471292298 2
0 0.0587682181 0.1148168074 0.0145405901 0.0499765466 0.0604646203 0.1018918385 2 0.0580411886 0.1255876149 2
0 0.1318346832 0.0344665838 0.0210838556 0.0555773664 0.1353486591 0.0200337019 2 0.1297747663 0.0523461242 2
0 0.1382010382 0.1867658012 0.0310199255 0.0232649441 0.1467387880 0.1824574782 2 0.1312288253 0.1902124596 2
0 0.0407136522 0.4479896043 0.0152676196 0.0443757267 0.0410771669 0.4301876138 2 0.0439852849 0.4538833902 2
0 0.0229014293 0.4441143515 0.0218108851 0.0366207453 0.0279906359 0.4349290069 2 0.0205944920 0.4482780682 2
0 0.0279681076 0.4754503458 0.0175815509 0.0426716988 0.0275953257 0.4604406062 2 0.0283100248 0.4794992484 2
0 0.2138193559 0.5095904016 0.0308303437 0.0312112826 0.2053349232 0.5109479631 2 0.2218946655 0.5089544328 2
0 0.1947972939 0.4745748663 0.0254460326 0.0473915528 0.2028600511 0.4572037080 2 0.1886829758 0.4890852981 2
0 0.1015417872 0.5470870003 0.0215685419 0.0417907329 0.1094179402 0.5387633203 2 0.0979715271 0.5508601245 2
0 0.0883946704 0.4733274666 0.0181757376 0.0426523975 0.0919086463 0.4611262959 2 0.0860784756 0.4837406833 2
0 0.1088034170 0.4090553097 0.0229856042 0.0259439615 0.1009099255 0.4069830001 2 0.1119346981 0.4105081073 2
0 0.6252926937 0.2581185285 0.0397442795 0.0594548571 0.6150585417 0.2726289603 2 0.6320225634 0.2454865255 2
0 0.6783419487 0.2804774567 0.0176910512 0.0598856894 0.6775591803 0.2656912922 2 0.6775591803 0.2906795655 2
0 0.6380874059 0.3529448665 0.0174487081 0.0641940124 0.6421515008 0.3325578821 2 0.6353658921 0.3605619815 2
0 0.6184563506 0.2984859484 0.0252036894 0.0417907329 0.6259132498 0.2901622684 2 0.6142807778 0.3061030634 2
0 0.6565061160 0.3426484967 0.0208415124 0.0594548571 0.6532999159 0.3252773385 2 0.6579044361 0.3554355993 2
0 0.5822975331 0.0967218509 0.0208415124 0.0629015155 0.5807877352 0.0786268944 2 0.5836958532 0.1079234906 2
0 0.5278642367 0.1158938882 0.0198721397 0.0788423105 0.5290202136 0.0945676894 2 0.5261120956 0.1354967577 2
0 0.6346338060 0.0274655590 0.0271424348 0.0280040994 0.6435259826 0.0198721397 2 0.6303388343 0.0327860417 2
0 0.6374681258 0.0794454757 0.0203568261 0.0496318807 0.6392506548 0.0648523242 2 0.6369675883 0.0893815025 2
0 0.0593256074 0.7823157714 0.0137650919 0.0379132422 0.0580654230 0.7753121616 2 0.0605839743 0.7914364912 2
0 0.0813497545 0.7500072793 0.0130283687 0.0504590787 0.0813497545 0.7355809459 2 0.0793334594 0.7642571437 2
0 0.0721213267 0.7347384334 0.0141140661 0.0435657620 0.0714233784 0.7219664961 2 0.0729743746 0.7467824365 2
0 0.0985124976 0.6890987991 0.0169640217 0.0460990559 0.0958782856 0.6746901127 2 0.0992284375 0.7009398629 2
0 0.0656846922 0.5988287865 0.0158201620 0.0405327026 0.0627377992 0.6119757202 2 0.0677009873 0.5888141759 2
0 0.1091688114 0.9444484835 0.0196297966 0.0336049192 0.1040530053 0.9320285879 2 0.1128626641 0.9509989956 2
0 0.1577102642 0.1524691376 0.0178674771 0.0631052820 0.1546775578 0.1429398165 2 0.1594422183 0.1666572379 2
0 0.1096602833 0.0566544472 0.0290811801 0.0491148820 0.1159612057 0.0506227950 2 0.1086909107 0.0691485838 2
0 0.0999665566 0.3395040923 0.0179333944 0.0297274286 0.0958467228 0.3361349837 2 0.1031170178 0.3438899651 2
0 0.1912087593 0.2801793054 0.0138135606 0.0551465341 0.1938187952 0.2718556254 2 0.1894566181 0.2938280726 2
0 0.1951111232 0.3565666923 0.0208415124 0.0538540372 0.1889968051 0.3404880310 2 0.1962671001 0.3723696210 2
0 0.0599966056 0.2164275631 0.0189061731 0.0509585740 0.0635033958 0.2036011816 2 0.0590817908 0.2244725125 2
0 0.0777049133 0.2154419066 0.0150446638 0.0350180492 0.0808844556 0.2057030286 2 0.0760763672 0.2200411275 2
0 0.0800314077 0.1122231970 0.0125630698 0.0427385640 0.0801089575 0.0994016278 2 0.0782477620 0.1198058454 2
0 0.0764592694 0.0697948323 0.0218108851 0.0486840497 0.0803367601 0.0566544472 2 0.0747016029 0.0757513688 2
0 0.1783651264 0.4133944421 0.0191451102 0.0361899130 0.1842467951 0.4207961410 2 0.1758750646 0.4084739306 2
0 0.8183500583 0.4466117615 0.0140559037 0.0547157018 0.8192636920 0.4357030877 2 0.8185366625 0.4637071871 2
0 0.4683662617 0.2223538533 0.0249613463 0.0465298882 0.4763078473 0.2118760118 2 0.4651600616 0.2316942975 2
0 0.3728771794 0.2182165589 0.0317469550 0.0456682236 0.3804552503 0.2088157982 2 0.3650664591 0.2284186677 2
0 0.0244766599 0.3831478516 0.0109054425 0.0396365714 0.0255672042 0.3722391778 2 0.0236284588 0.3950732896 2
0 0.9408884739 0.5391373088 0.0189810359 0.0491163094 0.9399085882 0.5237048959 2 0.9396662450 0.5452465108 2
0 0.9468569235 0.4306838084 0.0136886819 0.0440167837 0.9479059127 0.4426092464 2 0.9435437357 0.4214984638 2
0 0.9890220484 0.2525130393 0.0198628027 0.0318061772 0.9955555246 0.2632062081 2 0.9865344340 0.2484110548 2
0 0.9202977913 0.7449622608 0.0181032285 0.0368300264 0.9229795011 0.7351760010 2 0.9184530735 0.7523993666 2
0 0.9024564384 0.6074816295 0.0215203835 0.0327526296 0.9005323096 0.6188716387 2 0.9033286459 0.6023185382 2
0 0.9073810977 0.2461608718 0.0181438274 0.0292740744 0.9143184434 0.2452609651 2 0.9042363988 0.2465687995 2
0 0.0823889220 0.3735749015 0.0140210063 0.0178674771 0.0792583911 0.3757101753 2 0.0850901371 0.3746072446 2
0 0.9466519322 0.8749361118 0.0127181694 0.0493561481 0.9482029285 0.8609921314 2 0.9440152385 0.8902197945 2
0 0.9676822009 0.8786087084 0.0184878756 0.0465436748 0.9708462333 0.8659647111 2 0.9655108061 0.8871409802 2
0 0.9928343972 0.6173018543 0.0127957193 0.0406705689 0.9907017773 0.6065069203 2 0.9928343972 0.6240848780 2
0 0.3883474298 0.0186119553 0.0314852243 0.0292276631 0.3985483322 0.0169575592 2 0.3819526721 0.0197148860 2
0 0.8600565144 0.0221878633 0.0215685419 0.0267116025 0.8529073910 0.0269270186 2 0.8623587745 0.0252036894 2
0 0.9320913462 0.6438746439 0.0212339744 0.0413105413 0.9275329390 0.6486450298 2 0.9357235382 0.6353977449 2
0 0.9137957772 0.7057054666 0.0244728325 0.0316787157 0.9047334681 0.7096065184 2 0.9178919447 0.7018650006 2
0 0.4321941899 0.9651404971 0.0157038373 0.0448065590 0.4311802261 0.9534218586 2 0.4315679752 0.9754804723 2
0 0.7609714286 0.3781301497 0.0212486489 0.0449444253 0.7601602575 0.3654960788 2 0.7623316523 0.3894848211 2
0 0.3297936135 0.1844893738 0.0243688187 0.0623629715 0.3359483225 0.1624933847 2 0.3270036839 0.1944601557 2
0 0.3081758623 0.1878668492 0.0325709217 0.0435657620 0.2989893114 0.2007380503 2 0.3138788756 0.1830911594 2
0 0.4597873975 0.0277886832 0.0370785046 0.0387749068 0.4497955887 0.0355436646 2 0.4677289831 0.0213261988 2
0 0.4658912840 0.0745856874 0.0335015195 0.0281247324 0.4554639361 0.0748614201 2 0.4731452936 0.0710011627 2
0 0.4594714702 0.1893507950 0.0189027671 0.0637631801 0.4567499564 0.2134774037 2 0.4620815061 0.1755641614 2
0 0.8536375283 0.0713513432 0.0195580630 0.0407395021 0.8519272137 0.0553230031 2 0.8549051266 0.0764992722 2
0 0.0851230376 0.7085742628 0.0215079561 0.0376978261 0.0939128243 0.7162065432 2 0.0811386273 0.7051145502 2
0 0.1171002186 0.9196446064 0.0137650919 0.0413599006 0.1189420267 0.9089599654 2 0.1160339087 0.9289505841 2
0 0.1478293322 0.9784282268 0.0138135606 0.0431435463 0.1489198765 0.9702122549 2 0.1489198765 0.9917538698 2
0 0.9397127749 0.6939089839 0.0201629515 0.0279179329 0.9468861326 0.6889733691 2 0.9364610918 0.6961462981 2
0 0.9256629297 0.7163742028 0.0116930578 0.0310630087 0.9268910037 0.7041148698 2 0.9242858147 0.7191940002 2
0 0.9346770002 0.7615658303 0.0125320499 0.0474260194 0.9375928732 0.7478189023 2 0.9341186415 0.7742892386 2
0 0.9687368783 0.8288249663 0.0146414048 0.0518377421 0.9688609580 0.8106663155 2 0.9674960813 0.8437542360 2
0 0.9887614810 0.6837610133 0.0144242653 0.0397055046 0.9860472375 0.6949778183 2 0.9903900271 0.6806397194 2
0 0.9564474430 0.4477474278 0.0128441879 0.0486840497 0.9560888884 0.4286436095 2 0.9552947783 0.4533492568 2
0 0.9582068544 0.2168714493 0.0172160586 0.0352937819 0.9530110169 0.2144394871 2 0.9618516957 0.2262959919 2
0 0.9068287458 0.2764706417 0.0162369922 0.0396365714 0.9117967807 0.2668544648 2 0.9045767355 0.2808296547 2
0 0.9688492957 0.2992924661 0.0122767857 0.0443121693 0.9682627388 0.2870912954 2 0.9691151819 0.3048232567 2
0 0.8259808327 0.7872507355 0.0178364571 0.0306063264 0.8205166728 0.7842673080 2 0.8299777501 0.7919878228 2
0 0.8397068140 0.7614507818 0.0193874534 0.0355695145 0.8468057239 0.7740462502 2 0.8374997463 0.7555721613 2
0 0.7928059136 0.8056343171 0.0252036894 0.0654865093 0.7984918902 0.7904323995 2 0.7881923055 0.8200521199 2
0 0.6969924810 0.8627534831 0.0171229989 0.0392643323 0.6931174719 0.8523153471 2 0.6980806600 0.8723886855 2
0 0.8111593347 0.9624894722 0.0239284228 0.0470707911 0.8081954777 0.9801213978 2 0.8161928023 0.9577181183 2
0 0.1022557458 0.8579275646 0.0174952380 0.0244850612 0.1084311925 0.8644745611 2 0.0994564158 0.8549598111 2
0 0.0328035712 0.4068069442 0.0217139478 0.0237130097 0.0267546857 0.4133362939 2 0.0348198663 0.4069944425 2
0 0.9409991324 0.1871966335 0.0133288742 0.0508382112 0.9399085882 0.1751333291 2 0.9428167062 0.2009832670 2
0 0.9302101309 0.1807362758 0.0140210063 0.0533818451 0.9284109752 0.1623570389 2 0.9315129678 0.1890479615 2
0 0.9295897324 0.1404352606 0.0147654845 0.0487495362 0.9343668009 0.1241515920 2 0.9282868955 0.1530483759 2
0 0.9431412779 0.1439748444 0.0112763633 0.0423525382 0.9437583015 0.1324944831 2 0.9428053694 0.1525413512 2
0 0.9774392082 0.9063501557 0.0119426713 0.0339151185 0.9806187506 0.8965616459 2 0.9751902636 0.9111754775 2
0 0.9801815533 0.9313279881 0.0165174899 0.0272185646 0.9852003290 0.9244025010 2 0.9773227569 0.9359223914 2
0 0.9464645719 0.6093100999 0.0165026003 0.0207350968 0.9424319815 0.6099012707 2 0.9514897998 0.6103424430 2
0 0.9303962505 0.5928666149 0.0096782167 0.0324261621 0.9318852069 0.6020606450 2 0.9297758520 0.5857372709 2
0 0.8489794929 0.8419224599 0.0147344646 0.0479085515 0.8517460825 0.8258954984 2 0.8467053446 0.8500221071 2
0 0.3563844525 0.3509183003 0.0279179329 0.0478671916 0.3502760088 0.3660681561 2 0.3600783052 0.3426860257 2
0 0.8701584156 0.4039697159 0.0250177213 0.0466820472 0.8652716606 0.3903251398 2 0.8760914106 0.4164425384 2
0 0.8906106032 0.4087596287 0.0207833501 0.0380511086 0.8956156682 0.3992964834 2 0.8849137939 0.4158404437 2
0 0.8873263248 0.4838949649 0.0125630698 0.0443929600 0.8862049545 0.4995234927 2 0.8891518474 0.4766376810 2
0 0.8603081232 0.5195881708 0.0274526340 0.0261946037 0.8683376309 0.5192242037 2 0.8543786644 0.5222572630 2
0 0.8931240339 0.5605488877 0.0274339653 0.0384766927 0.8854046508 0.5490460530 2 0.8966232303 0.5657631226 2
0 0.8698006272 0.5512876066 0.0199438268 0.0257397551 0.8640048941 0.5483150231 2 0.8746777337 0.5576890516 2
0 0.6094525843 0.6447026393 0.0221016969 0.0413599006 0.6154181037 0.6585513127 2 0.6043672552 0.6395946916 2
0 0.6332218563 0.6968032318 0.0302301865 0.0369075369 0.6231362199 0.6994003286 2 0.6410696143 0.6886295211 2
0 0.6564392322 0.9011112350 0.0190772542 0.0377753759 0.6512852716 0.8913227252 2 0.6595055518 0.9078666854 2
0 0.6799417073 0.9831673821 0.0162369922 0.0336652358 0.6796436252 0.9749514102 2 0.6835211159 0.9913230375 2
0 0.0647696044 0.8887556707 0.0102986153 0.0324261621 0.0652038833 0.8796410515 2 0.0649557239 0.8961850118 2
0 0.3901338591 0.5147302267 0.0351397593 0.0560081987 0.4043763671 0.5064065467 2 0.3801420503 0.5288098262 2
0 0.2518225713 0.6345504324 0.0387749068 0.0348974161 0.2629146181 0.6395825537 2 0.2423154488 0.6374283922 2
0 0.8339257778 0.0961402618 0.0285879633 0.0402349113 0.8426856062 0.1027049052 2 0.8279151585 0.0916932452 2
0 0.9665537149 0.2872601517 0.0156877510 0.0613565373 0.9682423664 0.2656191411 2 0.9667387084 0.3001759361 2
0 0.9824950037 0.4588390038 0.0124706573 0.0423839332 0.9829172301 0.4422174937 2 0.9832201591 0.4641899409 2
0 0.9101255422 0.9775999119 0.0132648150 0.0430979429 0.9097443693 0.9647247403 2 0.9095919002 0.9874934649 2
