0 0.4256822612 0.5736205870 0.0203460039 0.0729234351 0.4295523312 0.5461668546 2 0.4239279585 0.5860653639 2
0 0.3888165509 0.6680169753 0.0218460648 0.0652006173 0.3908163169 0.6513421222 2 0.3879179109 0.6791032040 2
0 0.3642578125 0.6174768519 0.0253906250 0.0659722222 0.3591338299 0.5957756280 2 0.3673352840 0.6243092412 2
0 0.4308621066 0.7376934408 0.0231825466 0.0656646594 0.4254210533 0.7235836535 2 0.4321112399 0.7512040069 2
0 0.3909505208 0.7858796296 0.0175781250 0.0671296296 0.3905670746 0.7714550547 2 0.3911054836 0.7960224572 2
0 0.4983974359 0.8162393162 0.0384615385 0.0427350427 0.4853441609 0.8114155115 2 0.5066497115 0.8256935769 2
0 0.5517433955 0.7213373047 0.0284576535 0.0634982302 0.5548791455 0.7054295494 2 0.5479189367 0.7368165073 2
0 0.5724648998 0.8075369676 0.0336538462 0.0498575499 0.5820281360 0.7989593868 2 0.5683635813 0.8199550836 2
0 0.6181570276 0.7183309471 0.0266648860 0.0679012346 0.6192152184 0.7030951235 2 0.6175814256 0.7279449100 2
0 0.6414262821 0.7314814815 0.0200320513 0.0783475783 0.6449385557 0.7045923245 2 0.6398341684 0.7436703363 2
0 0.6706730769 0.7649572650 0.0240384615 0.0683760684 0.6719115604 0.7453901401 2 0.6690781296 0.7741509863 2
0 0.6549425849 0.7927980079 0.0152243590 0.0555555556 0.6541066848 0.7755794823 2 0.6553214985 0.8006031655 2
0 0.6205105474 0.8028454669 0.0235270049 0.0398304742 0.6293113394 0.7979806853 2 0.6178480656 0.8056228678 2
0 0.6364771866 0.8076217997 0.0139821029 0.0366641810 0.6324372659 0.7938187114 2 0.6383084826 0.8138787396 2
0 0.6212453757 0.8348508670 0.0167785235 0.0509569973 0.6171399937 0.8184521109 2 0.6238835008 0.8424290250 2
0 0.6029432327 0.8693760875 0.0223713647 0.0658712404 0.6087390270 0.8500561529 2 0.6014306536 0.8838683865 2
0 0.6791544943 0.8111605167 0.0342737537 0.0542884619 0.6895896992 0.7952253407 2 0.6744242159 0.8183839320 2
0 0.7394720442 0.7083860926 0.0222133191 0.0592223277 0.7408031861 0.6931273361 2 0.7388686375 0.7153028870 2
0 0.7473958333 0.7371399177 0.0156250000 0.0565843621 0.7484501798 0.7136859147 2 0.7482989027 0.7458238961 2
0 0.7612847222 0.7237654321 0.0156250000 0.0545267490 0.7601895585 0.7007755656 2 0.7615744316 0.7348547838 2
0 0.7233796296 0.7644032922 0.0196759259 0.0596707819 0.7199356275 0.7446330916 2 0.7249407958 0.7733651241 2
0 0.6889467593 0.9130658436 0.0167824074 0.0462962963 0.6858920894 0.9008074469 2 0.6926376732 0.9209410549 2
0 0.7173032407 0.8251028807 0.0318287037 0.0288065844 0.7109319614 0.8302944750 2 0.7253324190 0.8260276727 2
0 0.7612847222 0.8148148148 0.0179398148 0.0452674897 0.7680956027 0.8053030481 2 0.7599266389 0.8243437935 2
0 0.7951106532 0.8666929341 0.0299028072 0.0605463620 0.7966699701 0.8421616588 2 0.7961496196 0.8757724449 2
0 0.8334336153 0.8946576459 0.0168589232 0.0538651385 0.8355749482 0.8739948354 2 0.8324629491 0.9040240979 2
0 0.8521412037 0.8827160494 0.0133101852 0.0534979424 0.8549189815 0.8684236571 2 0.8534172124 0.8934690341 2
0 0.8645833333 0.8945473251 0.0115740741 0.0462962963 0.8654188506 0.8782181989 2 0.8642045934 0.9019493180 2
0 0.8423032407 0.9403292181 0.0121527778 0.0534979424 0.8419957069 0.9295835000 2 0.8422070165 0.9567563501 2
0 0.8540760709 0.9451577065 0.0160225121 0.0520714182 0.8560352605 0.9321961244 2 0.8539055783 0.9586882787 2
0 0.8596643519 0.9742798354 0.0144675926 0.0452674897 0.8554560345 0.9908488240 2 0.8605656764 0.9717655352 2
0 0.8799189815 0.9202674897 0.0190972222 0.0648148148 0.8840359742 0.8969446303 2 0.8780527487 0.9308397419 2
0 0.8629228625 0.6805987223 0.0171612680 0.0710739877 0.8630093213 0.6627930669 2 0.8627254753 0.6928576339 2
0 0.8315972222 0.6358024691 0.0162037037 0.0720164609 0.8312344872 0.6071499124 2 0.8317616500 0.6487906731 2
0 0.7857574439 0.4476239581 0.0381944444 0.0668724280 0.7977186856 0.4671175752 2 0.7866414105 0.4391536097 2
0 0.7216435185 0.3076131687 0.0231481481 0.0823045267 0.7193925151 0.2873851883 2 0.7206027320 0.3259165376 2
0 0.7560763889 0.4922839506 0.0283564815 0.0504115226 0.7471927835 0.4915500010 2 0.7625717337 0.4965209748 2
0 0.7736600783 0.4689379550 0.0288016382 0.0592750871 0.7642193558 0.4572829543 2 0.7756631621 0.4751702681 2
0 0.7643229167 0.3094135802 0.0234375000 0.0725308642 0.7675712350 0.2888298450 2 0.7628504540 0.3187441874 2
0 0.7504340278 0.2746913580 0.0251736111 0.0802469136 0.7568295839 0.2461968385 2 0.7503934305 0.2885324250 2
0 0.4711782095 0.3823823824 0.0204814189 0.0809142476 0.4719405842 0.3538431889 2 0.4708326250 0.3953191988 2
0 0.4484914602 0.3483274942 0.0214198574 0.0595178512 0.4539502198 0.3346898725 2 0.4446188289 0.3590175113 2
0 0.4240451389 0.4807098765 0.0217013889 0.0570987654 0.4279016737 0.4589423291 2 0.4222969716 0.4905771058 2
0 0.4574652778 0.4915123457 0.0190972222 0.0632716049 0.4572822187 0.4697973143 2 0.4597349708 0.5024254946 2
0 0.4817708333 0.4992283951 0.0295138889 0.0447530864 0.4901576397 0.5119792114 2 0.4779690940 0.4934484500 2
0 0.7434895833 0.5462962963 0.0130208333 0.0617283951 0.7434057483 0.5236439703 2 0.7453035884 0.5522490964 2
0 0.7548112441 0.6092559758 0.0321919326 0.0487588652 0.7640524201 0.5914663434 2 0.7491141683 0.6189945790 2
0 0.7408150963 0.6477379485 0.0302526596 0.0293866562 0.7339696424 0.6492672819 2 0.7492363558 0.6502332006 2
0 0.8180165372 0.5805568718 0.0326576577 0.0739906573 0.8278857718 0.6050996854 2 0.8135428132 0.5694316144 2
0 0.8000360515 0.6074186861 0.0321180556 0.0385802469 0.7872726641 0.6171196936 2 0.8040396305 0.6068525143 2
0 0.8003472222 0.3616597428 0.0190972222 0.0694444444 0.8008036528 0.3473978870 2 0.8042383308 0.3782584172 2
0 0.7275974893 0.4030960175 0.0159588675 0.0626022913 0.7300567089 0.3828008545 2 0.7260529644 0.4088355526 2
0 0.8420138889 0.4699074074 0.0173611111 0.0601851852 0.8414375231 0.4568320043 2 0.8448165036 0.4855801560 2
0 0.8622624174 0.4473566107 0.0152567340 0.0617283951 0.8612014760 0.4304253100 2 0.8621690507 0.4580035854 2
0 0.8641508697 0.3447655954 0.0265957447 0.0288941424 0.8559731410 0.3436250051 2 0.8692401598 0.3474645558 2
0 0.8508514332 0.3122373260 0.0187832447 0.0596598371 0.8539471301 0.2943138549 2 0.8504289238 0.3266390519 2
0 0.8893229167 0.3425925926 0.0182291667 0.0648148148 0.8903227483 0.3257388924 2 0.8888696930 0.3502323749 2
0 0.8654513889 0.2114197531 0.0225694444 0.0617283951 0.8621468367 0.1939016805 2 0.8668501796 0.2250005868 2
0 0.8406607435 0.1771968046 0.0233353758 0.0704429920 0.8450245425 0.2067567465 2 0.8386826333 0.1637972830 2
0 0.8132148693 0.1508714597 0.0279820261 0.0729847495 0.8083970633 0.1331074434 2 0.8147683272 0.1683163411 2
0 0.7894965278 0.0925925926 0.0164930556 0.0709876543 0.7912634169 0.0716033246 2 0.7928765810 0.1083792482 2
0 0.8007812500 0.0740740741 0.0217013889 0.0740740741 0.7991035091 0.0530677706 2 0.8060455140 0.0861425672 2
0 0.7634548611 0.1790123457 0.0407986111 0.0586419753 0.7726818788 0.1878282454 2 0.7569445955 0.1642683359 2
0 0.7999131944 0.2445987654 0.0355902778 0.0570987654 0.7878343827 0.2326096180 2 0.8053885198 0.2500334460 2
0 0.5608335129 0.8675060675 0.0220277721 0.0498849620 0.5598742851 0.8814449312 2 0.5638752771 0.8563127735 2
0 0.4403645833 0.8899691358 0.0203125000 0.0595679012 0.4362343658 0.8751875763 2 0.4422368109 0.8966696167 2
0 0.4124131944 0.9009259259 0.0210069444 0.0685185185 0.4123996232 0.8824578404 2 0.4114736316 0.9138838720 2
0 0.3697916667 0.8109567901 0.0312500000 0.0570987654 0.3753184213 0.7999948082 2 0.3672863888 0.8159258565 2
0 0.3958333333 0.9652777778 0.0295138889 0.0663580247 0.3948900530 0.9550850735 2 0.3964308013 0.9858239523 2
0 0.3424479167 0.9575617284 0.0199652778 0.0694444444 0.3426597034 0.9454944870 2 0.3425886241 0.9755689343 2
0 0.3162391260 0.9813810203 0.0298774724 0.0282867946 0.3277620561 0.9760405536 2 0.3110157818 0.9838018539 2
0 0.3034104130 0.9326602999 0.0165430483 0.0659378838 0.3025879782 0.9109703715 2 0.3007795651 0.9448168138 2
0 0.2774670996 0.9147841087 0.0298893998 0.0360907643 0.2689701189 0.9185877139 2 0.2827532237 0.9091870777 2
0 0.3071952160 0.8524519890 0.0206404321 0.0536694102 0.3076716518 0.8413023221 2 0.3088195242 0.8666830555 2
0 0.3090277778 0.7993827160 0.0121527778 0.0493827160 0.3065147074 0.7901797869 2 0.3113335710 0.8127118246 2
0 0.2612847222 0.7199074074 0.0260416667 0.0663580247 0.2597662439 0.7026524286 2 0.2647336340 0.7270951421 2
0 0.2782118056 0.6435185185 0.0182291667 0.0555555556 0.2806412059 0.6288084425 2 0.2771105584 0.6501865960 2
0 0.2782600309 0.6039094650 0.0252700617 0.0390946502 0.2803106583 0.6019055415 2 0.2708563718 0.6092100591 2
0 0.2843083783 0.5403897612 0.0292775596 0.0597770698 0.2759853319 0.5549728281 2 0.2879578838 0.5351978330 2
0 0.3326780957 0.5597491558 0.0339506173 0.0346364883 0.3456734625 0.5641256244 2 0.3274574991 0.5564212507 2
0 0.4347785285 0.1338421755 0.0153903904 0.0409576243 0.4352569180 0.1225106959 2 0.4362809934 0.1467465525 2
0 0.4687500000 0.1388888889 0.0156250000 0.0709876543 0.4692851909 0.1241414061 2 0.4705187870 0.1580494825 2
0 0.4179687500 0.2785493827 0.0199652778 0.0787037037 0.4176280464 0.2522861363 2 0.4168916020 0.2908150407 2
0 0.3806423611 0.2677469136 0.0199652778 0.0725308642 0.3853629083 0.2483697279 2 0.3790608415 0.2826702078 2
0 0.3967013889 0.2932098765 0.0190972222 0.0586419753 0.3930826204 0.2765677076 2 0.3960614042 0.3082020431 2
0 0.3034608998 0.2607689211 0.0392134662 0.0801798175 0.2934505480 0.2433521863 2 0.3079985922 0.2686639270 2
0 0.2875036358 0.1619239222 0.0194517161 0.0522429061 0.2841338728 0.1474702170 2 0.2908265301 0.1627408383 2
0 0.2643229167 0.1597222222 0.0182291667 0.0570987654 0.2675166102 0.1398543486 2 0.2628752154 0.1687283294 2
0 0.2750020187 0.2164979902 0.0251736111 0.0570987654 0.2772697726 0.1992082452 2 0.2717742878 0.2282461155 2
0 0.2785514795 0.2975040258 0.0247961957 0.0700483092 0.2795750487 0.2712991664 2 0.2794952130 0.3062567351 2
0 0.2983129241 0.3638328989 0.0249019296 0.0878558307 0.3039513648 0.3929748116 2 0.2980809479 0.3457898835 2
0 0.2567944663 0.3563804861 0.0170611547 0.0681032254 0.2546986211 0.3338164374 2 0.2577445129 0.3666087693 2
0 0.2699652778 0.4104938272 0.0190972222 0.0555555556 0.2698740164 0.3891825682 2 0.2712107560 0.4208682463 2
0 0.6614914479 0.4512263797 0.0218984210 0.0534499104 0.6604711581 0.4359618987 2 0.6638874268 0.4595563348 2
0 0.5267551370 0.9018264840 0.0192636986 0.0634195840 0.5259653009 0.8827734807 2 0.5271131697 0.9104632104 2
0 0.6245879175 0.9482404594 0.0270021754 0.0447260225 0.6177904205 0.9612803709 2 0.6298993888 0.9396994758 2
0 0.6439426370 0.9612841254 0.0274686073 0.0478853488 0.6498362784 0.9477664740 2 0.6412710493 0.9674116768 2
0 0.2594730928 0.9546895296 0.0155215281 0.0626007741 0.2582392586 0.9364084940 2 0.2597361886 0.9698421109 2
0 0.2417736872 0.9445332319 0.0143692922 0.0701927955 0.2416826723 0.9255588217 2 0.2413222848 0.9598541400 2
0 0.2282900265 0.9399005487 0.0206232629 0.0557270233 0.2296198741 0.9305747479 2 0.2272003011 0.9492731167 2
0 0.2114583333 0.9003361238 0.0135416667 0.0604388635 0.2119958454 0.8854820666 2 0.2131269197 0.9167930748 2
0 0.1925021816 0.8875779634 0.0151358612 0.0457666818 0.1910303198 0.8742634264 2 0.1954185685 0.8980821129 2
0 0.2639496660 0.8328024879 0.0221175799 0.0520040589 0.2694142586 0.8509173999 2 0.2618370275 0.8299081556 2
0 0.2359229691 0.8738278998 0.0140833811 0.0556212994 0.2390978172 0.8600256753 2 0.2354546089 0.8855363949 2
0 0.2542094749 0.8770928463 0.0249714612 0.0317097920 0.2627539441 0.8720420871 2 0.2503362670 0.8793823554 2
0 0.2017979452 0.9633434805 0.0178367580 0.0418569254 0.1979688361 0.9491893623 2 0.2005036422 0.9726406296 2
0 0.1912029110 0.9727042111 0.0185502283 0.0418569254 0.1884580367 0.9667479202 2 0.1952368324 0.9811902223 2
0 0.1888291460 0.9167847268 0.0183546390 0.0521199006 0.1854633030 0.9038513617 2 0.1904314432 0.9292424730 2
0 0.1615287162 0.8737070404 0.0114958709 0.0567233901 0.1632387973 0.8582833467 2 0.1602058213 0.8967010420 2
0 0.2001145889 0.8238574104 0.0157594809 0.0610393880 0.2011580272 0.8103063181 2 0.1994703808 0.8412031566 2
0 0.2229285223 0.8216859612 0.0177118909 0.0468345567 0.2207500550 0.8058328355 2 0.2262011434 0.8307900256 2
0 0.1809984046 0.6253608896 0.0187399058 0.0552363529 0.1818569262 0.6439454020 2 0.1815615797 0.6234680469 2
0 0.2054593373 0.6276716868 0.0220924803 0.0591088930 0.2118557958 0.6488233435 2 0.2025598227 0.6180836409 2
0 0.2122484981 0.5753957395 0.0161661800 0.0465131556 0.2120614795 0.5609797562 2 0.2123332737 0.5819305047 2
0 0.1781491862 0.7076010031 0.0159842363 0.0652129638 0.1783695012 0.6904887990 2 0.1786916170 0.7234982127 2
0 0.2021388067 0.6695156695 0.0265039448 0.0295857988 0.2124375263 0.6668539773 2 0.1977558168 0.6648041749 2
0 0.1684121687 0.6602702663 0.0298939842 0.0317773395 0.1791611715 0.6604098435 2 0.1639887607 0.6644172866 2
0 0.1556980093 0.6165816441 0.0197238659 0.0531448608 0.1511309770 0.5979632615 2 0.1577682450 0.6250213569 2
0 0.1730123828 0.5749602188 0.0151068912 0.0565226920 0.1729690426 0.5571733013 2 0.1730320289 0.5830230285 2
0 0.1898113905 0.5347359194 0.0240384615 0.0679377602 0.1863239739 0.5190075529 2 0.1913922365 0.5418655879 2
0 0.1224890653 0.5472809011 0.0157498268 0.0636674329 0.1246747303 0.5245222147 2 0.1214983033 0.5575974137 2
0 0.2388128698 0.0517751479 0.0135601578 0.0509533202 0.2384058584 0.0357512137 2 0.2389973681 0.0590387973 2
0 0.2209381164 0.0432829279 0.0135601578 0.0558842867 0.2233476226 0.0253917408 2 0.2198458872 0.0513930030 2
0 0.2056829389 0.0564321718 0.0169501972 0.0536927460 0.2062117393 0.0390127873 2 0.2054432336 0.0643283788 2
0 0.1723989152 0.0205456936 0.0114028600 0.0410913872 0.1733407053 0.0055692705 2 0.1719720017 0.0273345062 2
0 0.1585305720 0.0276682007 0.0132519724 0.0509533202 0.1585230244 0.0102946271 2 0.1585339933 0.0355436417 2
0 0.1768676036 0.0605413105 0.0141765286 0.0564321718 0.1784479874 0.0399835903 2 0.1762608786 0.0719963839 2
0 0.1717825444 0.0988932720 0.0212647929 0.0334209950 0.1792437237 0.1104004176 2 0.1696227618 0.0918711575 2
0 0.1924309665 0.1243699321 0.0114028600 0.0525969757 0.1938067155 0.1038186138 2 0.1918073394 0.1336858446 2
0 0.1227810651 0.1501205347 0.0218811637 0.0668419899 0.1276841132 0.1252739947 2 0.1205585134 0.1613834714 2
0 0.1204784339 0.0881017775 0.0175665680 0.0378040763 0.1179300588 0.0756482270 2 0.1196113139 0.0889624085 2
0 0.1389330892 0.0798013964 0.0153538509 0.0434511383 0.1355169417 0.0711080876 2 0.1403893461 0.0852077075 2
0 0.1545241617 0.0862919132 0.0132519724 0.0531448608 0.1528734246 0.0717149649 2 0.1528023838 0.0921747260 2
0 0.1055226824 0.1038242384 0.0175665680 0.0345167653 0.1010383167 0.1170243937 2 0.1075554455 0.0978406080 2
0 0.1012080868 0.1665570896 0.0151010848 0.0613631383 0.0981554693 0.1866196860 2 0.1025918383 0.1574627147 2
0 0.2093811637 0.1543788359 0.0132519724 0.0553364015 0.2095796855 0.1388062678 2 0.2086180709 0.1676053931 2
0 0.1948964497 0.1714880561 0.0175665680 0.0635546789 0.1973356844 0.1519413675 2 0.1937907446 0.1803485700 2
0 0.2381964990 0.1514902476 0.0265039448 0.0531448608 0.2483414834 0.1469482034 2 0.2335977776 0.1535491563 2
0 0.2462093195 0.1868288407 0.0154092702 0.0536927460 0.2498411908 0.2025972569 2 0.2479033139 0.1787366497 2
0 0.2638016836 0.0551407622 0.0169501972 0.0350646504 0.2654721235 0.0656801151 2 0.2647347310 0.0465406813 2
0 0.3546536699 0.1462936714 0.0157174556 0.0613631383 0.3600381845 0.1255252823 2 0.3522128694 0.1557079822 2
0 0.2432470202 0.2937845262 0.0187993097 0.0553364015 0.2461293972 0.2745298781 2 0.2419404386 0.3025126582 2
0 0.2179867098 0.3327745849 0.0300826149 0.0622605364 0.2259024880 0.3517989665 2 0.2090471774 0.3262023106 2
0 0.3243136236 0.4784186482 0.0320010251 0.0378301459 0.3365627398 0.4846603535 2 0.3175366083 0.4790504806 2
0 0.3301488253 0.4266290156 0.0364645953 0.0406022967 0.3201717365 0.4304334733 2 0.3357476022 0.4192435059 2
0 0.2463634122 0.3774928775 0.0206484221 0.0591715976 0.2447648909 0.3601379379 2 0.2470880220 0.3853598716 2
0 0.2365156307 0.4060745929 0.0231422081 0.0593549714 0.2323529864 0.3955019495 2 0.2392661170 0.4173602221 2
0 0.3419008876 0.3128424282 0.0194156805 0.0635546789 0.3456118851 0.2954102014 2 0.3402186924 0.3207444566 2
0 0.3682882375 0.3054782683 0.0172583826 0.0525969757 0.3646823511 0.2834270363 2 0.3699227858 0.3154740918 2
0 0.3267196453 0.1092300449 0.0149386305 0.0653172552 0.3272209322 0.1293436617 2 0.3264924119 0.1001125425 2
0 0.3068071705 0.1385300029 0.0218023256 0.0488084984 0.3022864348 0.1504282343 2 0.3088564200 0.1331365346 2
0 0.3136708656 0.0552684467 0.0250322997 0.0631639391 0.3065905329 0.0687877969 2 0.3163288630 0.0498893244 2
0 0.0580797697 0.5685307018 0.0174753289 0.0444688109 0.0530222756 0.5524234390 2 0.0583127220 0.5728190676 2
0 0.0510179924 0.5871433635 0.0239109848 0.0378344852 0.0440125177 0.5746501348 2 0.0512939951 0.5933678799 2
0 0.0212445175 0.6005116959 0.0137061404 0.0609161793 0.0205693989 0.5813422081 2 0.0215505488 0.6092012247 2
0 0.0231291118 0.5286306043 0.0113075658 0.0572612086 0.0246336865 0.5149657503 2 0.0244040565 0.5386431512 2
0 0.0431369617 0.5243110934 0.0124102871 0.0608054226 0.0438498132 0.5090779478 2 0.0428138261 0.5312162783 2
0 0.0394051535 0.3215155945 0.0130208333 0.0584795322 0.0426718531 0.3082548603 2 0.0379243586 0.3275266854 2
0 0.0610695423 0.6910537298 0.0121038732 0.0717266562 0.0617983617 0.6706982229 2 0.0607391684 0.7002808810 2
0 0.0493324531 0.7083333333 0.0143045775 0.0632498696 0.0482775585 0.6851226754 2 0.0498106368 0.7188547246 2
0 0.1254401408 0.7764736568 0.0293427230 0.0430359937 0.1359058255 0.7704025347 2 0.1220344106 0.7835647770 2
0 0.1341559621 0.8042271956 0.0163739397 0.0581153198 0.1343722773 0.7927063307 2 0.1314928298 0.8167369049 2
0 0.0827098005 0.8380933751 0.0165052817 0.0515127804 0.0835257381 0.8215157593 2 0.0849717806 0.8488145949 2
0 0.7027550052 0.4076755966 0.0160586171 0.0765070531 0.7035654912 0.3848725677 2 0.7023876119 0.4180122097 2
0 0.7181490385 0.4391025641 0.0252403846 0.0847578348 0.7137085116 0.4674182875 2 0.7201619293 0.4262670467 2
0 0.6787774888 0.1978946627 0.0176282051 0.0491452991 0.6768971646 0.1846483228 2 0.6796298398 0.2038992286 2
0 0.7094806235 0.2180134680 0.0161349068 0.0540015540 0.7097878240 0.2075647833 2 0.7113564180 0.2302793153 2
0 0.7247596154 0.2364672365 0.0112179487 0.0683760684 0.7247544969 0.2130003358 2 0.7247619356 0.2471047825 2
0 0.8507612179 0.1346153846 0.0212339744 0.0754985755 0.8496046526 0.1117541002 2 0.8512854890 0.1449784048 2
0 0.8649839744 0.1335470085 0.0144230769 0.0576923077 0.8649781475 0.1142952171 2 0.8674459744 0.1469253721 2
0 0.9122596154 0.1773504274 0.0320512821 0.0384615385 0.9239702317 0.1841009446 2 0.9069511930 0.1742904179 2
0 0.9030711765 0.3289698984 0.0143704675 0.0753187142 0.9045810773 0.3025832899 2 0.9040392251 0.3414239767 2
0 0.9205798636 0.6218634958 0.0184408529 0.0509739144 0.9204959254 0.6044902096 2 0.9207003419 0.6275059980 2
0 0.9222477845 0.5738633956 0.0174520367 0.0379109333 0.9240197481 0.5569782551 2 0.9214445534 0.5815174298 2
0 0.9182692308 0.3251424501 0.0200320513 0.0733618234 0.9183268324 0.3456412220 2 0.9215629989 0.3139115360 2
0 0.9360387179 0.2487918679 0.0157443399 0.0632690792 0.9357792484 0.2658691065 2 0.9378922571 0.2339940001 2
0 0.9512108262 0.2673182442 0.0158475783 0.0716735254 0.9523406837 0.2466371618 2 0.9506986618 0.2766929788 2
0 0.8571714744 0.7485754986 0.0172275641 0.0484330484 0.8573004259 0.7347154518 2 0.8569767141 0.7584255468 2
0 0.8734135536 0.7958173691 0.0131704981 0.0643891017 0.8726879528 0.7760140479 2 0.8737424685 0.8047942146 2
0 0.8834198137 0.8429526806 0.0150425029 0.0493922368 0.8823495643 0.8317525683 2 0.8837093401 0.8542889501 2
0 0.8922713123 0.8676564496 0.0167624521 0.0505534270 0.8945514803 0.8516278416 2 0.8912377121 0.8749222175 2
0 0.8879986944 0.7963163579 0.0124078295 0.0515514045 0.8855446957 0.7804613608 2 0.8869540403 0.8034928818 2
0 0.9654049106 0.5814977381 0.0151608748 0.0449653582 0.9649264495 0.5721563132 2 0.9667595895 0.5933139675 2
0 0.9358237548 0.3661132397 0.0116738506 0.0436355896 0.9345233957 0.3562184964 2 0.9378481726 0.3760245744 2
0 0.9457991372 0.3516244824 0.0148621633 0.0487151206 0.9447921481 0.3382625546 2 0.9448572676 0.3588692358 2
0 0.6986341199 0.9728607918 0.0206537356 0.0542784163 0.7008492450 0.9604376683 2 0.6958175925 0.9912132785 2
0 0.0779740633 0.9002587715 0.0115708859 0.0262094986 0.0813451269 0.9091159581 2 0.0761413301 0.8932092283 2
0 0.1693840580 0.4710144928 0.0166062802 0.0687063875 0.1686463147 0.4503731869 2 0.1697184770 0.4803711967 2
0 0.1131863446 0.4086584448 0.0238515165 0.0343520678 0.1068900423 0.4000209586 2 0.1165745328 0.4070306851 2
0 0.1091382576 0.4488265003 0.0213068182 0.0501584472 0.1047500506 0.4370950498 2 0.1093764164 0.4591466485 2
0 0.0822192513 0.4260497128 0.0173796791 0.0389681125 0.0858034435 0.4138795860 2 0.0805945370 0.4315664313 2
0 0.4076337412 0.4341991695 0.0288837874 0.0530950973 0.4153388768 0.4210932985 2 0.4041410032 0.4401400608 2
0 0.3651960784 0.4466230937 0.0361519608 0.0501089325 0.3765176815 0.4385797836 2 0.3559672629 0.4531188552 2
0 0.6977306548 0.7490079365 0.0316220238 0.0548941799 0.6877415434 0.7660699855 2 0.7022489878 0.7401734328 2
0 0.7100950517 0.5034319412 0.0317972462 0.0399326655 0.6990268803 0.4969833721 2 0.7172863198 0.5030859546 2
0 0.7553437755 0.9291960262 0.0200892857 0.0522486772 0.7486192506 0.9518660915 2 0.7591655244 0.9260397492 2
0 0.7573240214 0.9794973545 0.0215773810 0.0410052910 0.7598259463 0.9741721295 2 0.7556957052 0.9928625137 2
0 0.9282751874 0.4512541642 0.0147293871 0.0453654713 0.9330924811 0.4429076937 2 0.9263958504 0.4615584222 2
0 0.9412202381 0.1025132275 0.0141369048 0.0449735450 0.9389946728 0.0915669574 2 0.9422290868 0.1074751718 2
0 0.9534970238 0.1524470899 0.0119047619 0.0482804233 0.9515290815 0.1370244319 2 0.9543890921 0.1594381808 2
0 0.9640997024 0.1623677249 0.0122767857 0.0350529101 0.9614250209 0.1475052244 2 0.9653121355 0.1691048963 2
0 0.9808407738 0.2750000000 0.0174851190 0.0407407407 0.9774139864 0.2605335516 2 0.9810736070 0.2799938389 2
0 0.9642857143 0.3594576720 0.0126488095 0.0522486772 0.9643358774 0.3793961049 2 0.9642629754 0.3504195803 2
0 0.9723443441 0.3192581968 0.0151200095 0.0433644280 0.9687814497 0.3067455807 2 0.9739594041 0.3249301657 2
0 0.9574032738 0.6987433862 0.0122767857 0.0548941799 0.9578131719 0.6844693340 2 0.9582534472 0.7069070692 2
0 0.9731284341 0.7641941392 0.0105883700 0.0495522996 0.9727569640 0.7536642755 2 0.9732458350 0.7738007851 2
0 0.9045732913 0.9112160987 0.0100498460 0.0592046842 0.9065856922 0.8972281479 2 0.9061398815 0.9197394347 2
0 0.9302455357 0.9623353956 0.0107886905 0.0568783069 0.9306344321 0.9512601826 2 0.9310348385 0.9780008891 2
0 0.5688244048 0.9728835979 0.0193452381 0.0502645503 0.5634371375 0.9566225033 2 0.5690477054 0.9855480978 2
0 0.6346809441 0.1471173271 0.0348047786 0.0598394198 0.6453787701 0.1665974111 2 0.6281176996 0.1396383597 2
0 0.6621153846 0.1465527066 0.0267307692 0.0594871795 0.6671187299 0.1545512441 2 0.6547933058 0.1288224735 2
0 0.4244791667 0.1998062016 0.0385416667 0.0481481481 0.4339782120 0.2091190614 2 0.4181054839 0.1914330169 2
0 0.1455965909 0.2119633838 0.0236742424 0.0431397306 0.1535598700 0.2006806757 2 0.1419868365 0.2170778355 2
0 0.0454249527 0.2571601431 0.0133167614 0.0569128788 0.0456320604 0.2396561869 2 0.0431235960 0.2704930128 2
0 0.0437040524 0.2034356457 0.0107836174 0.0514414983 0.0454468922 0.1918930927 2 0.0436806891 0.2163424741 2
0 0.0213068182 0.2535188306 0.0118371212 0.0505050505 0.0214397720 0.2684711100 2 0.0206971389 0.2450669160 2
0 0.0323127070 0.2409378195 0.0117240178 0.0561309540 0.0324950868 0.2191390541 2 0.0322300342 0.2508191999 2
0 0.0800179107 0.9574236557 0.0164139362 0.0278079502 0.0848789942 0.9485129552 2 0.0799954377 0.9602680648 2
0 0.0974824263 0.9836887271 0.0133764873 0.0326225458 0.0994359760 0.9945179747 2 0.0953236684 0.9746124152 2
0 0.1078657670 0.9803240741 0.0121330492 0.0352483165 0.1103573154 0.9704233651 2 0.1075534473 0.9880773493 2
0 0.2266780334 0.1038258337 0.0203281437 0.0637270411 0.2297058135 0.0864977728 2 0.2253055407 0.1116806438 2
0 0.2818226440 0.0574019643 0.0171793194 0.0683451891 0.2842600493 0.0404708305 2 0.2840794481 0.0742637579 2
0 0.3350694444 0.3822287199 0.0301535088 0.0519818064 0.3431132952 0.3677693013 2 0.3305201825 0.3873585878 2
0 0.4129425478 0.1402103858 0.0177710605 0.0486890399 0.4139837346 0.1213017287 2 0.4124705778 0.1487816801 2
0 0.2835937500 0.7425925926 0.0130208333 0.0500000000 0.2843841591 0.7232936382 2 0.2832354575 0.7513408086 2
0 0.5364010689 0.9430531317 0.0332188045 0.0324122552 0.5479602110 0.9420149252 2 0.5315820301 0.9461992077 2
0 0.5815393781 0.9263100821 0.0281865126 0.0388500389 0.5902847178 0.9170468821 2 0.5780226039 0.9365668078 2
0 0.7123977671 0.8834175084 0.0302760147 0.0664983165 0.7225816771 0.8647413829 2 0.7116935512 0.8945429293 2
0 0.8180837087 0.8282449116 0.0286223724 0.0400400400 0.8297866729 0.8246952344 2 0.8156747144 0.8312894985 2
0 0.8422243266 0.4138608305 0.0284090909 0.0439580995 0.8514506897 0.4219283147 2 0.8380420162 0.4102038400 2
0 0.6375736532 0.6121399177 0.0305134680 0.0607931163 0.6478374352 0.6290112950 2 0.6329210808 0.6044921224 2
0 0.6373106061 0.5663112608 0.0278829966 0.0476992144 0.6470939150 0.5831234381 2 0.6343977710 0.5562396002 2
0 0.2150150768 0.2136939571 0.0243283991 0.0560428850 0.2086877778 0.2007193900 2 0.2206741363 0.2228275623 2
0 0.2713178295 0.0177110250 0.0205910853 0.0354220500 0.2716152297 0.0313192583 2 0.2673751860 0.0067946866 2
0 0.2860545866 0.9484779245 0.0165536176 0.0601931604 0.2844803908 0.9333178406 2 0.2853457826 0.9610066312 2
0 0.8438085206 0.5503537245 0.0257490637 0.0395339159 0.8507521051 0.5450361693 2 0.8379074446 0.5560078694 2
0 0.8701427903 0.4759675406 0.0163857678 0.0509779442 0.8733363342 0.4622272401 2 0.8674372811 0.4870620276 2
0 0.7515318627 0.2129629630 0.0287990196 0.0468409586 0.7410061886 0.2016373358 2 0.7569592418 0.2148526632 2
0 0.8857630009 0.1877664109 0.0323955669 0.0405891825 0.8742046985 0.1794747441 2 0.8924319027 0.1853519355 2
0 0.8710171569 0.0669934641 0.0165441176 0.0686274510 0.8716049412 0.0938327838 2 0.8737013785 0.0532949290 2
0 0.9050245098 0.5130718954 0.0171568627 0.0522875817 0.9017893089 0.4986058302 2 0.9036764706 0.5218419941 2
0 0.9474627814 0.4272371500 0.0168391431 0.0440167837 0.9432138450 0.4398501343 2 0.9521863375 0.4177789809 2
0 0.2289212478 0.6371921660 0.0160885689 0.0509016870 0.2260351009 0.6196015687 2 0.2302295382 0.6451659837 2
0 0.1030759162 0.9018809385 0.0185427574 0.0421756835 0.0974281193 0.8888061867 2 0.1049033028 0.9087079846 2
0 0.4468551589 0.9649780064 0.0199086521 0.0700439872 0.4466792228 0.9498984324 2 0.4446120891 0.9855577483 2
0 0.7524379433 0.1007354873 0.0251182033 0.0453112687 0.7469728400 0.1099748316 2 0.7547676420 0.0885318238 2
0 0.7509604019 0.0524691358 0.0199468085 0.0485946940 0.7459691107 0.0392396867 2 0.7538408381 0.0598391228 2
0 0.6951765731 0.8263983735 0.0291814421 0.0446545837 0.6904354350 0.8351509004 2 0.7035535427 0.8180159093 2
0 0.8305629433 0.5200296560 0.0306589835 0.0604135013 0.8282492926 0.5054857961 2 0.8296719832 0.5314103812 2
0 0.2546893019 0.1144494470 0.0255766369 0.0314153439 0.2460831493 0.1194000298 2 0.2583967274 0.1179494343 2
0 0.2509704125 0.0962021538 0.0251116071 0.0231481481 0.2441229841 0.0950216136 2 0.2558485315 0.0943742404 2
0 0.3940972222 0.5457818930 0.0266203704 0.0771604938 0.3917966825 0.5244344009 2 0.3951400569 0.5554587112 2
0 0.4097336352 0.7592879035 0.0381944444 0.0462962963 0.4204392733 0.7632462755 2 0.4029861263 0.7503078740 2
0 0.3677662037 0.8539094650 0.0167824074 0.0493827160 0.3679599217 0.8455739849 2 0.3676783913 0.8656437498 2
0 0.4972112121 0.9550428232 0.0279872390 0.0541185682 0.4896837876 0.9445562840 2 0.5035408086 0.9672659455 2
0 0.4782986111 0.9753086420 0.0214120370 0.0473251029 0.4779868697 0.9607390937 2 0.4801603654 0.9918718312 2
0 0.5072838119 0.8733284877 0.0364583333 0.0483539095 0.4988226871 0.8802935880 2 0.5114054645 0.8604864871 2
0 0.4815163917 0.8952001757 0.0324074074 0.0555555556 0.4931691480 0.8863440845 2 0.4729615128 0.9102262420 2
0 0.7836345382 0.3162650602 0.0213353414 0.0680499777 0.7798852678 0.3014810085 2 0.7838733508 0.3339858695 2
0 0.8642695783 0.2973003124 0.0144327309 0.0457385096 0.8622233707 0.2796462042 2 0.8688265419 0.3041023939 2
0 0.8747924390 0.3141743353 0.0116330707 0.0365330787 0.8742440260 0.3035460570 2 0.8735750138 0.3210833239 2
0 0.8834597596 0.4440281583 0.0285912167 0.0371527261 0.8755805908 0.4380618944 2 0.8888511608 0.4516555961 2
0 0.8251356016 0.3569471839 0.0200320513 0.0860179706 0.8239456309 0.3319226592 2 0.8256750153 0.3682908009 2
0 0.8670067303 0.5929505004 0.0340045574 0.0365850181 0.8574385106 0.5932190579 2 0.8713440043 0.5928287632 2
0 0.9285981716 0.9276650135 0.0243454462 0.0414307914 0.9331862432 0.9160672757 2 0.9228775566 0.9357046744 2
0 0.7762802163 0.0267882386 0.0178912214 0.0508905852 0.7748262951 0.0035053695 2 0.7769392788 0.0373423632 2
0 0.8815696023 0.2272201178 0.0189393939 0.0568181818 0.8799543191 0.2085300686 2 0.8822328524 0.2441764564 2
0 0.5140467172 0.6770482604 0.0400883838 0.0656565657 0.5029991585 0.6616912877 2 0.5186950164 0.6883548686 2
0 0.5885416667 0.6776094276 0.0243055556 0.0656565657 0.5965696397 0.6588205406 2 0.5849025865 0.6861264301 2
0 0.1438474221 0.8629762856 0.0209832134 0.0499600320 0.1482333026 0.8498665263 2 0.1418593024 0.8689189395 2
0 0.3190104167 0.6967592593 0.0208333333 0.0671296296 0.3167230449 0.6797822270 2 0.3187869460 0.7132832304 2
0 0.2994791667 0.6930664475 0.0169270833 0.0798611111 0.2998691728 0.6760959614 2 0.2989083913 0.7058920509 2
0 0.2451171875 0.6585648148 0.0175781250 0.0555555556 0.2453990168 0.6493997324 2 0.2468100196 0.6772567244 2
0 0.2906536390 0.8493977505 0.0241977208 0.0606188629 0.2905390779 0.8683526697 2 0.2946716910 0.8455917849 2
0 0.4389852046 0.7937854327 0.0433258871 0.0402457625 0.4514225489 0.7830213211 2 0.4333473565 0.7986648044 2
0 0.5298950495 0.8273457988 0.0254953380 0.0673400673 0.5234523469 0.8087152602 2 0.5328155266 0.8357910220 2
0 0.7201704545 0.9502072002 0.0171182984 0.0420875421 0.7233176853 0.9362823103 2 0.7187438148 0.9565193528 2
0 0.7360139860 0.9502072002 0.0182109557 0.0446775447 0.7385631532 0.9386959374 2 0.7333699149 0.9606737220 2
0 0.9241331585 0.8744496244 0.0112907925 0.0459725460 0.9221486439 0.8604196949 2 0.9229039075 0.8829252664 2
0 0.7673008234 0.1375797312 0.0182829686 0.0395258523 0.7749867469 0.1515494961 2 0.7663348118 0.1324199143 2
0 0.8192380536 0.2049339549 0.0258595571 0.0330225330 0.8142116397 0.2043095149 2 0.8247864586 0.2062249751 2
0 0.8121357809 0.3907666408 0.0080128205 0.0433825434 0.8121793245 0.3768054620 2 0.8125272714 0.3979400185 2
0 0.9019157925 0.6070318570 0.0163898601 0.0524475524 0.9059579496 0.5961360276 2 0.8998584912 0.6204403829 2
0 0.9405230186 0.9650997151 0.0112907925 0.0446775447 0.9432080705 0.9543316624 2 0.9401874817 0.9774289407 2
0 0.7339743590 0.7976236726 0.0352564103 0.0325692826 0.7463447781 0.7966237402 2 0.7274282007 0.7964400709 2
0 0.0251436782 0.2984514687 0.0152658046 0.0462962963 0.0261228868 0.2853129143 2 0.0221002910 0.3084170545 2
0 0.1324533046 0.8895274585 0.0278376437 0.0327266922 0.1414133443 0.8868618166 2 0.1266387248 0.8883483827 2
0 0.0572467672 0.9653575990 0.0139188218 0.0470945083 0.0550536062 0.9533588777 2 0.0548987750 0.9773978556 2
0 0.2438293983 0.7601917893 0.0316358025 0.0336076818 0.2330009256 0.7552258282 2 0.2487379450 0.7624428594 2
0 0.3355601754 0.5221109684 0.0208333333 0.0411522634 0.3306983026 0.5129749312 2 0.3388821495 0.5226396938 2
0 0.3358943098 0.5165977613 0.0308641975 0.0342935528 0.3245243261 0.5122494024 2 0.3410483234 0.5185688724 2
0 0.6853187322 0.6116914635 0.0396189459 0.0495937533 0.6776178570 0.6183921410 2 0.6954279980 0.6018459455 2
0 0.7228009259 0.6330589849 0.0142746914 0.0493827160 0.7225754322 0.6159933134 2 0.7217335313 0.6352394290 2
0 0.7721249648 0.6203478775 0.0200617284 0.0637860082 0.7685497850 0.6372241158 2 0.7760404381 0.6110376668 2
0 0.7970679012 0.6430041152 0.0293209877 0.0267489712 0.7848207764 0.6374895369 2 0.8026195229 0.6455038736 2
0 0.8325617284 0.7318244170 0.0231481481 0.0507544582 0.8371502840 0.7198329526 2 0.8286695976 0.7369601699 2
0 0.8627733737 0.6329587300 0.0216049383 0.0315500686 0.8719203833 0.6210158212 2 0.8586270343 0.6383724505 2
0 0.8748243352 0.5244934855 0.0131172840 0.0445816187 0.8735508203 0.5124772137 2 0.8755770167 0.5359969840 2
0 0.8200231481 0.4609053498 0.0127314815 0.0534979424 0.8204443036 0.4776336275 2 0.8204443036 0.4515711793 2
0 0.9483565239 0.5632829105 0.0109105786 0.0380432325 0.9504061096 0.5498647152 2 0.9488652348 0.5685789480 2
0 0.9855324074 0.5610425240 0.0165895062 0.0548696845 0.9827740664 0.5484699599 2 0.9868081227 0.5703761077 2
0 0.9747299383 0.5233196159 0.0111882716 0.0425240055 0.9749380222 0.5121611067 2 0.9736874648 0.5313615844 2
0 0.8805005944 0.3939167534 0.0220435536 0.0383976397 0.8725729355 0.3846313461 2 0.8837262969 0.3997142734 2
0 0.7962740385 0.5235042735 0.0260416667 0.0427350427 0.7880400985 0.5375675873 2 0.8000064834 0.5171293733 2
0 0.7560096154 0.5544871795 0.0224358974 0.0505698006 0.7617077391 0.5420586415 2 0.7540715195 0.5666945947 2
0 0.7413862179 0.4344729345 0.0244391026 0.0555555556 0.7447744878 0.4194988111 2 0.7379483673 0.4468277084 2
0 0.1687609266 0.8173400673 0.0138039044 0.0505050505 0.1671189963 0.8026470343 2 0.1672676393 0.8284516585 2
0 0.9196714744 0.4433760684 0.0212339744 0.0334757835 0.9154209845 0.4490547805 2 0.9262596721 0.4381066112 2
0 0.8809639579 0.7249683825 0.0164262821 0.0405982906 0.8822236311 0.7154729363 2 0.8783644670 0.7322602523 2
0 0.9579326923 0.9604700855 0.0168269231 0.0377492877 0.9624214985 0.9479012566 2 0.9582733301 0.9649927949 2
0 0.1751077586 0.1386760324 0.0221503831 0.0415070243 0.1708023100 0.1292592914 2 0.1783827776 0.1453624315 2
0 0.0520833333 0.9175084175 0.0198863636 0.0404040404 0.0482756253 0.9032832189 2 0.0533510313 0.9305538629 2
0 0.1931818182 0.7445286195 0.0397727273 0.0563973064 0.2010233205 0.7251132412 2 0.1900650575 0.7481640652 2
0 0.2064245201 0.7016676362 0.0294502618 0.0509016870 0.2099586938 0.6893994587 2 0.1973141083 0.7103262454 2
0 0.2809925161 0.3747189542 0.0222646310 0.0530110263 0.2772136664 0.3619423898 2 0.2847958934 0.3828545343 2
0 0.3276081425 0.1826406559 0.0214694656 0.0586655358 0.3324435909 0.1632035148 2 0.3254162337 0.1914515120 2
0 0.4453064578 0.4325601704 0.0278069543 0.0411296834 0.4366756567 0.4208889186 2 0.4470790705 0.4342224930 2
0 0.3817098348 0.6092759426 0.0201764264 0.0475475475 0.3876168231 0.5936354209 2 0.3790321971 0.6163657911 2
0 0.4016516517 0.6192859526 0.0262762763 0.0358692025 0.4110236251 0.6236930086 2 0.3963156167 0.6119062798 2
0 0.5841779279 0.7519185853 0.0234609610 0.0709042376 0.5833098501 0.7317964749 2 0.5845714276 0.7610399379 2
0 0.6059364723 0.9135119265 0.0314376877 0.0417083750 0.5964244721 0.9182712863 2 0.6129749572 0.9089923941 2
0 0.6742680180 0.9033199867 0.0225225225 0.0650650651 0.6761556441 0.8800616998 2 0.6734123571 0.9138629681 2
0 0.7122747748 0.6422255589 0.0197072072 0.0600600601 0.7070089401 0.6246100346 2 0.7142049672 0.6547257016 2
0 0.8455615942 0.2512077295 0.0298913043 0.0531400966 0.8395781318 0.2649649397 2 0.8517149723 0.2481868381 2
0 0.4937259338 0.0386338855 0.0383012080 0.0347002397 0.5083574301 0.0372597494 2 0.4893914989 0.0376892813 2
0 0.3539010585 0.0466478915 0.0229415860 0.0463929850 0.3610190714 0.0539924297 2 0.3483772462 0.0354917469 2
0 0.8981792385 0.4296418905 0.0135760814 0.0227711425 0.9026509286 0.4277973604 2 0.8958558638 0.4311415731 2
0 0.9759099101 0.4394987362 0.0115818639 0.0382385347 0.9763012063 0.4251938167 2 0.9757325356 0.4459831562 2
0 0.9363385419 0.4854429338 0.0184758305 0.0406897228 0.9431224634 0.4718648662 2 0.9332633903 0.4915978719 2
0 0.8083641342 0.6802753931 0.0199370008 0.0458403338 0.8099472180 0.6649785783 2 0.8096408350 0.6852407030 2
0 0.1901498304 0.7832917047 0.0122128371 0.0478771049 0.1902439747 0.7709560685 2 0.1882534040 0.7948491104 2
0 0.7300160874 0.9254673103 0.0269813180 0.0269002930 0.7218763058 0.9259270260 2 0.7358051764 0.9265392074 2
0 0.3461551446 0.1086131480 0.0232602254 0.0423983855 0.3383284295 0.1188100720 2 0.3494593378 0.0963228192 2
0 0.7842446168 0.1373245322 0.0234464972 0.0443208049 0.7790072351 0.1232610461 2 0.7866187219 0.1436995105 2
0 0.9768540330 0.2031212806 0.0105723067 0.0375904239 0.9770413427 0.1889694865 2 0.9781468121 0.2106768843 2
0 0.9503227372 0.5116995619 0.0151667265 0.0245118812 0.9570078854 0.5037734282 2 0.9477706100 0.5105767549 2
0 0.7058079667 0.5477840781 0.0277111321 0.0408155278 0.6972069070 0.5380658650 2 0.7097068270 0.5521893442 2
0 0.6498087657 0.2764236152 0.0232474533 0.0475281268 0.6568194102 0.2616207589 2 0.6430651164 0.2864324260 2
0 0.0572097499 0.3250174435 0.0207399908 0.0240283539 0.0661108631 0.3222056743 2 0.0535393489 0.3298713324 2
0 0.0990608882 0.3808944875 0.0102316410 0.0551199517 0.1000343657 0.3621081199 2 0.0982921620 0.3858170345 2
0 0.3152062496 0.5431525274 0.0225629462 0.0506330596 0.3087716595 0.5494885167 2 0.3201782120 0.5301202015 2
0 0.7264811384 0.6777124107 0.0250901666 0.0378293369 0.7186208141 0.6726295633 2 0.7294631425 0.6756714926 2
0 0.0488350289 0.6403379188 0.0121716486 0.0559434036 0.0500556240 0.6239298036 2 0.0482817332 0.6477757174 2
0 0.7506934977 0.8528355707 0.0140756170 0.0480039183 0.7494745845 0.8395546387 2 0.7555512727 0.8595182454 2
0 0.1251878470 0.9621899427 0.0148728372 0.0454447805 0.1239546976 0.9478921484 2 0.1255787364 0.9738395976 2
0 0.1446536671 0.5703836130 0.0236519426 0.0310103247 0.1347058577 0.5661470600 2 0.1491630092 0.5723040425 2
0 0.1122048866 0.2753976636 0.0254460326 0.0297274286 0.1188693237 0.2683664805 2 0.1091838973 0.2785848989 2
0 0.0792462158 0.2630324783 0.0230226009 0.0301582609 0.0851836234 0.2650487734 2 0.0765547889 0.2621184917 2
0 0.2064159155 0.3026578896 0.0215917272 0.0386227792 0.2019685707 0.2919543790 2 0.2058754902 0.3046741848 2
0 0.2086119034 0.2740559668 0.0176910512 0.0448065590 0.2083138213 0.2592698024 2 0.2087470240 0.2807585352 2
0 0.1015417872 0.7600146905 0.0191451102 0.0305890932 0.1072368517 0.7674163894 2 0.0987548408 0.7553530850 2
0 0.1057827927 0.7932733774 0.0184180807 0.0374824099 0.1011782725 0.7832310376 2 0.1094179402 0.8021876587 2
0 0.0885764278 0.6429565108 0.0247190031 0.0336049192 0.0830025349 0.6367869923 2 0.0943926638 0.6479886321 2
0 0.1021476452 0.2450165273 0.0242343168 0.0387749068 0.0948773501 0.2599577914 2 0.1054432699 0.2382436522 2
0 0.1935110193 0.2236903285 0.0155099627 0.0392057391 0.1946669963 0.2114891578 2 0.1929870150 0.2292211192 2
0 0.0482262904 0.1361430062 0.0118748152 0.0512690435 0.0481051188 0.1251567826 2 0.0481051188 0.1471292298 2
0 0.0587682181 0.1148168074 0.0145405901 0.0499765466 0.0604646203 0.1018918385 2 0.0580411886 0.1255876149 2
0 0.1318346832 0.0344665838 0.0210838556 0.0555773664 0.1353486591 0.0200337019 2 0.1297747663 0.0523461242 2
0 0.1382010382 0.1867658012 0.0310199255 0.0232649441 0.1467387880 0.1824574782 2 0.1312288253 0.1902124596 2
0 0.0441064565 0.4441121137 0.0152676196 0.0443757267 0.0444699713 0.4263101231 2 0.0432582554 0.4517292287 2
0 0.0229014293 0.4441143515 0.0218108851 0.0366207453 0.0279906359 0.4349290069 2 0.0205944920 0.4482780682 2
0 0.0300724994 0.4765091592 0.0200432922 0.0394246709 0.0268012156 0.4613582446 2 0.0322805752 0.4791463106 2
0 0.2481132103 0.4663461932 0.0167216786 0.0547157018 0.2504809031 0.4485442026 2 0.2490268441 0.4782716312 2
0 0.2138193559 0.5095904016 0.0308303437 0.0312112826 0.2053349232 0.5109479631 2 0.2218946655 0.5089544328 2
0 0.1659584569 0.5083952017 0.0239919736 0.0547157018 0.1724271638 0.4897315465 2 0.1641874961 0.5220439689 2
0 0.1008147577 0.5563498947 0.0167216786 0.0448065590 0.0970584386 0.5460874694 2 0.1028746747 0.5689215812 2
0 0.0809426180 0.4746199635 0.0181757376 0.0426523975 0.0844565939 0.4624187928 2 0.0762169262 0.4843912400 2
0 0.0736723230 0.3263212207 0.0118748152 0.0452373913 0.0720970924 0.3141200500 2 0.0762169262 0.3343691680 2
0 0.6337747045 0.2365769136 0.0397442795 0.0594548571 0.6177243165 0.2446248609 2 0.6383234858 0.2437631963 2
0 0.6783419487 0.2804774567 0.0176910512 0.0598856894 0.6775591803 0.2656912922 2 0.6775591803 0.2906795655 2
0 0.6380874059 0.3529448665 0.0174487081 0.0641940124 0.6421515008 0.3325578821 2 0.6353658921 0.3605619815 2
0 0.6184563506 0.2984859484 0.0252036894 0.0417907329 0.6259132498 0.2901622684 2 0.6142807778 0.3061030634 2
0 0.6565061160 0.3426484967 0.0208415124 0.0594548571 0.6532999159 0.3252773385 2 0.6579044361 0.3554355993 2
0 0.5822975331 0.0967218509 0.0208415124 0.0629015155 0.5807877352 0.0786268944 2 0.5836958532 0.1079234906 2
0 0.5278642367 0.1158938882 0.0198721397 0.0788423105 0.5290202136 0.0945676894 2 0.5261120956 0.1354967577 2
0 0.6291204989 0.0225109876 0.0299293812 0.0254191056 0.6397884451 0.0184180807 2 0.6207457249 0.0233187981 2
0 0.6372684191 0.0679681033 0.0159752616 0.0347423165 0.6408775874 0.0569387965 2 0.6350688674 0.0707637155 2
0 0.0599072310 0.7802477764 0.0137650919 0.0379132422 0.0562581488 0.7709504154 2 0.0609838406 0.7904455769 2
0 0.0813497545 0.7500072793 0.0130283687 0.0504590787 0.0813497545 0.7355809459 2 0.0793334594 0.7642571437 2
0 0.0985124976 0.6890987991 0.0169640217 0.0460990559 0.0958782856 0.6746901127 2 0.0992284375 0.7009398629 2
0 0.0692519836 0.5891781430 0.0120977709 0.0443929600 0.0670805888 0.6067367995 2 0.0701825813 0.5863325818 2
0 0.1194674267 0.9501837230 0.0196297966 0.0336049192 0.1143516205 0.9377638274 2 0.1231612794 0.9567342352 2
0 0.4194548876 0.1199988583 0.0434278956 0.0496318807 0.4030478286 0.1236385295 2 0.4257544140 0.1068739832 2
0 0.1685498670 0.1808453382 0.0166763119 0.0614111804 0.1699244715 0.1675042887 2 0.1675421412 0.1971510654 2
0 0.1096602833 0.0566544472 0.0290811801 0.0491148820 0.1159612057 0.0506227950 2 0.1086909107 0.0691485838 2
0 0.0986336692 0.3388578438 0.0152676196 0.0284349317 0.0958467228 0.3361349837 2 0.1028746747 0.3481982880 2
0 0.1912087593 0.2801793054 0.0138135606 0.0551465341 0.1913953635 0.2653931409 2 0.1901836477 0.2886580850 2
0 0.1951111232 0.3565666923 0.0208415124 0.0538540372 0.1889968051 0.3404880310 2 0.1962671001 0.3723696210 2
0 0.0599966056 0.2164275631 0.0189061731 0.0509585740 0.0635033958 0.2036011816 2 0.0590817908 0.2244725125 2
0 0.0777049133 0.2154419066 0.0150446638 0.0350180492 0.0808844556 0.2057030286 2 0.0760763672 0.2200411275 2
0 0.0800314077 0.1122231970 0.0125630698 0.0427385640 0.0801089575 0.0994016278 2 0.0782477620 0.1198058454 2
0 0.0764592694 0.0697948323 0.0218108851 0.0486840497 0.0803367601 0.0566544472 2 0.0747016029 0.0757513688 2
0 0.1806673865 0.3989615602 0.0189027671 0.0383440745 0.1847314814 0.4117486628 2 0.1801269612 0.3923612094 2
0 0.8183500583 0.4466117615 0.0140559037 0.0547157018 0.8192636920 0.4357030877 2 0.8185366625 0.4637071871 2
0 0.4683662617 0.2223538533 0.0249613463 0.0465298882 0.4763078473 0.2118760118 2 0.4651600616 0.2316942975 2
0 0.3660915707 0.2324340248 0.0312622686 0.0499765466 0.3734272984 0.2208791025 2 0.3588867084 0.2480215373 2
0 0.0247190031 0.3865945100 0.0109054425 0.0396365714 0.0258095474 0.3756858362 2 0.0238708020 0.3985199480 2
0 0.0397404884 0.6055056183 0.0115145963 0.0287644322 0.0426337855 0.6163902206 2 0.0397551365 0.5968021717 2
0 0.9373744980 0.5354752343 0.0163152610 0.0624721107 0.9379442676 0.5131438301 2 0.9371162214 0.5455980598 2
0 0.9887044043 0.2516095185 0.0198628027 0.0318061772 0.9964449279 0.2642226691 2 0.9851956250 0.2458919773 2
0 0.9186301601 0.7491975147 0.0181032285 0.0368300264 0.9213118699 0.7394112548 2 0.9167854423 0.7566346204 2
0 0.8930859393 0.5877171116 0.0215203835 0.0327526296 0.8868736160 0.5984012453 2 0.8982293904 0.5793426031 2
0 0.9108878878 0.2326080596 0.0157043212 0.0341530868 0.9161480731 0.2247962186 2 0.9091344928 0.2383490308 2
0 0.9466519322 0.8749361118 0.0127181694 0.0493561481 0.9482029285 0.8609921314 2 0.9440152385 0.8902197945 2
0 0.9676822009 0.8786087084 0.0184878756 0.0465436748 0.9708462333 0.8659647111 2 0.9655108061 0.8871409802 2
0 0.9895385301 0.6221271761 0.0127957193 0.0406705689 0.9874059103 0.6113322420 2 0.9895385301 0.6289101998 2
0 0.9962508543 0.5468523987 0.0074982915 0.0336049192 0.9956363650 0.5335607605 2 0.9977209040 0.5499723691 2
0 0.3883474298 0.0186119553 0.0314852243 0.0292276631 0.3985483322 0.0169575592 2 0.3819526721 0.0197148860 2
0 0.8423654632 0.0346820000 0.0215685419 0.0267116025 0.8352163397 0.0394211553 2 0.8446677233 0.0376978261 2
0 0.9320913462 0.6438746439 0.0212339744 0.0413105413 0.9275329390 0.6486450298 2 0.9357235382 0.6353977449 2
0 0.4321941899 0.9651404971 0.0157038373 0.0448065590 0.4311802261 0.9534218586 2 0.4315679752 0.9754804723 2
0 0.7609714286 0.3781301497 0.0212486489 0.0449444253 0.7601602575 0.3654960788 2 0.7623316523 0.3894848211 2
0 0.3081758623 0.1878668492 0.0325709217 0.0435657620 0.2989893114 0.2007380503 2 0.3138788756 0.1830911594 2
0 0.4597873975 0.0277886832 0.0370785046 0.0387749068 0.4497955887 0.0355436646 2 0.4677289831 0.0213261988 2
0 0.4831073426 0.0734827567 0.0331913202 0.0275732671 0.4737656921 0.0776187468 2 0.4885001567 0.0734827567 2
0 0.4594714702 0.1893507950 0.0189027671 0.0637631801 0.4567499564 0.2134774037 2 0.4620815061 0.1755641614 2
0 0.8516522531 0.0657043381 0.0195580630 0.0407395021 0.8495448835 0.0526759694 2 0.8519272137 0.0694405158 2
0 0.0851230376 0.7085742628 0.0215079561 0.0376978261 0.0912761307 0.7189638699 2 0.0804191567 0.7060044343 2
0 0.1171002186 0.9196446064 0.0137650919 0.0413599006 0.1189420267 0.9089599654 2 0.1160339087 0.9289505841 2
0 0.1478293322 0.9784282268 0.0138135606 0.0431435463 0.1489198765 0.9702122549 2 0.1489198765 0.9917538698 2
0 0.9371924059 0.6901176596 0.0201629515 0.0279179329 0.9459167600 0.6879393715 2 0.9332376563 0.6911050776 2
0 0.9315700444 0.7185822184 0.0169640217 0.0326786298 0.9372511742 0.7085309009 2 0.9260428027 0.7236638853 2
0 0.9346770002 0.7615658303 0.0125320499 0.0474260194 0.9375928732 0.7478189023 2 0.9341186415 0.7742892386 2
0 0.9687368783 0.8288249663 0.0146414048 0.0518377421 0.9688609580 0.8106663155 2 0.9674960813 0.8437542360 2
0 0.9887614810 0.6837610133 0.0144242653 0.0397055046 0.9860472375 0.6949778183 2 0.9903900271 0.6806397194 2
0 0.9585946035 0.2106674642 0.0167507597 0.0394297719 0.9553375113 0.1981712595 2 0.9612312972 0.2194026752 2
0 0.8985890781 0.2829331262 0.0162369922 0.0396365714 0.9030724267 0.2698702909 2 0.8965567762 0.2888545094 2
0 0.9539644919 0.4623190120 0.0149283391 0.0484255503 0.9556477106 0.4474790796 2 0.9527008177 0.4750523467 2
0 0.8320297181 0.7911109929 0.0178364571 0.0306063264 0.8265655583 0.7881275654 2 0.8360266355 0.7958480802 2
0 0.8376905189 0.7551089304 0.0193874534 0.0355695145 0.8447894288 0.7677043988 2 0.8354834512 0.7492303099 2
0 0.7915941977 0.8056343171 0.0252036894 0.0654865093 0.7983240675 0.7862468637 2 0.7847528501 0.8194209506 2
0 0.6969924810 0.8627534831 0.0171229989 0.0392643323 0.6931174719 0.8523153471 2 0.6980806600 0.8723886855 2
0 0.8034043533 0.9599044785 0.0239284228 0.0470707911 0.7997248725 0.9804144494 2 0.8052073128 0.9584538448 2
0 0.0324933719 0.4043253502 0.0217139478 0.0237130097 0.0250485898 0.4105789672 2 0.0369912611 0.4028584524 2
0 0.9424531914 0.1919357888 0.0133288742 0.0508382112 0.9413626472 0.1798724844 2 0.9442707652 0.2057224223 2
0 0.9302101309 0.1807362758 0.0140210063 0.0533818451 0.9284109752 0.1623570389 2 0.9315129678 0.1890479615 2
0 0.9295897324 0.1404352606 0.0147654845 0.0487495362 0.9343668009 0.1241515920 2 0.9282868955 0.1530483759 2
0 0.9431412779 0.1439748444 0.0112763633 0.0423525382 0.9437583015 0.1324944831 2 0.9428053694 0.1525413512 2
0 0.9723209205 0.9063501557 0.0119426713 0.0339151185 0.9755004629 0.8965616459 2 0.9700719759 0.9111754775 2
0 0.9801815533 0.9313279881 0.0165174899 0.0272185646 0.9852003290 0.9244025010 2 0.9773227569 0.9359223914 2
0 0.9464645719 0.6093100999 0.0165026003 0.0207350968 0.9424319815 0.6099012707 2 0.9514897998 0.6103424430 2
0 0.9302721708 0.5950724762 0.0096782167 0.0324261621 0.9317611272 0.6042665064 2 0.9317611272 0.5877225462 2
0 0.8980281991 0.7935399173 0.0110120735 0.0339151185 0.8999669444 0.7854554354 2 0.8976404500 0.8006207323 2
0 0.8447142532 0.8632917419 0.0147344646 0.0479085515 0.8474808428 0.8472647804 2 0.8424401049 0.8713913891 2
0 0.3563844525 0.3509183003 0.0279179329 0.0478671916 0.3502760088 0.3660681561 2 0.3600783052 0.3426860257 2
0 0.8873263248 0.4844464302 0.0162854609 0.0432900293 0.8852743567 0.4995234927 2 0.8917885410 0.4777406117 2
0 0.8603081232 0.5195881708 0.0274526340 0.0261946037 0.8683376309 0.5192242037 2 0.8543786644 0.5222572630 2
0 0.8931240339 0.5605488877 0.0274339653 0.0384766927 0.8854046508 0.5490460530 2 0.8966232303 0.5657631226 2
0 0.8672277105 0.5501582056 0.0172120881 0.0257397551 0.8619206355 0.5438176777 2 0.8723271679 0.5546396688 2
0 0.6047995954 0.6366029921 0.0186119553 0.0554912000 0.6066937496 0.6547599885 2 0.6043672552 0.6251187264 2
0 0.6464239365 0.6888621309 0.0302301865 0.0369075369 0.6363383002 0.6914592276 2 0.6542716946 0.6806884202 2
0 0.6583004277 0.9022141657 0.0190772542 0.0443929600 0.6535342162 0.8896683291 2 0.6634605923 0.9117269428 2
0 0.6799417073 0.9831673821 0.0162369922 0.0336652358 0.6796436252 0.9749514102 2 0.6835211159 0.9913230375 2
0 0.0647696044 0.8887556707 0.0102986153 0.0324261621 0.0652038833 0.8796410515 2 0.0649557239 0.8961850118 2
0 0.3901338591 0.5147302267 0.0351397593 0.0560081987 0.4043763671 0.5064065467 2 0.3801420503 0.5288098262 2
0 0.8339257778 0.0961402618 0.0285879633 0.0402349113 0.8426856062 0.1027049052 2 0.8279151585 0.0916932452 2
0 0.9665537149 0.2872601517 0.0156877510 0.0613565373 0.9682423664 0.2656191411 2 0.9667387084 0.3001759361 2
0 0.9101255422 0.9775999119 0.0132648150 0.0430979429 0.9097443693 0.9647247403 2 0.9095919002 0.9874934649 2
0 0.8807422036 0.9741225991 0.0117131239 0.0407643180 0.8816127468 0.9625638856 2 0.8798259991 0.9847989682 2
