0 0.4269462719 0.5749269006 0.0178179825 0.0755360624 0.4303354799 0.5464895836 2 0.4254099439 0.5878175364 2
0 0.3923382675 0.5432504873 0.0253563596 0.0755360624 0.3883709783 0.5236089570 2 0.3941366398 0.5521539930 2
0 0.3892210621 0.5971726732 0.0274593208 0.0669429028 0.3857845254 0.5779442973 2 0.3902725398 0.6152324715 2
0 0.3529327883 0.5395700383 0.0267269737 0.0596978558 0.3466955173 0.5263167739 2 0.3557601433 0.5455777431 2
0 0.3906250000 0.6666666667 0.0182291667 0.0625000000 0.3922936789 0.6506824880 2 0.3898751414 0.6772937025 2
0 0.3642578125 0.6174768519 0.0253906250 0.0659722222 0.3591338299 0.5957756280 2 0.3673352840 0.6243092412 2
0 0.4296875000 0.7384259259 0.0208333333 0.0671296296 0.4247978181 0.7240013510 2 0.4308100518 0.7522379110 2
0 0.4023139169 0.7420579294 0.0358072917 0.0428240741 0.4131121831 0.7444118840 2 0.3974190628 0.7409908819 2
0 0.3909505208 0.7858796296 0.0175781250 0.0671296296 0.3905670746 0.7714550547 2 0.3911054836 0.7960224572 2
0 0.4983974359 0.8162393162 0.0384615385 0.0427350427 0.4853441609 0.8114155115 2 0.5066497115 0.8256935769 2
0 0.5312500000 0.8205128205 0.0288461538 0.0655270655 0.5239605422 0.8023838733 2 0.5345543112 0.8287306723 2
0 0.5568910256 0.7071558887 0.0320512821 0.0555555556 0.5659059135 0.6939177755 2 0.5505681480 0.7130874003 2
0 0.5705128205 0.8084045584 0.0336538462 0.0498575499 0.5800760567 0.7998269776 2 0.5632881752 0.8199550836 2
0 0.5892439139 0.8092768655 0.0257490637 0.0621658824 0.5972766064 0.7879413219 2 0.5856026943 0.8189482674 2
0 0.6172537657 0.7479878240 0.0248397436 0.0683760684 0.6155142525 0.7272832645 2 0.6125894206 0.7573440361 2
0 0.6414262821 0.7314814815 0.0200320513 0.0783475783 0.6449385557 0.7045923245 2 0.6398341684 0.7436703363 2
0 0.6706730769 0.7649572650 0.0240384615 0.0683760684 0.6719115604 0.7453901401 2 0.6690781296 0.7741509863 2
0 0.6566506410 0.8098290598 0.0152243590 0.0555555556 0.6558147408 0.7926105343 2 0.6570295546 0.8176342175 2
0 0.6209935897 0.7984330484 0.0240384615 0.0270655271 0.6304040060 0.8049859202 2 0.6156239775 0.8000282587 2
0 0.6394668247 0.8241764441 0.0139821029 0.0366641810 0.6422883685 0.8108090044 2 0.6421413371 0.8315458748 2
0 0.6232888627 0.8538628646 0.0167785235 0.0509569973 0.6231342223 0.8378273950 2 0.6223849437 0.8604722584 2
0 0.6029432327 0.8693760875 0.0223713647 0.0658712404 0.6087390270 0.8500561529 2 0.6014306536 0.8838683865 2
0 0.6765240492 0.8168655232 0.0290128635 0.0428784489 0.6853574901 0.8042795039 2 0.6725198505 0.8225707658 2
0 0.7242476852 0.6291152263 0.0190972222 0.0648148148 0.7239460111 0.6067165325 2 0.7228196843 0.6319770592 2
0 0.7392521740 0.7059569075 0.0173611111 0.0534979424 0.7433867149 0.6888675695 2 0.7373779866 0.7137035044 2
0 0.7473958333 0.7371399177 0.0156250000 0.0565843621 0.7484501798 0.7136859147 2 0.7482989027 0.7458238961 2
0 0.7612847222 0.7237654321 0.0156250000 0.0545267490 0.7601895585 0.7007755656 2 0.7625948645 0.7243589029 2
0 0.7233796296 0.7644032922 0.0196759259 0.0596707819 0.7199356275 0.7446330916 2 0.7249407958 0.7733651241 2
0 0.6744791667 0.8940329218 0.0179398148 0.0720164609 0.6791666667 0.8672629246 2 0.6752197094 0.9054275415 2
0 0.6889467593 0.9130658436 0.0167824074 0.0462962963 0.6858920894 0.9008074469 2 0.6926376732 0.9209410549 2
0 0.7173032407 0.8251028807 0.0318287037 0.0288065844 0.7109319614 0.8268482116 2 0.7251477977 0.8293098283 2
0 0.7218125780 0.9410748139 0.0181803995 0.0529315208 0.7251550781 0.9235621353 2 0.7202974228 0.9490133111 2
0 0.7365056818 0.9427609428 0.0200441919 0.0542461654 0.7393114652 0.9287843048 2 0.7335954409 0.9554690867 2
0 0.7473747774 0.8891267231 0.0331439394 0.0374111485 0.7373758430 0.8897660653 2 0.7525636110 0.8935256253 2
0 0.7612847222 0.8148148148 0.0179398148 0.0452674897 0.7667038533 0.7975576601 2 0.7612578774 0.8235907697 2
0 0.7968750000 0.8647119342 0.0150462963 0.0565843621 0.7960987834 0.8516120089 2 0.7970064461 0.8786401857 2
0 0.7926355077 0.9720950664 0.0239284228 0.0470707911 0.7889560269 0.9926050373 2 0.7944384672 0.9706444327 2
0 0.8311403170 0.9121471489 0.0173125828 0.0506317464 0.8347699879 0.9016285480 2 0.8276774409 0.9205191948 2
0 0.8521412037 0.8827160494 0.0133101852 0.0534979424 0.8549189815 0.8684236571 2 0.8534172124 0.8934690341 2
0 0.8645833333 0.8945473251 0.0115740741 0.0462962963 0.8654188506 0.8782181989 2 0.8642045934 0.9019493180 2
0 0.8423032407 0.9403292181 0.0121527778 0.0534979424 0.8419957069 0.9295835000 2 0.8422070165 0.9567563501 2
0 0.8540760709 0.9451577065 0.0160225121 0.0520714182 0.8560352605 0.9321961244 2 0.8539055783 0.9586882787 2
0 0.8596643519 0.9742798354 0.0144675926 0.0452674897 0.8554560345 0.9908488240 2 0.8623612645 0.9721576780 2
0 0.8799189815 0.9202674897 0.0190972222 0.0648148148 0.8840359742 0.8969446303 2 0.8780527487 0.9308397419 2
0 0.8270465067 0.7301487093 0.0148884680 0.0590628507 0.8278269576 0.7161942687 2 0.8260332774 0.7427220225 2
0 0.8614772017 0.7838483608 0.0167824074 0.0483539095 0.8627641848 0.7725389697 2 0.8588213533 0.7925332193 2
0 0.8626822606 0.6814262194 0.0177642530 0.0675891247 0.8627717574 0.6644936017 2 0.8624779380 0.6930840585 2
0 0.8315972222 0.6265432099 0.0162037037 0.0534979424 0.8312344872 0.6052584534 2 0.8317616500 0.6361915900 2
0 0.8279382415 0.5220249691 0.0185185185 0.0586419753 0.8286300730 0.5063583083 2 0.8287868511 0.5280982041 2
0 0.7884159899 0.4365959153 0.0381944444 0.0668724280 0.8038111868 0.4570741791 2 0.7814373472 0.4273131184 2
0 0.7216435185 0.3076131687 0.0231481481 0.0823045267 0.7193925151 0.2873851883 2 0.7206027320 0.3259165376 2
0 0.7560763889 0.4922839506 0.0283564815 0.0504115226 0.7463703798 0.4854093862 2 0.7604761228 0.4954001906 2
0 0.7725694444 0.4717078189 0.0266203704 0.0648148148 0.7691611437 0.4554702292 2 0.7782583989 0.4831951975 2
0 0.7936176098 0.5190353088 0.0219907407 0.0349794239 0.7883865177 0.5251261541 2 0.8003768288 0.5209309625 2
0 0.8034538944 0.4898283015 0.0248842593 0.0473251029 0.7982562019 0.4808234988 2 0.8077104884 0.4964763971 2
0 0.7643229167 0.3094135802 0.0234375000 0.0725308642 0.7675712350 0.2888298450 2 0.7628504540 0.3187441874 2
0 0.7504340278 0.2746913580 0.0251736111 0.0802469136 0.7568295839 0.2461968385 2 0.7475349222 0.2876079237 2
0 0.4713541667 0.3804012346 0.0208333333 0.0848765432 0.4721296406 0.3504645032 2 0.4710026443 0.3939715549 2
0 0.4496527778 0.3495370370 0.0190972222 0.0570987654 0.4545196237 0.3364537125 2 0.4462000703 0.3597925615 2
0 0.4315919413 0.4056734967 0.0208333333 0.0586419753 0.4271132862 0.3966960346 2 0.4355009143 0.4209443799 2
0 0.4240451389 0.4807098765 0.0217013889 0.0570987654 0.4267567811 0.4574497283 2 0.4228159515 0.4912537017 2
0 0.4574652778 0.4915123457 0.0190972222 0.0632716049 0.4572822187 0.4697973143 2 0.4555906656 0.4988168480 2
0 0.4817708333 0.4992283951 0.0295138889 0.0447530864 0.4901576397 0.5119792114 2 0.4779690940 0.4934484500 2
0 0.6571691176 0.5065359477 0.0226715686 0.0501089325 0.6540718426 0.4856469056 2 0.6550095989 0.5074385753 2
0 0.7573574152 0.5506338124 0.0205015923 0.0528318564 0.7619998366 0.5387349346 2 0.7563331336 0.5605371749 2
0 0.7434895833 0.5462962963 0.0130208333 0.0617283951 0.7434057483 0.5236439703 2 0.7453035884 0.5522490964 2
0 0.7543402778 0.6041666667 0.0312500000 0.0385802469 0.7633110579 0.5900906949 2 0.7508038074 0.6129703031 2
0 0.7435681313 0.6421382229 0.0295138889 0.0231481481 0.7368898435 0.6433428934 2 0.7517837434 0.6441037567 2
0 0.7843628703 0.5885856746 0.0190972222 0.0540123457 0.7845665993 0.6072717898 2 0.7873824164 0.5824990172 2
0 0.8133680556 0.5709876543 0.0225694444 0.0555555556 0.8200890500 0.5924520607 2 0.8124399292 0.5632748322 2
0 0.8014332987 0.6117242774 0.0321180556 0.0385802469 0.7923027540 0.6240748797 2 0.8055721746 0.6061257495 2
0 0.8071328257 0.6658950617 0.0199652778 0.0601851852 0.8068601968 0.6516754536 2 0.8086301390 0.6802805796 2
0 0.8237847222 0.3618827160 0.0156250000 0.0725308642 0.8251099922 0.3349215046 2 0.8231839773 0.3741042332 2
0 0.8003472222 0.3603395062 0.0190972222 0.0694444444 0.8008036528 0.3460776504 2 0.8042383308 0.3769381807 2
0 0.7282986111 0.3973765432 0.0173611111 0.0478395062 0.7305935643 0.3816399832 2 0.7272583088 0.4045099259 2
0 0.8420138889 0.4699074074 0.0173611111 0.0601851852 0.8414375231 0.4568320043 2 0.8441728883 0.4860092329 2
0 0.8630050505 0.4470632248 0.0152567340 0.0617283951 0.8619441091 0.4301319241 2 0.8642511672 0.4568300417 2
0 0.8632154882 0.3471754583 0.0285143098 0.0276842499 0.8539516455 0.3493550845 2 0.8685065136 0.3467277928 2
0 0.8506944444 0.3086419753 0.0190972222 0.0524691358 0.8538418885 0.2928787905 2 0.8502648725 0.3213078850 2
0 0.8463541667 0.2492283951 0.0329861111 0.0570987654 0.8397512044 0.2640104480 2 0.8531446370 0.2459824625 2
0 0.8893229167 0.3425925926 0.0182291667 0.0648148148 0.8903227483 0.3257388924 2 0.8888696930 0.3502323749 2
0 0.8676083754 0.3861298167 0.0286721380 0.0376917321 0.8747581156 0.3792017590 2 0.8636152314 0.3927724067 2
0 0.8654513889 0.2114197531 0.0225694444 0.0617283951 0.8602489966 0.1952219171 2 0.8678096333 0.2187622321 2
0 0.8406607435 0.1771968046 0.0233353758 0.0704429920 0.8450245425 0.2067567465 2 0.8386826333 0.1637972830 2
0 0.8132148693 0.1508714597 0.0279820261 0.0729847495 0.8083970633 0.1331074434 2 0.8147683272 0.1683163411 2
0 0.7894965278 0.0925925926 0.0164930556 0.0709876543 0.7912634169 0.0716033246 2 0.7928765810 0.1083792482 2
0 0.8007812500 0.0740740741 0.0217013889 0.0740740741 0.7991035091 0.0530677706 2 0.8060455140 0.0861425672 2
0 0.7667938220 0.1258060778 0.0217013889 0.0570987654 0.7717189233 0.1486808636 2 0.7645612735 0.1154369374 2
0 0.7634548611 0.1790123457 0.0407986111 0.0586419753 0.7726818788 0.1878282454 2 0.7569445955 0.1642683359 2
0 0.7999131944 0.2445987654 0.0355902778 0.0570987654 0.7878343827 0.2326096180 2 0.8053885198 0.2500334460 2
0 0.5625000000 0.8557098765 0.0260416667 0.0447530864 0.5545681675 0.8638597075 2 0.5674832632 0.8509697875 2
0 0.4340277778 0.8479938272 0.0277777778 0.0540123457 0.4411156226 0.8585644568 2 0.4311259345 0.8385134700 2
0 0.4403645833 0.8899691358 0.0203125000 0.0595679012 0.4362343658 0.8751875763 2 0.4422368109 0.8966696167 2
0 0.4124131944 0.9009259259 0.0210069444 0.0685185185 0.4123996232 0.8824578404 2 0.4124193463 0.9092975091 2
0 0.3697916667 0.8109567901 0.0312500000 0.0570987654 0.3753184213 0.7999948082 2 0.3672863888 0.8159258565 2
0 0.3680555556 0.8603395062 0.0295138889 0.0416666667 0.3645443615 0.8503703655 2 0.3681394407 0.8690112554 2
0 0.3958333333 0.9652777778 0.0295138889 0.0663580247 0.3948900530 0.9550850735 2 0.3964308013 0.9858239523 2
0 0.3424479167 0.9575617284 0.0199652778 0.0694444444 0.3426597034 0.9454944870 2 0.3425886241 0.9755689343 2
0 0.3166116831 0.9802327705 0.0269097222 0.0277777778 0.3266976369 0.9768005607 2 0.3110695684 0.9817885912 2
0 0.3033854167 0.9290123457 0.0164930556 0.0586419753 0.3025654672 0.9097223689 2 0.3007625191 0.9398237631 2
0 0.2829294988 0.8924449812 0.0365715580 0.0379763822 0.2745481632 0.9011569756 2 0.2882306776 0.8865787794 2
0 0.3059895833 0.8495370370 0.0182291667 0.0478395062 0.3072483051 0.8353920956 2 0.3071204072 0.8569926331 2
0 0.2868923611 0.8503086420 0.0303819444 0.0370370370 0.2799295385 0.8580784889 2 0.2913844479 0.8447633805 2
0 0.3090277778 0.7993827160 0.0121527778 0.0493827160 0.3065147074 0.7901797869 2 0.3113335710 0.8127118246 2
0 0.3159722222 0.6990740741 0.0190972222 0.0524691358 0.3156127878 0.6839343344 2 0.3158232005 0.7084980695 2
0 0.2947048611 0.7209876543 0.0164930556 0.0654320988 0.2993098463 0.6960432216 2 0.2954613567 0.7310294912 2
0 0.2612847222 0.7199074074 0.0260416667 0.0663580247 0.2597662439 0.7026524286 2 0.2647336340 0.7270951421 2
0 0.2782118056 0.6435185185 0.0182291667 0.0555555556 0.2806412059 0.6288084425 2 0.2771105584 0.6501865960 2
0 0.2764756944 0.6033950617 0.0217013889 0.0401234568 0.2816983779 0.6038000201 2 0.2713763716 0.6031286700 2
0 0.2961078811 0.5367319839 0.0362564599 0.0611182888 0.2870626935 0.5563637043 2 0.3002080647 0.5278329251 2
0 0.3254040184 0.5302322334 0.0344201147 0.0365250208 0.3131233847 0.5374761101 2 0.3280973325 0.5243434033 2
0 0.3289930556 0.5578703704 0.0364583333 0.0354938272 0.3429483074 0.5623551674 2 0.3222237328 0.5527682894 2
0 0.4348958333 0.1219135802 0.0156250000 0.0648148148 0.4353815154 0.1039816869 2 0.4364212017 0.1423345597 2
0 0.4687500000 0.1388888889 0.0156250000 0.0709876543 0.4692851909 0.1241414061 2 0.4705187870 0.1580494825 2
0 0.4876220160 0.0478272644 0.0345869852 0.0459302935 0.4988547614 0.0358442074 2 0.4825302125 0.0532591842 2
0 0.4179687500 0.2785493827 0.0199652778 0.0787037037 0.4176280464 0.2522861363 2 0.4168916020 0.2908150407 2
0 0.3806423611 0.2677469136 0.0199652778 0.0725308642 0.3853629083 0.2483697279 2 0.3790608415 0.2826702078 2
0 0.3967013889 0.2932098765 0.0190972222 0.0586419753 0.3930826204 0.2765677076 2 0.3960614042 0.3082020431 2
0 0.3034608998 0.2607689211 0.0392134662 0.0801798175 0.2934505480 0.2433521863 2 0.3079985922 0.2686639270 2
0 0.3234277872 0.1788881145 0.0241683174 0.0440501430 0.3307161330 0.1636823000 2 0.3201239800 0.1857809101 2
0 0.2877604167 0.1643518519 0.0199652778 0.0570987654 0.2843016856 0.1485547077 2 0.2911710416 0.1652446985 2
0 0.2643229167 0.1597222222 0.0182291667 0.0570987654 0.2678219149 0.1398543486 2 0.2627368208 0.1687283294 2
0 0.2750020187 0.2164979902 0.0251736111 0.0570987654 0.2772697726 0.1992082452 2 0.2717742878 0.2282461155 2
0 0.2785514795 0.2975040258 0.0247961957 0.0700483092 0.2795750487 0.2712991664 2 0.2794952130 0.3062567351 2
0 0.2955729167 0.3626543210 0.0303819444 0.0864197531 0.3024521744 0.3913198845 2 0.2952898909 0.3449062339 2
0 0.2591145833 0.3533950617 0.0217013889 0.0740740741 0.2533674284 0.3300849646 2 0.2582192979 0.3649392104 2
0 0.2699652778 0.4104938272 0.0190972222 0.0555555556 0.2697254898 0.3901067338 2 0.2700739737 0.4197352966 2
0 0.6605308219 0.4521816337 0.0199771689 0.0621511923 0.6596978860 0.4308511318 2 0.6636857239 0.4587659972 2
0 0.5267551370 0.9018264840 0.0192636986 0.0634195840 0.5259653009 0.8827734807 2 0.5271131697 0.9104632104 2
0 0.4733664773 0.9175084175 0.0343276515 0.0568181818 0.4857096972 0.9084510515 2 0.4643046941 0.9328759853 2
0 0.6234402976 0.9488202486 0.0271317367 0.0429987722 0.6166101850 0.9613565787 2 0.6287772542 0.9406091046 2
0 0.6439426370 0.9612841254 0.0274686073 0.0478853488 0.6498362784 0.9477664740 2 0.6412710493 0.9674116768 2
0 0.6002425799 0.9341704718 0.0249714612 0.0520040589 0.6064695121 0.9465957074 2 0.6039347060 0.9292141799 2
0 0.2604915811 0.9561390157 0.0175585046 0.0654997463 0.2590958239 0.9370114057 2 0.2607892043 0.9719932962 2
0 0.2417736872 0.9445332319 0.0143692922 0.0701927955 0.2416826723 0.9255588217 2 0.2413222848 0.9598541400 2
0 0.2270833333 0.9379629630 0.0145833333 0.0518518519 0.2280237088 0.9292856640 2 0.2301723939 0.9529443036 2
0 0.2114583333 0.9003361238 0.0135416667 0.0604388635 0.2119958454 0.8854820666 2 0.2131269197 0.9167930748 2
0 0.1914240868 0.8802638255 0.0149828767 0.0532724505 0.1899671017 0.8647656948 2 0.1943109966 0.8924906631 2
0 0.2604879459 0.8324194161 0.0221175799 0.0520040589 0.2680380149 0.8484334036 2 0.2590704662 0.8249524835 2
0 0.2350512369 0.8692353286 0.0113429573 0.0444105885 0.2393386510 0.8574085408 2 0.2337841625 0.8836143327 2
0 0.2542094749 0.8770928463 0.0249714612 0.0317097920 0.2627539441 0.8720420871 2 0.2503362670 0.8793823554 2
0 0.2017979452 0.9633434805 0.0178367580 0.0418569254 0.1979688361 0.9491893623 2 0.2005036422 0.9726406296 2
0 0.1912029110 0.9727042111 0.0185502283 0.0418569254 0.1884580367 0.9667479202 2 0.1952368324 0.9811902223 2
0 0.1867865297 0.9132420091 0.0142694064 0.0431253171 0.1841698298 0.9025406175 2 0.1880322000 0.9235498618 2
0 0.1615287162 0.8737070404 0.0114958709 0.0567233901 0.1599025237 0.8553177702 2 0.1595992261 0.8886131061 2
0 0.1693881381 0.8101017684 0.0150150150 0.0604771438 0.1676021502 0.7925076336 2 0.1677638346 0.8234073150 2
0 0.2005978797 0.8215538023 0.0147928994 0.0564321718 0.2015773204 0.8090255383 2 0.1999931830 0.8375903021 2
0 0.2197053748 0.8248411133 0.0166420118 0.0531448608 0.2195349646 0.8092538064 2 0.2235132515 0.8312291054 2
0 0.2165677134 0.8583675709 0.0169501972 0.0608152531 0.2155126088 0.8720365506 2 0.2204086497 0.8471786049 2
0 0.1809984046 0.6253608896 0.0187399058 0.0552363529 0.1818569262 0.6439454020 2 0.1784604418 0.6209740100 2
0 0.2046306713 0.6160457256 0.0187756582 0.0581395349 0.2024291594 0.6347780406 2 0.2056155735 0.6043818959 2
0 0.2147769890 0.5743495181 0.0201655983 0.0567633709 0.2137049421 0.5571613320 2 0.2152629479 0.5821409228 2
0 0.1778062291 0.7065257093 0.0166701505 0.0630623763 0.1780359983 0.6899778300 2 0.1783719367 0.7218986622 2
0 0.1913523176 0.7711483673 0.0178747535 0.0641025641 0.1914901075 0.7546322076 2 0.1885767008 0.7866225557 2
0 0.2081484221 0.6993754109 0.0187993097 0.0564321718 0.2104044301 0.6857742919 2 0.2023328727 0.7089747808 2
0 0.2153883225 0.7092730755 0.0191025820 0.0497860866 0.2196729223 0.6966822121 2 0.2125911666 0.7192799842 2
0 0.2021388067 0.6695156695 0.0265039448 0.0295857988 0.2124375263 0.6668539773 2 0.1969102733 0.6680838587 2
0 0.1668515779 0.6596537366 0.0298939842 0.0317773395 0.1776872802 0.6556317383 2 0.1616478745 0.6656503460 2
0 0.1540618836 0.6160968661 0.0197238659 0.0531448608 0.1494948513 0.5974784835 2 0.1561321194 0.6245365789 2
0 0.1730123828 0.5749602188 0.0151068912 0.0565226920 0.1729690426 0.5571733013 2 0.1730320289 0.5830230285 2
0 0.1898113905 0.5347359194 0.0240384615 0.0679377602 0.1863239739 0.5190075529 2 0.1913922365 0.5418655879 2
0 0.1223187870 0.5463122068 0.0154092702 0.0656048215 0.1245052452 0.5267586025 2 0.1213276655 0.5551758557 2
0 0.2388128698 0.0517751479 0.0135601578 0.0509533202 0.2384058584 0.0357512137 2 0.2389973681 0.0590387973 2
0 0.2209381164 0.0432829279 0.0135601578 0.0558842867 0.2235976507 0.0269474711 2 0.2197325495 0.0506877905 2
0 0.2056829389 0.0564321718 0.0169501972 0.0536927460 0.2062117393 0.0390127873 2 0.2054432336 0.0643283788 2
0 0.1723989152 0.0205456936 0.0114028600 0.0410913872 0.1733407053 0.0055692705 2 0.1719720017 0.0273345062 2
0 0.1585305720 0.0276682007 0.0132519724 0.0509533202 0.1585230244 0.0102946271 2 0.1585339933 0.0355436417 2
0 0.1768676036 0.0605413105 0.0141765286 0.0564321718 0.1784479874 0.0399835903 2 0.1762608786 0.0719963839 2
0 0.1717825444 0.0988932720 0.0212647929 0.0334209950 0.1792437237 0.1104004176 2 0.1684509779 0.0952700159 2
0 0.1924309665 0.1243699321 0.0114028600 0.0525969757 0.1938067155 0.1038186138 2 0.1918073394 0.1336858446 2
0 0.1227810651 0.1501205347 0.0218811637 0.0668419899 0.1252716543 0.1274978251 2 0.1183916788 0.1610141271 2
0 0.1215483235 0.0972496165 0.0175665680 0.0378040763 0.1189999484 0.0847960660 2 0.1227035019 0.1028948109 2
0 0.1381903353 0.0720468990 0.0138683432 0.0279421433 0.1351047052 0.0664564889 2 0.1420146740 0.0780827856 2
0 0.1545241617 0.0862919132 0.0132519724 0.0531448608 0.1528734246 0.0717149649 2 0.1528023838 0.0921747260 2
0 0.1055226824 0.1038242384 0.0175665680 0.0345167653 0.1010383167 0.1170243937 2 0.1075554455 0.0978406080 2
0 0.1012080868 0.1665570896 0.0151010848 0.0613631383 0.0981554693 0.1866196860 2 0.1025918383 0.1574627147 2
0 0.2093811637 0.1471071663 0.0132519724 0.0553364015 0.2095796855 0.1315345982 2 0.2086180709 0.1603337235 2
0 0.1948964497 0.1714880561 0.0175665680 0.0635546789 0.1973356844 0.1519413675 2 0.1937907446 0.1803485700 2
0 0.2381964990 0.1514902476 0.0265039448 0.0531448608 0.2484952186 0.1346493891 2 0.2335280894 0.1591242088 2
0 0.2462093195 0.1868288407 0.0154092702 0.0536927460 0.2479750871 0.2047664030 2 0.2454088971 0.1786977437 2
0 0.2611563116 0.0520490905 0.0169501972 0.0350646504 0.2573700466 0.0614523126 2 0.2649897698 0.0463330338 2
0 0.3514546351 0.1506684199 0.0157174556 0.0613631383 0.3530659292 0.1285876062 2 0.3507242355 0.1606776527 2
0 0.2472879684 0.2977755862 0.0187993097 0.0553364015 0.2528898534 0.2827290295 2 0.2447486340 0.3045961904 2
0 0.2163153353 0.3270874425 0.0209566075 0.0482138944 0.2218297448 0.3418197204 2 0.2131290732 0.3209667527 2
0 0.2081123176 0.2944720760 0.0215917272 0.0386227792 0.2036649729 0.2837685653 2 0.2119935684 0.2983677909 2
0 0.3237215744 0.4730730557 0.0379068047 0.0378040763 0.3364722450 0.4741601183 2 0.3151441704 0.4808052916 2
0 0.3305222193 0.4250169017 0.0367846473 0.0396539944 0.3188915284 0.4324192645 2 0.3380946505 0.4192435059 2
0 0.2463634122 0.3774928775 0.0206484221 0.0591715976 0.2414428163 0.3640752115 2 0.2485939184 0.3835751055 2
0 0.2365156307 0.4060745929 0.0231422081 0.0593549714 0.2323529864 0.3955019495 2 0.2392661170 0.4173602221 2
0 0.3419008876 0.3128424282 0.0194156805 0.0635546789 0.3456118851 0.2954102014 2 0.3402186924 0.3207444566 2
0 0.3695537897 0.3072281677 0.0172583826 0.0525969757 0.3659479033 0.2851769357 2 0.3711883380 0.3172239912 2
0 0.3251776486 0.1101780075 0.0149386305 0.0653172552 0.3256789355 0.1302916242 2 0.3249504152 0.1010605050 2
0 0.3068071705 0.1385300029 0.0218023256 0.0488084984 0.3022864348 0.1504282343 2 0.3088564200 0.1331365346 2
0 0.3136708656 0.0552684467 0.0250322997 0.0631639391 0.3065905329 0.0687877969 2 0.3163288630 0.0498893244 2
0 0.0580797697 0.5685307018 0.0174753289 0.0444688109 0.0530222756 0.5524234390 2 0.0583127220 0.5728190676 2
0 0.0494791667 0.5850389864 0.0208333333 0.0336257310 0.0433753867 0.5739355197 2 0.0507468097 0.5864466199 2
0 0.0212445175 0.6005116959 0.0137061404 0.0609161793 0.0205693989 0.5813422081 2 0.0215505488 0.6092012247 2
0 0.0231291118 0.5286306043 0.0113075658 0.0572612086 0.0246336865 0.5149657503 2 0.0244040565 0.5386431512 2
0 0.0418037281 0.5268031189 0.0150767544 0.0657894737 0.0426697425 0.5103213548 2 0.0414111637 0.5342743026 2
0 0.0394051535 0.3215155945 0.0130208333 0.0584795322 0.0426718531 0.3082548603 2 0.0379243586 0.3275266854 2
0 0.0610695423 0.6910537298 0.0121038732 0.0717266562 0.0617983617 0.6706982229 2 0.0607391684 0.7002808810 2
0 0.0493324531 0.7083333333 0.0143045775 0.0632498696 0.0482775585 0.6851226754 2 0.0498106368 0.7188547246 2
0 0.1254401408 0.7764736568 0.0293427230 0.0430359937 0.1359058255 0.7704025347 2 0.1220344106 0.7835647770 2
0 0.1352409515 0.8052742597 0.0185439186 0.0602094479 0.1354859343 0.7933382517 2 0.1322248839 0.8182347440 2
0 0.0827098005 0.8380933751 0.0165052817 0.0515127804 0.0835257381 0.8215157593 2 0.0849717806 0.8488145949 2
0 0.1039209214 0.9334246218 0.0244498239 0.0316640584 0.0964739361 0.9429607398 2 0.1072966398 0.9291018995 2
0 0.7021619068 0.4095735114 0.0146351810 0.0887380593 0.7052908105 0.3855973475 2 0.7028595583 0.4298263190 2
0 0.7181490385 0.4391025641 0.0252403846 0.0847578348 0.7137085116 0.4674182875 2 0.7201619293 0.4262670467 2
0 0.6828926282 0.1955128205 0.0228365385 0.0548433048 0.6804567536 0.1807306731 2 0.6839968102 0.2022135679 2
0 0.7087339744 0.2129629630 0.0176282051 0.0641025641 0.7090696064 0.2005598480 2 0.7107833751 0.2275231414 2
0 0.7261618590 0.2378917379 0.0140224359 0.0655270655 0.7261554609 0.2154026248 2 0.7261647592 0.2480860529 2
0 0.8507612179 0.1346153846 0.0212339744 0.0754985755 0.8496046526 0.1117541002 2 0.8512854890 0.1449784048 2
0 0.8649839744 0.1335470085 0.0144230769 0.0576923077 0.8649781475 0.1142952171 2 0.8674459744 0.1469253721 2
0 0.9122596154 0.1773504274 0.0320512821 0.0384615385 0.9239702317 0.1841009446 2 0.9069511930 0.1742904179 2
0 0.9030711765 0.3289698984 0.0143704675 0.0753187142 0.9045810773 0.3025832899 2 0.9040392251 0.3414239767 2
0 0.9194033648 0.6309403876 0.0148237179 0.0512820513 0.9256976181 0.6155338360 2 0.9195280510 0.6417354544 2
0 0.9320913462 0.6438746439 0.0212339744 0.0413105413 0.9275329390 0.6486450298 2 0.9357235382 0.6353977449 2
0 0.8938301282 0.5576923077 0.0288461538 0.0327635328 0.8846257957 0.5488678354 2 0.8980024521 0.5616924410 2
0 0.9234185343 0.5759041251 0.0196314103 0.0470085470 0.9199452203 0.5596589186 2 0.9222073949 0.5797671373 2
0 0.9182692308 0.3251424501 0.0200320513 0.0733618234 0.9183268324 0.3456412220 2 0.9215629989 0.3139115360 2
0 0.9320913462 0.2510683761 0.0140224359 0.0719373219 0.9318602540 0.2704852987 2 0.9350335822 0.2378331397 2
0 0.9515224359 0.2735042735 0.0152243590 0.0840455840 0.9526078608 0.2492532877 2 0.9510304128 0.2844972454 2
0 0.8571714744 0.7485754986 0.0172275641 0.0484330484 0.8573004259 0.7347154518 2 0.8569767141 0.7584255468 2
0 0.8734135536 0.7958173691 0.0131704981 0.0643891017 0.8726879528 0.7760140479 2 0.8737424685 0.8047942146 2
0 0.8834198137 0.8429526806 0.0150425029 0.0493922368 0.8823495643 0.8317525683 2 0.8837093401 0.8542889501 2
0 0.8922713123 0.8676564496 0.0167624521 0.0505534270 0.8945514803 0.8516278416 2 0.8912377121 0.8749222175 2
0 0.8879986944 0.7963163579 0.0124078295 0.0515514045 0.8855446957 0.7804613608 2 0.8869540403 0.8034928818 2
0 0.9653077107 0.5757769264 0.0149664751 0.0564069817 0.9648353847 0.5640585368 2 0.9666450193 0.5905998447 2
0 0.9358237548 0.3661132397 0.0116738506 0.0436355896 0.9345233957 0.3562184964 2 0.9364132076 0.3705985268 2
0 0.9457991372 0.3516244824 0.0148621633 0.0487151206 0.9471671061 0.3373364116 2 0.9467937356 0.3625738077 2
0 0.6999519337 0.9728607918 0.0206537356 0.0542784163 0.6998908350 0.9585740933 2 0.6995913319 0.9915859935 2
0 0.4283951185 0.7866222191 0.0355691057 0.0451671183 0.4375741760 0.7994178227 2 0.4242342517 0.7808219720 2
0 0.0793483714 0.8964268658 0.0147756478 0.0386937745 0.0825544026 0.9053076755 2 0.0750544953 0.8882963916 2
0 0.1693840580 0.4710144928 0.0166062802 0.0687063875 0.1686463147 0.4503731869 2 0.1697184770 0.4803711967 2
0 0.1180239824 0.4175613788 0.0358455882 0.0435729847 0.1055466404 0.4070036496 2 0.1236799615 0.4223471974 2
0 0.1081495098 0.4504357298 0.0232843137 0.0533769063 0.1061313534 0.4349072107 2 0.1090643401 0.4574748076 2
0 0.0837928922 0.4207516340 0.0205269608 0.0495642702 0.0888750944 0.4105725840 2 0.0807920429 0.4297716716 2
0 0.4069206787 0.4333540583 0.0327818627 0.0517429194 0.4160459779 0.4243873497 2 0.4012142767 0.4455151292 2
0 0.3651960784 0.4466230937 0.0361519608 0.0501089325 0.3765176815 0.4385797836 2 0.3559672629 0.4531188552 2
0 0.6977306548 0.7490079365 0.0316220238 0.0548941799 0.6869986094 0.7678898280 2 0.6996547559 0.7465313072 2
0 0.6622557194 0.6734501225 0.0319940476 0.0462962963 0.6504695131 0.6852862149 2 0.6675984067 0.6680848218 2
0 0.7126715971 0.5603332658 0.0327380952 0.0522486772 0.7005163449 0.5467507427 2 0.7186514266 0.5631240102 2
0 0.7099121687 0.5025649406 0.0314314803 0.0381986644 0.6989713153 0.4963963885 2 0.7148716576 0.5053611453 2
0 0.7545056610 0.9319276586 0.0200892857 0.0522486772 0.7469430217 0.9493827894 2 0.7579338054 0.9240152478 2
0 0.7588034126 0.9785267742 0.0215773810 0.0410052910 0.7609425388 0.9669728870 2 0.7541802199 0.9894159602 2
0 0.9291294643 0.4490740741 0.0130208333 0.0410052910 0.9333879699 0.4415298021 2 0.9274681234 0.4583879660 2
0 0.9412202381 0.1025132275 0.0141369048 0.0449735450 0.9397762058 0.0871850293 2 0.9418748180 0.1094614998 2
0 0.9534970238 0.1524470899 0.0119047619 0.0482804233 0.9515290815 0.1370244319 2 0.9543890921 0.1594381808 2
0 0.9640997024 0.1623677249 0.0122767857 0.0350529101 0.9614250209 0.1475052244 2 0.9653121355 0.1691048963 2
0 0.9778645833 0.2751322751 0.0115327381 0.0410052910 0.9756043619 0.2605718888 2 0.9807568209 0.2821074622 2
0 0.9642857143 0.3594576720 0.0126488095 0.0522486772 0.9643358774 0.3793961049 2 0.9642629754 0.3504195803 2
0 0.9777938564 0.3436362082 0.0122767857 0.0443121693 0.9752822890 0.3295864705 2 0.9789323499 0.3500049543 2
0 0.9574032738 0.6987433862 0.0122767857 0.0548941799 0.9578131719 0.6844693340 2 0.9582534472 0.7069070692 2
0 0.9732142857 0.7619047619 0.0104166667 0.0449735450 0.9728488395 0.7523478836 2 0.9733297828 0.7706237301 2
0 0.9034598214 0.9107142857 0.0122767857 0.0582010582 0.9059181491 0.8969634559 2 0.9053735515 0.9190931358 2
0 0.9250372024 0.8703703704 0.0100446429 0.0502645503 0.9232717160 0.8550306043 2 0.9239436221 0.8796372996 2
0 0.9302455357 0.9623353956 0.0107886905 0.0568783069 0.9306344321 0.9512601826 2 0.9310348385 0.9780008891 2
0 0.5091145833 0.9755291005 0.0204613095 0.0436507937 0.5031791420 0.9670550906 2 0.5104782750 0.9863611986 2
0 0.4819568452 0.9828042328 0.0174851190 0.0317460317 0.4840349780 0.9784357391 2 0.4812458784 0.9917783409 2
0 0.5688244048 0.9728835979 0.0193452381 0.0502645503 0.5634371375 0.9566225033 2 0.5705625587 0.9800622092 2
0 0.6316666667 0.1422222222 0.0408333333 0.0696296296 0.6442174691 0.1648894045 2 0.6239665990 0.1335196356 2
0 0.6650000000 0.1451851852 0.0325000000 0.0622222222 0.6692397042 0.1602627825 2 0.6557608759 0.1282571109 2
0 0.4244791667 0.1998062016 0.0385416667 0.0481481481 0.4339782120 0.2091190614 2 0.4137460726 0.1999779597 2
0 0.1455965909 0.2119633838 0.0236742424 0.0431397306 0.1535598700 0.2006806757 2 0.1419868365 0.2170778355 2
0 0.1223068489 0.2806766671 0.0181703930 0.0298714133 0.1288422581 0.2750046140 2 0.1189001749 0.2873086286 2
0 0.0454249527 0.2571601431 0.0133167614 0.0569128788 0.0456320604 0.2396561869 2 0.0453310707 0.2650946864 2
0 0.0437040524 0.2036801395 0.0107836174 0.0514414983 0.0454468922 0.1921375866 2 0.0436806891 0.2165869679 2
0 0.0213068182 0.2453573680 0.0118371212 0.0505050505 0.0232625987 0.2601896260 2 0.0221148930 0.2382256900 2
0 0.0328480114 0.2464225589 0.0106534091 0.0457702020 0.0330137367 0.2286474486 2 0.0327728881 0.2544800164 2
0 0.0727982955 0.9603324916 0.0142045455 0.0436658249 0.0757018106 0.9448037018 2 0.0742391097 0.9597557562 2
0 0.0967577704 0.9837428585 0.0103582027 0.0325142831 0.1001497128 0.9914691786 2 0.0953255575 0.9783904558 2
0 0.1078657670 0.9803240741 0.0121330492 0.0352483165 0.1103573154 0.9704233651 2 0.1075534473 0.9880773493 2
0 0.2249634503 0.1068875893 0.0237573099 0.0698505523 0.2285019883 0.0878944805 2 0.2233594310 0.1154971656 2
0 0.2694092940 0.1082821129 0.0338084795 0.0373619233 0.2606806662 0.1083718146 2 0.2733659809 0.1082414510 2
0 0.2797880117 0.0581546459 0.0164473684 0.0698505523 0.2821215676 0.0408505889 2 0.2787302108 0.0659985749 2
0 0.3350694444 0.3822287199 0.0301535088 0.0519818064 0.3431132952 0.3677693013 2 0.3314231669 0.3887831744 2
0 0.4141081871 0.1263807667 0.0201023392 0.0763482781 0.4170662554 0.1001777764 2 0.4127672948 0.1382585822 2
0 0.2835937500 0.7425925926 0.0130208333 0.0500000000 0.2834484415 0.7254324215 2 0.2836596184 0.7503712982 2
0 0.5369791667 0.9416666667 0.0343750000 0.0351851852 0.5489406298 0.9405396396 2 0.5319923990 0.9450818955 2
0 0.5754945286 0.9362139918 0.0252525253 0.0486344931 0.5818647857 0.9203211977 2 0.5726068911 0.9434181953 2
0 0.7120159933 0.8796296296 0.0310395623 0.0589225589 0.7224567370 0.8630811640 2 0.7040022408 0.8925283383 2
0 0.8114478114 0.8230452675 0.0278829966 0.0392817059 0.8184007698 0.8135852684 2 0.8056237586 0.8292327652 2
0 0.8238110269 0.9820426487 0.0178872054 0.0336700337 0.8245881451 0.9709898677 2 0.8234587593 0.9870528743 2
0 0.8422243266 0.4138608305 0.0284090909 0.0439580995 0.8514506897 0.4219283147 2 0.8380420162 0.4102038400 2
0 0.6375736532 0.6121399177 0.0305134680 0.0607931163 0.6478374352 0.6290112950 2 0.6329210808 0.6044921224 2
0 0.6373106061 0.5663112608 0.0278829966 0.0476992144 0.6470939150 0.5831234381 2 0.6343977710 0.5562396002 2
0 0.2843137255 0.3910675381 0.0183823529 0.0544662309 0.2825332961 0.3744455006 2 0.2851207941 0.3986023077 2
0 0.2170377747 0.2176894099 0.0243283991 0.0560428850 0.2116739554 0.2019316442 2 0.2190825456 0.2274267916 2
0 0.2713178295 0.0177110250 0.0205910853 0.0354220500 0.2716152297 0.0313192583 2 0.2673751860 0.0067946866 2
0 0.1174903101 0.9155900086 0.0339147287 0.0549095607 0.1256522712 0.8972090076 2 0.1160129341 0.9236133594 2
0 0.2861555233 0.9495047373 0.0163517442 0.0581395349 0.2846005250 0.9348618738 2 0.2854553633 0.9616059989 2
0 0.2299174174 0.6359693026 0.0178303303 0.0542208876 0.2235174814 0.6198086949 2 0.2294564051 0.6435174481 2
0 0.6378160112 0.8832709114 0.0316011236 0.0478568456 0.6269994085 0.8980529221 2 0.6385473829 0.8793154680 2
0 0.8438085206 0.6549105285 0.0234082397 0.0364128173 0.8519538820 0.6441140135 2 0.8401162283 0.6598045888 2
0 0.8718984082 0.5409904286 0.0163857678 0.0520183104 0.8693259495 0.5253626843 2 0.8757579308 0.5499625982 2
0 0.8438085206 0.5503537245 0.0257490637 0.0395339159 0.8507521051 0.5450361693 2 0.8379074446 0.5560078694 2
0 0.8701427903 0.4759675406 0.0163857678 0.0509779442 0.8733363342 0.4622272401 2 0.8674372811 0.4870620276 2
0 0.7515318627 0.2129629630 0.0287990196 0.0468409586 0.7414238078 0.2076878743 2 0.7570427656 0.2202360096 2
0 0.8872549020 0.1879084967 0.0294117647 0.0403050109 0.8767611801 0.1796748813 2 0.8920117061 0.1916407946 2
0 0.8805147059 0.2118736383 0.0196078431 0.0577342048 0.8731549513 0.1904666072 2 0.8851869967 0.2289759785 2
0 0.8710171569 0.0669934641 0.0165441176 0.0686274510 0.8716049412 0.0938327838 2 0.8707507142 0.0548272004 2
0 0.9050245098 0.5130718954 0.0171568627 0.0522875817 0.9017893089 0.4986058302 2 0.9036764706 0.5218419941 2
0 0.9469497875 0.4289091429 0.0168400060 0.0402987980 0.9436897565 0.4333604629 2 0.9516901568 0.4175684022 2
0 0.7537936022 0.1044289044 0.0254370629 0.0468364968 0.7482591229 0.1139792555 2 0.7561528751 0.0918144520 2
0 0.1039623949 0.9015205573 0.0176581613 0.0392403585 0.0985840303 0.8893557764 2 0.1057026046 0.9078724575 2
0 0.4475576978 0.9684717040 0.0188730409 0.0566757985 0.4465574787 0.9563610371 2 0.4460281207 0.9863710585 2
0 0.2512557195 0.0927737955 0.0278072439 0.0239976215 0.2390763403 0.0995932001 2 0.2567766322 0.0896825594 2
0 0.9664035622 0.2901806193 0.0113442517 0.0599855590 0.9676246734 0.2690231652 2 0.9665373362 0.3028078075 2
0 0.7832601857 0.3170030115 0.0159186906 0.0712738081 0.7804627861 0.3015185734 2 0.7834383682 0.3355633344 2
0 0.8644602924 0.5834012912 0.0209504014 0.0291921509 0.8550411184 0.5840834226 2 0.8687300040 0.5830920810 2
0 0.8055305691 0.6370471245 0.0238932292 0.0292271916 0.7992232555 0.6401780280 2 0.8083896743 0.6356278860 2
0 0.5138886898 0.6796078619 0.0359984232 0.0594259684 0.5036550313 0.6700390400 2 0.5233873457 0.6905141127 2
0 0.5878024903 0.6798134460 0.0190953889 0.0567405843 0.5902990512 0.6622276404 2 0.5837550095 0.6936453118 2
0 0.5125095566 0.8585287122 0.0398031346 0.0344886171 0.5032721818 0.8634965975 2 0.5247437103 0.8560497292 2
0 0.9304301128 0.9249630560 0.0232278526 0.0393953874 0.9348075660 0.9139350897 2 0.9249721064 0.9326077460 2
0 0.8192069486 0.2054538797 0.0295973348 0.0300671338 0.8134540096 0.2048853248 2 0.8255573281 0.2066293581 2
0 0.8990991183 0.6087433536 0.0113851355 0.0394152059 0.8996245656 0.5966209298 2 0.8972436438 0.6165720677 2
0 0.2441952720 0.6594883420 0.0159387144 0.0453367876 0.2424711031 0.6486691400 2 0.2478648125 0.6722640936 2
0 0.7285146938 0.8004334792 0.0280400963 0.0256366595 0.7383531243 0.7996463901 2 0.7233084091 0.7995018163 2
0 0.2447599932 0.7660446140 0.0306994559 0.0241938439 0.2371011556 0.7674711246 2 0.2495661319 0.7648187832 2
0 0.1309504883 0.8872041085 0.0267138996 0.0311953163 0.1406335022 0.8876659059 2 0.1232012881 0.8801163213 2
0 0.3532291078 0.0492122429 0.0255270092 0.0442026134 0.3612973604 0.0551472898 2 0.3503402914 0.0434334264 2
0 0.2211538783 0.5142015085 0.0245910144 0.0284426191 0.2128793728 0.5151553702 2 0.2249047116 0.5137691231 2
0 0.3475425090 0.1042912425 0.0209625397 0.0328169776 0.3404889305 0.1121838124 2 0.3505203083 0.0947783461 2
0 0.7857837432 0.1398969693 0.0206957672 0.0419263088 0.7811608081 0.1265932835 2 0.7878793196 0.1459275300 2
0 0.0558958580 0.3236981677 0.0220613752 0.0232870072 0.0658119599 0.3233630149 2 0.0513517778 0.3269847254 2
0 0.1000432312 0.3850962345 0.0130898727 0.0592349797 0.1012886518 0.3649073543 2 0.0990597596 0.3903862786 2
0 0.7266654221 0.6782594006 0.0265490473 0.0389264382 0.7183480552 0.6730291438 2 0.7298208164 0.6761592931 2
0 0.0488532302 0.6372038474 0.0123260458 0.0555841197 0.0500893085 0.6209011096 2 0.0482929160 0.6445938785 2
0 0.7517251200 0.8517591261 0.0142324790 0.0433056625 0.7504926230 0.8397780301 2 0.7566370313 0.8577877519 2
0 0.1352485726 0.9850025339 0.0094407658 0.0299949322 0.1344658118 0.9755655564 2 0.1354966957 0.9926916592 2
0 0.1408466669 0.5672116751 0.0244525049 0.0298863949 0.1305621476 0.5631286705 2 0.1455086395 0.5690625011 2
0 0.1037228757 0.2736743344 0.0254460326 0.0297274286 0.1103873129 0.2666431513 2 0.1007018864 0.2768615697 2
0 0.0682196017 0.2654020559 0.0232649441 0.0314507578 0.0771862989 0.2553550467 2 0.0641549978 0.2699563652 2
0 0.1082062243 0.7567834483 0.0222955714 0.0258499379 0.1152341762 0.7575072465 2 0.1016629588 0.7553530850 2
0 0.1135377740 0.8126608308 0.0213261988 0.0340357515 0.1074791948 0.8043418202 2 0.1157188625 0.8211442798 2
0 0.0924539184 0.6494189953 0.0276271211 0.0267116025 0.0854259666 0.6475577998 2 0.0982701545 0.6484194644 2
0 0.1021476452 0.2450165273 0.0242343168 0.0387749068 0.0948773501 0.2599577914 2 0.1054432699 0.2382436522 2
0 0.1956921079 0.2267061546 0.0155099627 0.0392057391 0.1946669963 0.2127816547 2 0.1961567909 0.2330181304 2
0 0.0482262904 0.1361430062 0.0118748152 0.0512690435 0.0481051188 0.1251567826 2 0.0481051188 0.1471292298 2
0 0.0587682181 0.1148168074 0.0145405901 0.0499765466 0.0604646203 0.1018918385 2 0.0580411886 0.1255876149 2
0 0.1318346832 0.0344665838 0.0210838556 0.0555773664 0.1353486591 0.0200337019 2 0.1297747663 0.0523461242 2
0 0.1721848206 0.1447596521 0.0159946491 0.0495457143 0.1714020522 0.1320500993 2 0.1733407975 0.1579000372 2
0 0.1382010382 0.1867658012 0.0310199255 0.0232649441 0.1467387880 0.1824574782 2 0.1312288253 0.1902124596 2
0 0.0472569177 0.4482050205 0.0215685419 0.0361899130 0.0527096390 0.4392350920 2 0.0447851991 0.4522710890 2
0 0.0229014293 0.4441143515 0.0218108851 0.0366207453 0.0279906359 0.4349290069 2 0.0205944920 0.4482780682 2
0 0.0313827810 0.4783444359 0.0252050078 0.0312365135 0.0256100505 0.4717346164 2 0.0339995598 0.4813406671 2
0 0.2529600737 0.4521287273 0.0167216786 0.0547157018 0.2553277664 0.4343267368 2 0.2509655894 0.4675008237 2
0 0.1535989554 0.5295059843 0.0239919736 0.0547157018 0.1600676622 0.5108423291 2 0.1518279945 0.5431547515 2
0 0.0906363447 0.4529061649 0.0167216786 0.0409290683 0.0876070551 0.4411358265 2 0.0919692321 0.4622466091 2
0 0.1003300714 0.5569961432 0.0138135606 0.0435140621 0.1006935861 0.5465183017 2 0.0997242135 0.5611665998 2
0 0.0754898967 0.4866832679 0.0174487081 0.0443757267 0.0793673874 0.4753437618 2 0.0711277197 0.4973162090 2
0 0.0742781809 0.3319220406 0.0111477857 0.0478223851 0.0747628672 0.3192900376 2 0.0754898967 0.3412624848 2
0 0.6352287635 0.2258061062 0.0397442795 0.0594548571 0.6214806356 0.2420398671 2 0.6403834027 0.2123124386 2
0 0.6397951801 0.2663714851 0.0264154053 0.0344665838 0.6484637952 0.2625715442 2 0.6353772642 0.2694648610 2
0 0.6783419487 0.2804774567 0.0176910512 0.0598856894 0.6775591803 0.2656912922 2 0.6775591803 0.2906795655 2
0 0.6380874059 0.3529448665 0.0174487081 0.0641940124 0.6421515008 0.3325578821 2 0.6353658921 0.3605619815 2
0 0.6184563506 0.2984859484 0.0252036894 0.0417907329 0.6259132498 0.2901622684 2 0.6142807778 0.3061030634 2
0 0.6565061160 0.3426484967 0.0208415124 0.0594548571 0.6532999159 0.3252773385 2 0.6579044361 0.3554355993 2
0 0.5822975331 0.0967218509 0.0208415124 0.0629015155 0.5807877352 0.0786268944 2 0.5836958532 0.1079234906 2
0 0.5278642367 0.1158938882 0.0198721397 0.0788423105 0.5290202136 0.0945676894 2 0.5261120956 0.1354967577 2
0 0.6207596596 0.0163716273 0.0267789200 0.0254191056 0.6298523753 0.0122787205 2 0.6123242998 0.0171794379 2
0 0.6294019599 0.0281247324 0.0151997635 0.0377753759 0.6293662869 0.0150274306 2 0.6296764862 0.0368103115 2
0 0.0599072310 0.7802477764 0.0137650919 0.0379132422 0.0576516220 0.7697656266 2 0.0601356395 0.7854910054 2
0 0.0813497545 0.7500072793 0.0130283687 0.0504590787 0.0835211493 0.7391654706 2 0.0787130608 0.7617755496 2
0 0.0985124976 0.6890987991 0.0169640217 0.0460990559 0.0958782856 0.6746901127 2 0.0992284375 0.7009398629 2
0 0.0697172825 0.5798032322 0.0120977709 0.0443929600 0.0720437769 0.5943288293 2 0.0686626825 0.5732187790 2
0 0.1301382810 0.9775364040 0.0196297966 0.0336049192 0.1250224749 0.9651165084 2 0.1338321337 0.9840869161 2
0 0.0948046472 0.7742165718 0.0164793354 0.0330879205 0.0991668242 0.7851355855 2 0.0919934664 0.7720382837 2
0 0.1441941847 0.8635812612 0.0172063649 0.0409290683 0.1479505038 0.8508717084 2 0.1433459836 0.8719824910 2
0 0.0552542422 0.9633189381 0.0157523059 0.0516998758 0.0531943253 0.9512556338 2 0.0573141591 0.9792597332 2
0 0.4488617769 0.0920947120 0.0419389392 0.0591170846 0.4335714353 0.0965064347 2 0.4591318538 0.0815065775 2
0 0.1096602833 0.0566544472 0.0290811801 0.0491148820 0.1159612057 0.0506227950 2 0.1086909107 0.0691485838 2
0 0.0988760124 0.3371345146 0.0152676196 0.0284349317 0.0960890660 0.3344116545 2 0.1031170178 0.3464749589 2
0 0.1902393866 0.2754401501 0.0138135606 0.0551465341 0.1904259908 0.2606539856 2 0.1892142750 0.2839189297 2
0 0.1951111232 0.3565666923 0.0208415124 0.0538540372 0.1889968051 0.3404880310 2 0.1962671001 0.3723696210 2
0 0.0599966056 0.2164275631 0.0189061731 0.0509585740 0.0635033958 0.2036011816 2 0.0590817908 0.2244725125 2
0 0.0777049133 0.2154419066 0.0150446638 0.0350180492 0.0808844556 0.2057030286 2 0.0760763672 0.2200411275 2
0 0.0800314077 0.1122231970 0.0125630698 0.0427385640 0.0801089575 0.0994016278 2 0.0782477620 0.1198058454 2
0 0.0764592694 0.0697948323 0.0218108851 0.0486840497 0.0803367601 0.0566544472 2 0.0747016029 0.0757513688 2
0 0.6830162767 0.6118020395 0.0441064565 0.0538540372 0.6710857226 0.6243737260 2 0.6931389508 0.5972312912 2
0 0.8183500583 0.4466117615 0.0140559037 0.0547157018 0.8192636920 0.4357030877 2 0.8185366625 0.4637071871 2
0 0.4683662617 0.2223538533 0.0249613463 0.0465298882 0.4763078473 0.2118760118 2 0.4651600616 0.2316942975 2
0 0.3436748277 0.2494519005 0.0353821025 0.0348974161 0.3564632767 0.2523298603 2 0.3382875391 0.2514681957 2
0 0.0247190031 0.3904720007 0.0109054425 0.0396365714 0.0258095474 0.3795633269 2 0.0238708020 0.4023974387 2
0 0.0377055813 0.5940351392 0.0128050252 0.0248821162 0.0412440929 0.6029785835 2 0.0356853222 0.5911551666 2
0 0.9376063281 0.5330453401 0.0133288742 0.0607473540 0.9377274996 0.5173975110 2 0.9375514010 0.5401385010 2
0 0.9712920284 0.5335217247 0.0147829332 0.0301582609 0.9692321114 0.5256288770 2 0.9722257887 0.5370995526 2
0 0.9846385607 0.2472048545 0.0198628027 0.0318061772 0.9922520267 0.2495969259 2 0.9792286212 0.2436111005 2
0 0.9126743344 0.7535033561 0.0217561349 0.0361241508 0.9165075038 0.7426582828 2 0.9109367587 0.7584194278 2
0 0.8930859393 0.5877171116 0.0215203835 0.0327526296 0.8868736160 0.5984012453 2 0.8982293904 0.5793426031 2
0 0.9132511595 0.2072643007 0.0100629631 0.0403873804 0.9114215298 0.1949800317 2 0.9120314064 0.2158513625 2
0 0.9466519322 0.8749361118 0.0127181694 0.0493561481 0.9482029285 0.8609921314 2 0.9440152385 0.8902197945 2
0 0.9676822009 0.8836821896 0.0184878756 0.0465436748 0.9708462333 0.8710381922 2 0.9655108061 0.8922144613 2
0 0.9794570544 0.6221271761 0.0127957193 0.0344665838 0.9810080506 0.6123662395 2 0.9788754308 0.6306335290 2
0 0.9937320363 0.5784403335 0.0101784130 0.0336049192 0.9933532985 0.5656781020 2 0.9931547710 0.5847367442 2
0 0.9772294360 0.4414677771 0.0130865311 0.0348974161 0.9769870928 0.4314207680 2 0.9769870928 0.4499465568 2
0 0.3883474298 0.0186119553 0.0314852243 0.0292276631 0.3985483322 0.0169575592 2 0.3819526721 0.0197148860 2
0 0.7490376046 0.0519152919 0.0232649441 0.0508382112 0.7431656297 0.0376978261 2 0.7540710722 0.0682869192 2
0 0.7774839378 0.0259576460 0.0186604239 0.0519152919 0.7742777376 0.0066779006 2 0.7750047671 0.0320970062 2
0 0.8283095595 0.0346820000 0.0215685419 0.0267116025 0.8246186730 0.0325278385 2 0.8333430271 0.0398519876 2
0 0.9496023149 0.5442053471 0.0121171584 0.0465298882 0.9510563739 0.5320041764 2 0.9491176285 0.5526841267 2
0 0.4320003154 0.9692764872 0.0157038373 0.0448065590 0.4296292298 0.9541111903 2 0.4352515913 0.9803057940 2
0 0.7430944492 0.4344979121 0.0213261988 0.0728106584 0.7476432304 0.4149725923 2 0.7369801311 0.4494391762 2
0 0.7578694361 0.3788194814 0.0231098445 0.0386025739 0.7505440807 0.3710107322 2 0.7612459549 0.3867274944 2
0 0.3081758623 0.1878668492 0.0325709217 0.0435657620 0.2989893114 0.2007380503 2 0.3138788756 0.1830911594 2
0 0.4597873975 0.0277886832 0.0370785046 0.0387749068 0.4497955887 0.0355436646 2 0.4677289831 0.0213261988 2
0 0.4594714702 0.1893507950 0.0189027671 0.0637631801 0.4567499564 0.2134774037 2 0.4620815061 0.1755641614 2
0 0.8499647692 0.0527338733 0.0205507006 0.0451512248 0.8460426873 0.0408429018 2 0.8514711743 0.0629015155 2
0 0.1478293322 0.9784282268 0.0138135606 0.0431435463 0.1489198765 0.9702122549 2 0.1489198765 0.9917538698 2
0 0.9359322215 0.6883943304 0.0176425826 0.0313645913 0.9404882730 0.6813907206 2 0.9338965389 0.6972453492 2
0 0.9327211745 0.7242907463 0.0146617616 0.0404336112 0.9367664878 0.7091232953 2 0.9315561097 0.7263565872 2
0 0.9346770002 0.7615658303 0.0125320499 0.0474260194 0.9375928732 0.7478189023 2 0.9341186415 0.7742892386 2
0 0.9687368783 0.8288249663 0.0146414048 0.0518377421 0.9688609580 0.8106663155 2 0.9674960813 0.8437542360 2
0 0.9887614810 0.6837610133 0.0144242653 0.0397055046 0.9860472375 0.6949778183 2 0.9903900271 0.6806397194 2
0 0.9798420116 0.1980478578 0.0125320499 0.0390437462 0.9790354936 0.1836391714 2 0.9787873342 0.2006243039 2
0 0.9585946035 0.2106674642 0.0167507597 0.0394297719 0.9553375113 0.1981712595 2 0.9612312972 0.2194026752 2
0 0.8922881557 0.2794864678 0.0113901289 0.0482532174 0.8911976115 0.2664236325 2 0.8921669841 0.2901194089 2
0 0.9516379975 0.4696259277 0.0164793354 0.0525615404 0.9505294229 0.4518908024 2 0.9514600206 0.4753280794 2
0 0.8324950170 0.7893187305 0.0169058594 0.0341908512 0.8282716542 0.7842673080 2 0.8363368348 0.7972267435 2
0 0.7915941977 0.8056343171 0.0252036894 0.0654865093 0.7983240675 0.7862468637 2 0.7847528501 0.8194209506 2
0 0.6969924810 0.8627534831 0.0171229989 0.0392643323 0.6931174719 0.8523153471 2 0.6980806600 0.8723886855 2
0 0.0360606633 0.4084613403 0.0223343463 0.0215071483 0.0284607816 0.4114061652 2 0.0360606633 0.4108546998 2
0 0.9424531914 0.1919357888 0.0133288742 0.0508382112 0.9413626472 0.1798724844 2 0.9442707652 0.2057224223 2
0 0.9302101309 0.1807362758 0.0140210063 0.0533818451 0.9284109752 0.1623570389 2 0.9315129678 0.1890479615 2
0 0.9295897324 0.1404352606 0.0147654845 0.0487495362 0.9343668009 0.1241515920 2 0.9282868955 0.1530483759 2
0 0.9431412779 0.1439748444 0.0112763633 0.0423525382 0.9437583015 0.1324944831 2 0.9428053694 0.1525413512 2
0 0.9650312380 0.9190338586 0.0113222728 0.0394297719 0.9679005811 0.9086938834 2 0.9640230905 0.9252378437 2
0 0.9612817331 0.9565022491 0.0112445989 0.0295903067 0.9617581991 0.9457729395 2 0.9589629316 0.9620363141 2
0 0.9801815533 0.9313279881 0.0165174899 0.0272185646 0.9852003290 0.9244025010 2 0.9773227569 0.9359223914 2
0 0.8936665700 0.4477201464 0.0317289272 0.0462962963 0.8849227107 0.4402855393 2 0.8974376008 0.4469928660 2
0 0.9464645719 0.6093100999 0.0165026003 0.0207350968 0.9424319815 0.6099012707 2 0.9514897998 0.6103424430 2
0 0.9298999317 0.6083076444 0.0096782167 0.0324261621 0.9313888881 0.6175016746 2 0.9297758520 0.6009577144 2
0 0.8998893946 0.7910583233 0.0110120735 0.0339151185 0.8982608485 0.7815951780 2 0.8979506492 0.7970362076 2
0 0.8432601942 0.8739763829 0.0153160882 0.0527338733 0.8416646067 0.8576047555 2 0.8459298465 0.8900033443 2
0 0.3563844525 0.3509183003 0.0279179329 0.0478671916 0.3502760088 0.3660681561 2 0.3600783052 0.3426860257 2
0 0.9367243153 0.4849987333 0.0191082741 0.0330879205 0.9415634236 0.4734518437 2 0.9339945618 0.4888928732 2
0 0.8914352241 0.4039030183 0.0263048968 0.0324261621 0.8829692660 0.4020677417 2 0.8979829100 0.4064794644 2
0 0.8873263248 0.4844464302 0.0162854609 0.0432900293 0.8852743567 0.4995234927 2 0.8917885410 0.4777406117 2
0 0.8603081232 0.5195881708 0.0274526340 0.0261946037 0.8711294241 0.5134338176 2 0.8562398599 0.5208785997 2
0 0.8647481017 0.5494205656 0.0134936676 0.0336393858 0.8602145396 0.5391302223 2 0.8667287240 0.5529168558 2
0 0.6596187746 0.8940800519 0.0217139478 0.0281247324 0.6538444154 0.8954587152 2 0.6643911901 0.8962859132 2
0 0.6799417073 0.9831673821 0.0162369922 0.0336652358 0.6796436252 0.9749514102 2 0.6835211159 0.9913230375 2
0 0.0511344084 0.9157119692 0.0152676196 0.0400674037 0.0488321483 0.9017099195 2 0.0512555800 0.9189432115 2
0 0.0647696044 0.8887556707 0.0102986153 0.0324261621 0.0652038833 0.8796410515 2 0.0649557239 0.8961850118 2
0 0.0829783006 0.7076895007 0.0211323242 0.0248159404 0.0905040819 0.7152677816 2 0.0812129939 0.7082090252 2
0 0.3901338591 0.5147302267 0.0351397593 0.0560081987 0.4043763671 0.5064065467 2 0.3801420503 0.5288098262 2
0 0.8339257778 0.0961402618 0.0285879633 0.0402349113 0.8426856062 0.1027049052 2 0.8279151585 0.0916932452 2
0 0.9614267227 0.4783903325 0.0124079702 0.0437725615 0.9627838444 0.4717313885 2 0.9592941028 0.4910326754 2
0 0.9102780113 0.9746182933 0.0132648150 0.0430979429 0.9098968384 0.9617431216 2 0.9097443693 0.9845118462 2
0 0.8805436760 0.9790637286 0.0117131239 0.0407643180 0.8814142192 0.9675050150 2 0.8796274715 0.9897400976 2
