0 0.1344038225 0.5036114038 0.0150602410 0.0490852298
0 0.2120212571 0.6654500845 0.0208562397 0.0498544174
0 0.2075803213 0.5555555556 0.0138052209 0.0580098170
0 0.2216992972 0.5711735832 0.0131777108 0.0535475234
0 0.2391720533 0.5950145748 0.0222345970 0.0444530178
0 0.2562500000 0.4844444444 0.0175000000 0.0622222222
0 0.2778173480 0.6100439602 0.0167394360 0.0461157832
0 0.2916666667 0.6503703704 0.0233333333 0.0311111111
0 0.3163697240 0.5316233766 0.0185727814 0.0567532468
0 0.3045833333 0.5722222222 0.0125000000 0.0466666667
0 0.3200000000 0.5825925926 0.0116666667 0.0466666667
0 0.3226093107 0.6319547325 0.0177186214 0.0550205761
0 0.3352083333 0.6137037037 0.0112500000 0.0422222222
0 0.3129166667 0.6870370370 0.0158333333 0.0570370370
0 0.2908333333 0.7025925926 0.0258333333 0.0348148148
0 0.2918750000 0.7455555556 0.0287500000 0.0496296296
0 0.3185098380 0.7842746914 0.0215451389 0.0538786008
0 0.3242026749 0.8251714678 0.0182613169 0.0355281207
0 0.3372916667 0.8625925926 0.0329166667 0.0392592593
0 0.3900097018 0.9252178649 0.0175194036 0.0504357298
0 0.3989583333 0.9822222222 0.0270833333 0.0325925926
0 0.4143438521 0.9601724764 0.0229789624 0.0359005084
0 0.4265507557 0.9206899056 0.0164348448 0.0576761075
0 0.4478273080 0.9286819172 0.0210120507 0.0544008715
0 0.4526552288 0.9722694263 0.0145833333 0.0481481481
0 0.4754166667 0.9103703704 0.0250000000 0.0325925926
0 0.4614583333 0.8777777778 0.0179166667 0.0488888889
0 0.4416666667 0.8555555556 0.0208333333 0.0696296296
0 0.4610416667 0.8329629630 0.0145833333 0.0466666667
0 0.5095307394 0.8905573711 0.0148948121 0.0499963689
0 0.5246648551 0.8528220402 0.0348369565 0.0257371203
0 0.5684537162 0.8639284344 0.0331945179 0.0414896505
0 0.4939583333 0.8362962963 0.0329166667 0.0311111111
0 0.5112500000 0.8137037037 0.0233333333 0.0303703704
0 0.5160145978 0.7850373808 0.0208333333 0.0281481481
0 0.4777911315 0.7950118613 0.0378787879 0.0402169847
0 0.5457907941 0.8178543727 0.0259184119 0.0357087454
0 0.5725000000 0.8000000000 0.0241666667 0.0296296296
0 0.5521412037 0.7853497942 0.0291666667 0.0222222222
0 0.5566257911 0.7436779184 0.0242484177 0.0562447257
0 0.5777083333 0.7492592593 0.0254166667 0.0437037037
0 0.6080986201 0.7261038961 0.0195305736 0.0581337181
0 0.6212500000 0.7011111111 0.0158333333 0.0451851852
0 0.6412500000 0.6837037037 0.0258333333 0.0503703704
0 0.6202265963 0.6595887446 0.0270468074 0.0480663781
0 0.5859796438 0.6636938083 0.0311259542 0.0592394685
0 0.5753095048 0.7046030056 0.0131190096 0.0462430482
0 0.5641666667 0.6762962963 0.0133333333 0.0414814815
0 0.5364398968 0.7245567027 0.0146202065 0.0609652573
0 0.5025796248 0.7568411867 0.0254166667 0.0555555556
0 0.4810416667 0.7425925926 0.0187500000 0.0674074074
0 0.6193750000 0.6211111111 0.0145833333 0.0451851852
0 0.6157476578 0.5468485645 0.0210046844 0.0448082402
0 0.6332538215 0.5717992549 0.0315076430 0.0354503616
0 0.5705591588 0.5466876310 0.0386183176 0.0533752621
0 0.5527083333 0.5825925926 0.0137500000 0.0570370370
0 0.5670833333 0.6033333333 0.0133333333 0.0570370370
0 0.5552083333 0.6462962963 0.0162500000 0.0525925926
0 0.5730296459 0.6167846078 0.0247740415 0.0271715251
0 0.6300774007 0.4982596792 0.0162523624 0.0585488677
0 0.5923102981 0.4531767540 0.0203252033 0.0602228245
0 0.5637279810 0.4546823246 0.0207486450 0.0602228245
0 0.5747606427 0.4827580985 0.0240898258 0.0546459771
0 0.5323932927 0.5216802168 0.0173611111 0.0722673893
0 0.5171535754 0.5555892558 0.0198933912 0.0691888476
0 0.5641778376 0.3893087885 0.0212779472 0.0525067751
0 0.5329725515 0.6537623195 0.0162025936 0.0563954610
0 0.5357808266 0.5947003914 0.0173611111 0.0587172538
0 0.6250828123 0.3282143933 0.0293059200 0.0707618187
0 0.5880062305 0.3831775701 0.0253115265 0.0692281066
0 0.5849457962 0.2828863346 0.0250317793 0.0638569604
0 0.5799746885 0.2165974386 0.0209306854 0.0597092420
0 0.5546631620 0.1863101419 0.0248247664 0.0649013499
0 0.5267009494 0.1588138772 0.0309862869 0.0808720113
0 0.5001460280 0.1045344410 0.0355334891 0.0484596746
0 0.4663161994 0.1088611976 0.0301791277 0.0415368640
0 0.4884637850 0.1469366563 0.0335864486 0.0328833506
0 0.4716705607 0.1906368986 0.0243380062 0.0545171340
0 0.4960085670 0.2001557632 0.0262850467 0.0545171340
0 0.4276981701 0.1232024014 0.0259570878 0.0529122448
0 0.3596416500 0.1268982302 0.0298301751 0.0621757618
0 0.3984131620 0.1521287643 0.0277453271 0.0674974039
0 0.3738481638 0.1680906495 0.0232712766 0.0630417652
0 0.3426274095 0.1756041234 0.0250985689 0.0550417532
0 0.3945669668 0.2059148449 0.0295965960 0.0487282707
0 0.4154723813 0.2246545870 0.0268170368 0.0626326744
0 0.4631109152 0.2574755816 0.0169539175 0.0618532054
0 0.4788715156 0.2534789124 0.0167507383 0.0625133804
0 0.5042834891 0.2581343025 0.0262850467 0.0475943233
0 0.5428832589 0.2936509501 0.0191789651 0.0667065386
0 0.5605042835 0.3325545171 0.0277453271 0.0493250260
0 0.5437110592 0.2356351679 0.0243380062 0.0631706473
0 0.5257920660 0.2498225062 0.0222976571 0.0736599219
0 0.5663454050 0.2659224645 0.0160630841 0.0700934579
0 0.3801697395 0.2696587731 0.0193226594 0.0697548289
0 0.3543655142 0.2736456762 0.0292438490 0.0700833752
0 0.3300059507 0.2755965100 0.0189862604 0.0668625356
0 0.3059687708 0.2692012105 0.0194727148 0.0622119449
0 0.2888039303 0.3177597947 0.0161421395 0.0525145986
0 0.2300290855 0.3144540645 0.0282399892 0.0444925445
0 0.2524038462 0.3977920228 0.0160256410 0.0619658120
0 0.2714342949 0.4408831909 0.0220352564 0.0413105413
0 0.2401235290 0.4462486383 0.0275816169 0.0334286492
0 0.2326803631 0.4910968661 0.0200320513 0.0519943020
0 0.2628322199 0.3308913309 0.0248631577 0.0533170533
0 0.2868552561 0.3816705336 0.0200320513 0.0377492877
0 0.2739757105 0.4008155128 0.0238775615 0.0521544869
0 0.3070208912 0.3453312372 0.0156250000 0.0527065527
0 0.3187099359 0.3101851852 0.0148237179 0.0462962963
0 0.3211137821 0.3742877493 0.0164262821 0.0548433048
0 0.3013527526 0.4213149172 0.0254996229 0.0748235667
0 0.2867736279 0.4984987096 0.0144230769 0.0420227920
0 0.2996725108 0.4875639608 0.0168408757 0.0520509986
0 0.3116685366 0.4735373810 0.0152847217 0.0358312210
0 0.3288517442 0.4637414696 0.0193798450 0.0782150666
0 0.3503210074 0.5258652527 0.0291676559 0.0545795083
0 0.3893203151 0.4145206645 0.0174226815 0.0726680727
0 0.3388384019 0.3718205385 0.0172368598 0.0670029003
0 0.3560684114 0.3647374657 0.0134188742 0.0509987534
0 0.3745562560 0.3674609843 0.0145764295 0.0493468362
0 0.3866185897 0.3269230769 0.0200320513 0.0569800570
0 0.4046556552 0.3447212373 0.0246891267 0.0522620654
0 0.3986378205 0.2742165242 0.0168269231 0.0626780627
0 0.4225433260 0.2847017371 0.0265025811 0.0630940675
0 0.4363707596 0.3064112019 0.0186670354 0.0729363639
0 0.4648498573 0.3286819887 0.0242509967 0.0619223820
0 0.4981971154 0.2902421652 0.0292467949 0.0477207977
0 0.4937900641 0.3272792023 0.0372596154 0.0292022792
0 0.5004277521 0.3732193732 0.0168269231 0.0655270655
0 0.5219568701 0.3198728271 0.0158688685 0.0611090466
0 0.5326522436 0.3603988604 0.0324519231 0.0356125356
0 0.5016622340 0.4412923562 0.0293661348 0.0571315997
0 0.4767287234 0.3954885737 0.0182845745 0.0620567376
0 0.4185675283 0.3776148916 0.0273662558 0.0351947876
0 0.4437064639 0.3865349529 0.0230201432 0.0650753260
0 0.3605330311 0.4604482633 0.0214269546 0.0601475095
0 0.3812523560 0.4943214938 0.0294800207 0.0685129338
0 0.4786287633 0.5529108785 0.0246403392 0.0606190740
0 0.4752512792 0.4585607537 0.0261970029 0.0594217024
0 0.4609375000 0.4211338532 0.0182748538 0.0495451592
0 0.4453133390 0.5326263554 0.0361344904 0.0327975753
0 0.4070266813 0.5401234568 0.0264985380 0.0503573749
0 0.3796144006 0.5616471735 0.0201023392 0.0625406108
0 0.3967470760 0.5860136452 0.0214729532 0.0576673164
0 0.4304368586 0.5781445697 0.0376829277 0.0371264985
0 0.4125091374 0.6327160494 0.0146198830 0.0487329435
0 0.3850582897 0.6946448613 0.0274894148 0.0621292288
0 0.3708542864 0.8204041660 0.0281669061 0.0550981007
0 0.3856441505 0.8734534059 0.0226627223 0.0480899394
0 0.4744698306 0.6239582450 0.0261509185 0.0629996892
0 0.4855405411 0.6368062016 0.0211521049 0.0520399536
0 0.4619288014 0.6790128320 0.0229986846 0.0544826526
0 0.4307839912 0.6769818064 0.0274122807 0.0527940221
0 0.4129600754 0.6945552011 0.0237691767 0.0587010455
0 0.4147649768 0.7632519390 0.0179092826 0.0666674182
0 0.3992598684 0.7801332034 0.0146198830 0.0446718648
0 0.3211348684 0.7350552307 0.0219298246 0.0536062378
0 0.3410087719 0.7971897336 0.0196454678 0.0674139051
0 0.3599689327 0.5916991553 0.0219298246 0.0495451592
0 0.3693347953 0.6371832359 0.0287828947 0.0609161793
0 0.3554894520 0.6844757655 0.0226651019 0.0654214384
0 0.3690650186 0.7655010711 0.0319809942 0.0284275504
0 0.4367233187 0.7789148798 0.0246710526 0.0536062378
0 0.4647435897 0.7319902320 0.0240384615 0.0478225478
0 0.5183131720 0.7217741935 0.0184811828 0.0537634409
0 0.4924713870 0.4995462053 0.0254557292 0.0732445988
0 0.2607987496 0.5489610011 0.0257207632 0.0525902121
0 0.2897828014 0.3555292882 0.0188386525 0.0308641975
0 0.4563225211 0.1494374121 0.0260416667 0.0515705579
0 0.3510688998 0.3264947954 0.0255310458 0.0465988865
0 0.3031412760 0.6116415895 0.0132921007 0.0409915123
0 0.3415400228 0.7409122085 0.0248674852 0.0497256516
0 0.3910383598 0.7531599059 0.0231481481 0.0264550265
0 0.4129464286 0.8467338217 0.0200320513 0.0564306064
0 0.4822559232 0.8791757444 0.0142973856 0.0553740015
0 0.5034146276 0.6825979893 0.0164898735 0.0330573884
0 0.3446010349 0.5855119826 0.0173611111 0.0478092472
0 0.4337797619 0.6326058201 0.0148809524 0.0443121693
0 0.3691353042 0.9125289137 0.0137691571 0.0446998723
0 0.3395974099 0.4138722055 0.0185341592 0.0396229563
0 0.4060837766 0.9244483846 0.0149601064 0.0384160757
0 0.4211956522 0.9821367865 0.0150966184 0.0338745751
0 0.3549987673 0.2232632040 0.0382149901 0.0356125356
0 0.2231522817 0.0529100529 0.0186011905 0.0617283951
0 0.5120192308 0.6401353276 0.0285456731 0.0730056980
0 0.4936483740 0.6756248118 0.0152439024 0.0700090334
0 0.2699956294 0.4856254856 0.0178467366 0.0595700596
0 0.4364691840 0.2154706790 0.0200737847 0.0607638889
0 0.4481336806 0.2352430556 0.0141059028 0.0501543210
0 0.4214537377 0.4312363834 0.0340839461 0.0374455338
0 0.4461150419 0.4959323317 0.0207023061 0.0684078733
0 0.4141738732 0.4883618682 0.0313744759 0.0701898439
0 0.2385979730 0.5412912913 0.0150150150 0.0633967301
0 0.6104166667 0.4953703704 0.0159722222 0.0635802469
0 0.3530038703 0.7291249172 0.0183883622 0.0330795934
0 0.3964783854 0.8476159342 0.0168559987 0.0428088856
0 0.4366885172 0.7246158554 0.0282901720 0.0502936391
0 0.3678959842 0.7338997334 0.0154908644 0.0331772843
0 0.3348806983 0.6623002264 0.0160092594 0.0481124834
0 0.3942650451 0.6395060903 0.0207262734 0.0503995205
0 0.5006198920 0.5881273792 0.0207739200 0.0413360773
0 0.5480835346 0.4986313836 0.0169621916 0.0531947880
0 0.6085470769 0.3953229547 0.0199520161 0.0704110948
0 0.5187958984 0.4122691635 0.0219555558 0.0615297675
0 0.5292812010 0.4101495036 0.0307987658 0.0691193424
0 0.4378904833 0.3511257053 0.0196136299 0.0275826835
0 0.4255148683 0.1715476906 0.0292740744 0.0448869141
0 0.2858543616 0.5594512110 0.0250049386 0.0687398636
0 0.2800324801 0.5872464025 0.0196380249 0.0336109743
0 0.2596759443 0.6072977882 0.0184868829 0.0660699596
0 0.4552624011 0.6039061970 0.0224891978 0.0653923190
0 0.4791744409 0.5561699396 0.0486681487 0.0305751444
0 0.6008628231 0.5925890566 0.0231753089 0.0853827171
0 0.5935735100 0.6958317239 0.0175644447 0.0300113474
0 0.5394983940 0.7649166963 0.0248829633 0.0305751444
0 0.4168113580 0.8137233723 0.0228703706 0.0345596712
0 0.4592038770 0.7762796627 0.0157043212 0.0338820306
0 0.4600063281 0.8128287132 0.0393248400 0.0437159511
0 0.5113716035 0.4969210161 0.0184182718 0.0412005492
0 0.3716230089 0.4160013756 0.0185402471 0.0470553641
0 0.3639266108 0.3960880660 0.0188329879 0.0267153035
0 0.4494938685 0.4509709842 0.0156752910 0.0427444856
0 0.3150618299 0.9529293890 0.0314467596 0.0313408783
0 0.2201992829 0.3785614668 0.0226850961 0.0626915802
