0 0.1328946967 0.5048945253 0.0150602410 0.0490852298
0 0.2121910539 0.6664737872 0.0205166460 0.0478070121
0 0.2075803213 0.5555555556 0.0138052209 0.0580098170
0 0.2247056191 0.5657017593 0.0131777108 0.0535475234
0 0.2364099853 0.5954841598 0.0186543501 0.0449569066
0 0.2374584675 0.5399394909 0.0140871869 0.0465628345
0 0.2562500000 0.4844444444 0.0175000000 0.0622222222
0 0.2706250000 0.4885185185 0.0137500000 0.0511111111
0 0.2774685330 0.6091435185 0.0174370660 0.0479166667
0 0.2916666667 0.6503703704 0.0233333333 0.0311111111
0 0.3162500000 0.5337037037 0.0183333333 0.0525925926
0 0.3045833333 0.5722222222 0.0125000000 0.0466666667
0 0.3200000000 0.5825925926 0.0116666667 0.0466666667
0 0.3226093107 0.6319547325 0.0177186214 0.0550205761
0 0.3352083333 0.6137037037 0.0112500000 0.0422222222
0 0.3129166667 0.6870370370 0.0158333333 0.0570370370
0 0.2908333333 0.7025925926 0.0258333333 0.0348148148
0 0.2918750000 0.7455555556 0.0287500000 0.0496296296
0 0.3183333333 0.7870370370 0.0191666667 0.0496296296
0 0.3242026749 0.8251714678 0.0182613169 0.0355281207
0 0.3372916667 0.8625925926 0.0329166667 0.0392592593
0 0.3681932277 0.9148134599 0.0235712917 0.0642165138
0 0.3900097018 0.9252178649 0.0175194036 0.0504357298
0 0.3989583333 0.9822222222 0.0270833333 0.0325925926
0 0.4143438521 0.9601724764 0.0229789624 0.0359005084
0 0.4265507557 0.9206899056 0.0164348448 0.0576761075
0 0.4478273080 0.9286819172 0.0210120507 0.0544008715
0 0.4526552288 0.9722694263 0.0145833333 0.0481481481
0 0.4754166667 0.9103703704 0.0250000000 0.0325925926
0 0.4614583333 0.8777777778 0.0179166667 0.0488888889
0 0.4416666667 0.8555555556 0.0208333333 0.0696296296
0 0.4610416667 0.8329629630 0.0145833333 0.0466666667
0 0.5095307394 0.8905573711 0.0148948121 0.0499963689
0 0.5240098125 0.8551284695 0.0262500000 0.0244444444
0 0.5699712394 0.8618939589 0.0237500000 0.0333333333
0 0.4939583333 0.8362962963 0.0329166667 0.0311111111
0 0.5112500000 0.8137037037 0.0233333333 0.0303703704
0 0.5161354408 0.7880450288 0.0208333333 0.0281481481
0 0.4765089079 0.7906204580 0.0323866422 0.0327414670
0 0.5464583333 0.8159259259 0.0245833333 0.0318518519
0 0.5725000000 0.8000000000 0.0241666667 0.0296296296
0 0.5541666667 0.7874074074 0.0291666667 0.0222222222
0 0.5566257911 0.7436779184 0.0242484177 0.0562447257
0 0.5777083333 0.7492592593 0.0254166667 0.0437037037
0 0.6077083333 0.7251851852 0.0187500000 0.0562962963
0 0.6212500000 0.7011111111 0.0158333333 0.0451851852
0 0.6412500000 0.6837037037 0.0258333333 0.0503703704
0 0.6202083333 0.6559259259 0.0270833333 0.0407407407
0 0.5852083333 0.6622222222 0.0295833333 0.0562962963
0 0.5753095048 0.7046030056 0.0131190096 0.0462430482
0 0.5641666667 0.6762962963 0.0133333333 0.0414814815
0 0.5360416667 0.7218518519 0.0154166667 0.0555555556
0 0.5031250000 0.7529629630 0.0254166667 0.0555555556
0 0.4810416667 0.7425925926 0.0187500000 0.0674074074
0 0.6193750000 0.6211111111 0.0145833333 0.0451851852
0 0.6152083333 0.5444444444 0.0220833333 0.0400000000
0 0.6350000000 0.5714814815 0.0350000000 0.0348148148
0 0.5705591588 0.5466876310 0.0386183176 0.0533752621
0 0.5527083333 0.5825925926 0.0137500000 0.0570370370
0 0.5670833333 0.6033333333 0.0133333333 0.0570370370
0 0.5552083333 0.6462962963 0.0162500000 0.0525925926
0 0.5716468631 0.6147276792 0.0240403200 0.0334928179
0 0.6050347222 0.5648148148 0.0190972222 0.0576131687
0 0.6304200542 0.4953327311 0.0169376694 0.0526949714
0 0.6084010840 0.5002258356 0.0228658537 0.0519421861
0 0.5923102981 0.4531767540 0.0203252033 0.0602228245
0 0.5637279810 0.4546823246 0.0207486450 0.0602228245
0 0.5753726287 0.4855465221 0.0228658537 0.0602228245
0 0.5323932927 0.5216802168 0.0173611111 0.0722673893
0 0.5171535754 0.5555892558 0.0198933912 0.0691888476
0 0.5628793716 0.3886254140 0.0241396308 0.0560825053
0 0.5329725515 0.6537623195 0.0162025936 0.0563954610
0 0.5357808266 0.5947003914 0.0173611111 0.0587172538
0 0.6285601266 0.3252461322 0.0362605485 0.0750117206
0 0.5880062305 0.3831775701 0.0253115265 0.0692281066
0 0.5845989097 0.2823641398 0.0243380062 0.0649013499
0 0.5799746885 0.2165974386 0.0209306854 0.0597092420
0 0.5546631620 0.1863101419 0.0248247664 0.0649013499
0 0.5267009494 0.1588138772 0.0309862869 0.0808720113
0 0.5001460280 0.1045344410 0.0355334891 0.0484596746
0 0.4663161994 0.1088611976 0.0301791277 0.0415368640
0 0.4884637850 0.1469366563 0.0335864486 0.0328833506
0 0.4716705607 0.1906368986 0.0243380062 0.0545171340
0 0.4960085670 0.2001557632 0.0262850467 0.0545171340
0 0.4276981701 0.1232024014 0.0259570878 0.0529122448
0 0.3593480728 0.1257002595 0.0304173295 0.0597798203
0 0.3984131620 0.1521287643 0.0277453271 0.0674974039
0 0.3737638934 0.1694389762 0.0232712766 0.0630417652
0 0.3413137828 0.1766240374 0.0251216555 0.0524519515
0 0.3952492212 0.2044825199 0.0282320872 0.0458636206
0 0.4154723813 0.2246545870 0.0268170368 0.0626326744
0 0.4391707072 0.2109793556 0.0270324174 0.0605879947
0 0.4631109152 0.2574755816 0.0169539175 0.0618532054
0 0.4788715156 0.2534789124 0.0167507383 0.0625133804
0 0.5042834891 0.2581343025 0.0262850467 0.0475943233
0 0.5428832589 0.2936509501 0.0191789651 0.0667065386
0 0.5605042835 0.3325545171 0.0277453271 0.0493250260
0 0.5437110592 0.2356351679 0.0243380062 0.0631706473
0 0.5257920660 0.2498225062 0.0222976571 0.0736599219
0 0.5663454050 0.2659224645 0.0160630841 0.0700934579
0 0.3801697395 0.2696587731 0.0193226594 0.0697548289
0 0.3543655142 0.2736456762 0.0292438490 0.0700833752
0 0.3300059507 0.2755965100 0.0189862604 0.0668625356
0 0.3060863863 0.2722309761 0.0192374839 0.0561524137
0 0.2888039303 0.3177597947 0.0161421395 0.0525145986
0 0.2292078673 0.3161711220 0.0247573422 0.0425986543
0 0.2524038462 0.3977920228 0.0160256410 0.0619658120
0 0.2714342949 0.4408831909 0.0220352564 0.0413105413
0 0.2415832850 0.4445320298 0.0260416667 0.0363247863
0 0.2339743590 0.4910968661 0.0200320513 0.0519943020
0 0.2618728973 0.3307646845 0.0229445126 0.0535703461
0 0.2695138248 0.3987085112 0.0238775615 0.0521544869
0 0.3071618011 0.3464585161 0.0156250000 0.0527065527
0 0.3187099359 0.3101851852 0.0148237179 0.0462962963
0 0.3211137821 0.3742877493 0.0164262821 0.0548433048
0 0.3013527526 0.4213149172 0.0254996229 0.0748235667
0 0.2867174544 0.4931060509 0.0144230769 0.0420227920
0 0.2996725108 0.4875639608 0.0168408757 0.0520509986
0 0.3104608057 0.4736372450 0.0177001834 0.0356314929
0 0.3285256410 0.4633190883 0.0200320513 0.0790598291
0 0.3503210074 0.5258652527 0.0291676559 0.0545795083
0 0.3894230769 0.4155982906 0.0176282051 0.0705128205
0 0.3393854749 0.3732253418 0.0183310056 0.0698125070
0 0.3566839296 0.3653530755 0.0146499104 0.0464429361
0 0.3750335733 0.3670040905 0.0136217949 0.0484330484
0 0.3866185897 0.3269230769 0.0200320513 0.0569800570
0 0.4057297181 0.3435755701 0.0246891267 0.0522620654
0 0.3986378205 0.2742165242 0.0168269231 0.0626780627
0 0.4225433260 0.2847017371 0.0265025811 0.0630940675
0 0.4363707596 0.3064112019 0.0186670354 0.0729363639
0 0.4637419872 0.3272792023 0.0220352564 0.0591168091
0 0.4981971154 0.2902421652 0.0292467949 0.0477207977
0 0.4937900641 0.3272792023 0.0372596154 0.0292022792
0 0.5004277521 0.3732193732 0.0168269231 0.0655270655
0 0.5206330128 0.3169515670 0.0132211538 0.0669515670
0 0.5326522436 0.3603988604 0.0324519231 0.0356125356
0 0.5016622340 0.4412923562 0.0293661348 0.0571315997
0 0.4767287234 0.3954885737 0.0182845745 0.0620567376
0 0.4179069726 0.3791897738 0.0270031773 0.0321068118
0 0.4435285433 0.3866287547 0.0233759843 0.0648877224
0 0.4215879265 0.4325605133 0.0393700787 0.0517643628
0 0.3605330311 0.4604482633 0.0214269546 0.0601475095
0 0.3831823539 0.4942394032 0.0333400165 0.0686771149
0 0.4222030840 0.4868766404 0.0315780840 0.0627004958
0 0.4776580885 0.5543161272 0.0246062992 0.0634295713
0 0.4764711257 0.4572774529 0.0237573099 0.0568551007
0 0.4609375000 0.4211338532 0.0182748538 0.0495451592
0 0.4538559942 0.4966699155 0.0233004386 0.0592917479
0 0.4476882310 0.5348440546 0.0392909357 0.0300519818
0 0.4068729775 0.5427193435 0.0264985380 0.0503573749
0 0.3796144006 0.5616471735 0.0201023392 0.0625406108
0 0.3967470760 0.5860136452 0.0214729532 0.0576673164
0 0.4314692982 0.5758609487 0.0397478070 0.0324886290
0 0.4125091374 0.6327160494 0.0146198830 0.0487329435
0 0.3850582897 0.6946448613 0.0274894148 0.0621292288
0 0.3700201023 0.8211500975 0.0264985380 0.0536062378
0 0.3860105994 0.8755685510 0.0219298246 0.0438596491
0 0.4730445906 0.6229694607 0.0233004386 0.0649772580
0 0.4853801170 0.6384015595 0.0214729532 0.0552306693
0 0.5113434995 0.6422938067 0.0258850984 0.0678884581
0 0.4609820229 0.6775886182 0.0229986846 0.0544826526
0 0.4307839912 0.6769818064 0.0274122807 0.0527940221
0 0.4129600754 0.6945552011 0.0237691767 0.0587010455
0 0.4147649768 0.7632519390 0.0179092826 0.0666674182
0 0.3992598684 0.7801332034 0.0146198830 0.0446718648
0 0.3211348684 0.7350552307 0.0219298246 0.0536062378
0 0.3410087719 0.7971897336 0.0196454678 0.0674139051
0 0.3593397575 0.5856943950 0.0206714741 0.0615546797
0 0.3693347953 0.6371832359 0.0287828947 0.0609161793
0 0.3560855263 0.6895711501 0.0214729532 0.0552306693
0 0.3687867617 0.7663255361 0.0319809942 0.0284275504
0 0.4367233187 0.7789148798 0.0246710526 0.0536062378
0 0.4647435897 0.7319902320 0.0240384615 0.0478225478
0 0.5183131720 0.7217741935 0.0184811828 0.0537634409
0 0.4918077257 0.5067515432 0.0254991319 0.0723379630
0 0.2615017361 0.5487075617 0.0271267361 0.0520833333
0 0.2897828014 0.3555292882 0.0188386525 0.0308641975
0 0.4563225211 0.1494374121 0.0260416667 0.0515705579
0 0.3530800238 0.2234453047 0.0363865637 0.0357763082
0 0.3510688998 0.3264947954 0.0255310458 0.0465988865
0 0.3031412760 0.6116415895 0.0132921007 0.0409915123
0 0.3419174383 0.7420553269 0.0241126543 0.0474394147
0 0.3910383598 0.7531599059 0.0231481481 0.0264550265
0 0.4114462490 0.8475388846 0.0171075019 0.0491380940
0 0.4814416964 0.8754911625 0.0142973856 0.0553740015
0 0.5033602151 0.6813769415 0.0163810484 0.0306152927
0 0.3446010349 0.5855119826 0.0173611111 0.0478092472
0 0.4337797619 0.6326058201 0.0148809524 0.0443121693
0 0.2249348958 0.0455729167 0.0236002604 0.0448495370
0 0.3527917961 0.7273463593 0.0205774529 0.0342471085
0 0.3960744009 0.8505347219 0.0161992715 0.0447547440
0 0.4366885172 0.7246158554 0.0282901720 0.0502936391
0 0.3678959842 0.7338997334 0.0154908644 0.0331772843
0 0.3348806983 0.6623002264 0.0160092594 0.0481124834
0 0.3942650451 0.6395060903 0.0207262734 0.0503995205
0 0.5006198920 0.5881273792 0.0207739200 0.0413360773
0 0.5480835346 0.4986313836 0.0169621916 0.0531947880
0 0.6085470769 0.3953229547 0.0199520161 0.0704110948
0 0.5187958984 0.4122691635 0.0219555558 0.0615297675
0 0.5292812010 0.4101495036 0.0307987658 0.0691193424
0 0.4378904833 0.3511257053 0.0196136299 0.0275826835
0 0.4277104239 0.1700297756 0.0292740744 0.0448869141
0 0.2865884815 0.3778603326 0.0200320513 0.0377492877
0 0.2858543616 0.5594512110 0.0250049386 0.0687398636
0 0.2803984060 0.5926675274 0.0196380249 0.0336109743
0 0.2596759443 0.6072977882 0.0184868829 0.0660699596
0 0.4552624011 0.6039061970 0.0224891978 0.0653923190
0 0.4791744409 0.5561699396 0.0486681487 0.0305751444
0 0.6008628231 0.5925890566 0.0231753089 0.0853827171
0 0.5935735100 0.6958317239 0.0175644447 0.0300113474
0 0.5394983940 0.7649166963 0.0248829633 0.0305751444
0 0.4168113580 0.8137233723 0.0228703706 0.0345596712
0 0.4578316547 0.7743822689 0.0184487656 0.0300872432
0 0.4600063281 0.8128287132 0.0393248400 0.0437159511
0 0.5113716035 0.4969210161 0.0184182718 0.0412005492
0 0.3713424657 0.4142232467 0.0193940743 0.0440195341
0 0.3604137219 0.4030271059 0.0188329879 0.0267153035
0 0.3395974099 0.4138722055 0.0185341592 0.0396229563
0 0.4494938685 0.4509709842 0.0156752910 0.0427444856
0 0.3150618299 0.9529293890 0.0314467596 0.0313408783
0 0.4211956522 0.9821367865 0.0150966184 0.0338745751
0 0.2198181101 0.3812720293 0.0249721332 0.0640468614
