0 0.4256822612 0.5736205870 0.0203460039 0.0729234351
0 0.3888165509 0.6680169753 0.0218460648 0.0652006173
0 0.3642578125 0.6174768519 0.0253906250 0.0659722222
0 0.4308621066 0.7376934408 0.0231825466 0.0656646594
0 0.3909505208 0.7858796296 0.0175781250 0.0671296296
0 0.4983974359 0.8162393162 0.0384615385 0.0427350427
0 0.5517433955 0.7213373047 0.0284576535 0.0634982302
0 0.5724648998 0.8075369676 0.0336538462 0.0498575499
0 0.6181570276 0.7183309471 0.0266648860 0.0679012346
0 0.6414262821 0.7314814815 0.0200320513 0.0783475783
0 0.6706730769 0.7649572650 0.0240384615 0.0683760684
0 0.6549425849 0.7927980079 0.0152243590 0.0555555556
0 0.6205105474 0.8028454669 0.0235270049 0.0398304742
0 0.6364771866 0.8076217997 0.0139821029 0.0366641810
0 0.6212453757 0.8348508670 0.0167785235 0.0509569973
0 0.6029432327 0.8693760875 0.0223713647 0.0658712404
0 0.6791544943 0.8111605167 0.0342737537 0.0542884619
0 0.7394720442 0.7083860926 0.0222133191 0.0592223277
0 0.7473958333 0.7371399177 0.0156250000 0.0565843621
0 0.7612847222 0.7237654321 0.0156250000 0.0545267490
0 0.7233796296 0.7644032922 0.0196759259 0.0596707819
0 0.6889467593 0.9130658436 0.0167824074 0.0462962963
0 0.7173032407 0.8251028807 0.0318287037 0.0288065844
0 0.7612847222 0.8148148148 0.0179398148 0.0452674897
0 0.7951106532 0.8666929341 0.0299028072 0.0605463620
0 0.8334336153 0.8946576459 0.0168589232 0.0538651385
0 0.8521412037 0.8827160494 0.0133101852 0.0534979424
0 0.8645833333 0.8945473251 0.0115740741 0.0462962963
0 0.8423032407 0.9403292181 0.0121527778 0.0534979424
0 0.8540760709 0.9451577065 0.0160225121 0.0520714182
0 0.8596643519 0.9742798354 0.0144675926 0.0452674897
0 0.8799189815 0.9202674897 0.0190972222 0.0648148148
0 0.8629228625 0.6805987223 0.0171612680 0.0710739877
0 0.8315972222 0.6358024691 0.0162037037 0.0720164609
0 0.7857574439 0.4476239581 0.0381944444 0.0668724280
0 0.7216435185 0.3076131687 0.0231481481 0.0823045267
0 0.7560763889 0.4922839506 0.0283564815 0.0504115226
0 0.7736600783 0.4689379550 0.0288016382 0.0592750871
0 0.7643229167 0.3094135802 0.0234375000 0.0725308642
0 0.7504340278 0.2746913580 0.0251736111 0.0802469136
0 0.4711782095 0.3823823824 0.0204814189 0.0809142476
0 0.4484914602 0.3483274942 0.0214198574 0.0595178512
0 0.4240451389 0.4807098765 0.0217013889 0.0570987654
0 0.4574652778 0.4915123457 0.0190972222 0.0632716049
0 0.4817708333 0.4992283951 0.0295138889 0.0447530864
0 0.7434895833 0.5462962963 0.0130208333 0.0617283951
0 0.7548112441 0.6092559758 0.0321919326 0.0487588652
0 0.7408150963 0.6477379485 0.0302526596 0.0293866562
0 0.8180165372 0.5805568718 0.0326576577 0.0739906573
0 0.8000360515 0.6074186861 0.0321180556 0.0385802469
0 0.8003472222 0.3616597428 0.0190972222 0.0694444444
0 0.7275974893 0.4030960175 0.0159588675 0.0626022913
0 0.8420138889 0.4699074074 0.0173611111 0.0601851852
0 0.8622624174 0.4473566107 0.0152567340 0.0617283951
0 0.8641508697 0.3447655954 0.0265957447 0.0288941424
0 0.8508514332 0.3122373260 0.0187832447 0.0596598371
0 0.8893229167 0.3425925926 0.0182291667 0.0648148148
0 0.8654513889 0.2114197531 0.0225694444 0.0617283951
0 0.8406607435 0.1771968046 0.0233353758 0.0704429920
0 0.8132148693 0.1508714597 0.0279820261 0.0729847495
0 0.7894965278 0.0925925926 0.0164930556 0.0709876543
0 0.8007812500 0.0740740741 0.0217013889 0.0740740741
0 0.7634548611 0.1790123457 0.0407986111 0.0586419753
0 0.7999131944 0.2445987654 0.0355902778 0.0570987654
0 0.5608335129 0.8675060675 0.0220277721 0.0498849620
0 0.4403645833 0.8899691358 0.0203125000 0.0595679012
0 0.4124131944 0.9009259259 0.0210069444 0.0685185185
0 0.3697916667 0.8109567901 0.0312500000 0.0570987654
0 0.3958333333 0.9652777778 0.0295138889 0.0663580247
0 0.3424479167 0.9575617284 0.0199652778 0.0694444444
0 0.3162391260 0.9813810203 0.0298774724 0.0282867946
0 0.3034104130 0.9326602999 0.0165430483 0.0659378838
0 0.2774670996 0.9147841087 0.0298893998 0.0360907643
0 0.3071952160 0.8524519890 0.0206404321 0.0536694102
0 0.3090277778 0.7993827160 0.0121527778 0.0493827160
0 0.2612847222 0.7199074074 0.0260416667 0.0663580247
0 0.2782118056 0.6435185185 0.0182291667 0.0555555556
0 0.2782600309 0.6039094650 0.0252700617 0.0390946502
0 0.2843083783 0.5403897612 0.0292775596 0.0597770698
0 0.3326780957 0.5597491558 0.0339506173 0.0346364883
0 0.4347785285 0.1338421755 0.0153903904 0.0409576243
0 0.4687500000 0.1388888889 0.0156250000 0.0709876543
0 0.4179687500 0.2785493827 0.0199652778 0.0787037037
0 0.3806423611 0.2677469136 0.0199652778 0.0725308642
0 0.3967013889 0.2932098765 0.0190972222 0.0586419753
0 0.3034608998 0.2607689211 0.0392134662 0.0801798175
0 0.2875036358 0.1619239222 0.0194517161 0.0522429061
0 0.2643229167 0.1597222222 0.0182291667 0.0570987654
0 0.2750020187 0.2164979902 0.0251736111 0.0570987654
0 0.2785514795 0.2975040258 0.0247961957 0.0700483092
0 0.2983129241 0.3638328989 0.0249019296 0.0878558307
0 0.2567944663 0.3563804861 0.0170611547 0.0681032254
0 0.2699652778 0.4104938272 0.0190972222 0.0555555556
0 0.6614914479 0.4512263797 0.0218984210 0.0534499104
0 0.5267551370 0.9018264840 0.0192636986 0.0634195840
0 0.6245879175 0.9482404594 0.0270021754 0.0447260225
0 0.6439426370 0.9612841254 0.0274686073 0.0478853488
0 0.2594730928 0.9546895296 0.0155215281 0.0626007741
0 0.2417736872 0.9445332319 0.0143692922 0.0701927955
0 0.2282900265 0.9399005487 0.0206232629 0.0557270233
0 0.2114583333 0.9003361238 0.0135416667 0.0604388635
0 0.1925021816 0.8875779634 0.0151358612 0.0457666818
0 0.2639496660 0.8328024879 0.0221175799 0.0520040589
0 0.2359229691 0.8738278998 0.0140833811 0.0556212994
0 0.2542094749 0.8770928463 0.0249714612 0.0317097920
0 0.2017979452 0.9633434805 0.0178367580 0.0418569254
0 0.1912029110 0.9727042111 0.0185502283 0.0418569254
0 0.1888291460 0.9167847268 0.0183546390 0.0521199006
0 0.1615287162 0.8737070404 0.0114958709 0.0567233901
0 0.2001145889 0.8238574104 0.0157594809 0.0610393880
0 0.2229285223 0.8216859612 0.0177118909 0.0468345567
0 0.1809984046 0.6253608896 0.0187399058 0.0552363529
0 0.2054593373 0.6276716868 0.0220924803 0.0591088930
0 0.2122484981 0.5753957395 0.0161661800 0.0465131556
0 0.1781491862 0.7076010031 0.0159842363 0.0652129638
0 0.2021388067 0.6695156695 0.0265039448 0.0295857988
0 0.1684121687 0.6602702663 0.0298939842 0.0317773395
0 0.1556980093 0.6165816441 0.0197238659 0.0531448608
0 0.1730123828 0.5749602188 0.0151068912 0.0565226920
0 0.1898113905 0.5347359194 0.0240384615 0.0679377602
0 0.1224890653 0.5472809011 0.0157498268 0.0636674329
0 0.2388128698 0.0517751479 0.0135601578 0.0509533202
0 0.2209381164 0.0432829279 0.0135601578 0.0558842867
0 0.2056829389 0.0564321718 0.0169501972 0.0536927460
0 0.1723989152 0.0205456936 0.0114028600 0.0410913872
0 0.1585305720 0.0276682007 0.0132519724 0.0509533202
0 0.1768676036 0.0605413105 0.0141765286 0.0564321718
0 0.1717825444 0.0988932720 0.0212647929 0.0334209950
0 0.1924309665 0.1243699321 0.0114028600 0.0525969757
0 0.1227810651 0.1501205347 0.0218811637 0.0668419899
0 0.1204784339 0.0881017775 0.0175665680 0.0378040763
0 0.1389330892 0.0798013964 0.0153538509 0.0434511383
0 0.1545241617 0.0862919132 0.0132519724 0.0531448608
0 0.1055226824 0.1038242384 0.0175665680 0.0345167653
0 0.1012080868 0.1665570896 0.0151010848 0.0613631383
0 0.2093811637 0.1543788359 0.0132519724 0.0553364015
0 0.1948964497 0.1714880561 0.0175665680 0.0635546789
0 0.2381964990 0.1514902476 0.0265039448 0.0531448608
0 0.2462093195 0.1868288407 0.0154092702 0.0536927460
0 0.2638016836 0.0551407622 0.0169501972 0.0350646504
0 0.3546536699 0.1462936714 0.0157174556 0.0613631383
0 0.2432470202 0.2937845262 0.0187993097 0.0553364015
0 0.2179867098 0.3327745849 0.0300826149 0.0622605364
0 0.3243136236 0.4784186482 0.0320010251 0.0378301459
0 0.3301488253 0.4266290156 0.0364645953 0.0406022967
0 0.2463634122 0.3774928775 0.0206484221 0.0591715976
0 0.2365156307 0.4060745929 0.0231422081 0.0593549714
0 0.3419008876 0.3128424282 0.0194156805 0.0635546789
0 0.3682882375 0.3054782683 0.0172583826 0.0525969757
0 0.3267196453 0.1092300449 0.0149386305 0.0653172552
0 0.3068071705 0.1385300029 0.0218023256 0.0488084984
0 0.3136708656 0.0552684467 0.0250322997 0.0631639391
0 0.0580797697 0.5685307018 0.0174753289 0.0444688109
0 0.0510179924 0.5871433635 0.0239109848 0.0378344852
0 0.0212445175 0.6005116959 0.0137061404 0.0609161793
0 0.0231291118 0.5286306043 0.0113075658 0.0572612086
0 0.0431369617 0.5243110934 0.0124102871 0.0608054226
0 0.0394051535 0.3215155945 0.0130208333 0.0584795322
0 0.0610695423 0.6910537298 0.0121038732 0.0717266562
0 0.0493324531 0.7083333333 0.0143045775 0.0632498696
0 0.1254401408 0.7764736568 0.0293427230 0.0430359937
0 0.1341559621 0.8042271956 0.0163739397 0.0581153198
0 0.0827098005 0.8380933751 0.0165052817 0.0515127804
0 0.7027550052 0.4076755966 0.0160586171 0.0765070531
0 0.7181490385 0.4391025641 0.0252403846 0.0847578348
0 0.6787774888 0.1978946627 0.0176282051 0.0491452991
0 0.7094806235 0.2180134680 0.0161349068 0.0540015540
0 0.7247596154 0.2364672365 0.0112179487 0.0683760684
0 0.8507612179 0.1346153846 0.0212339744 0.0754985755
0 0.8649839744 0.1335470085 0.0144230769 0.0576923077
0 0.9122596154 0.1773504274 0.0320512821 0.0384615385
0 0.9030711765 0.3289698984 0.0143704675 0.0753187142
0 0.9205798636 0.6218634958 0.0184408529 0.0509739144
0 0.9222477845 0.5738633956 0.0174520367 0.0379109333
0 0.9182692308 0.3251424501 0.0200320513 0.0733618234
0 0.9360387179 0.2487918679 0.0157443399 0.0632690792
0 0.9512108262 0.2673182442 0.0158475783 0.0716735254
0 0.8571714744 0.7485754986 0.0172275641 0.0484330484
0 0.8734135536 0.7958173691 0.0131704981 0.0643891017
0 0.8834198137 0.8429526806 0.0150425029 0.0493922368
0 0.8922713123 0.8676564496 0.0167624521 0.0505534270
0 0.8879986944 0.7963163579 0.0124078295 0.0515514045
0 0.9654049106 0.5814977381 0.0151608748 0.0449653582
0 0.9358237548 0.3661132397 0.0116738506 0.0436355896
0 0.9457991372 0.3516244824 0.0148621633 0.0487151206
0 0.6986341199 0.9728607918 0.0206537356 0.0542784163
0 0.0779740633 0.9002587715 0.0115708859 0.0262094986
0 0.1693840580 0.4710144928 0.0166062802 0.0687063875
0 0.1131863446 0.4086584448 0.0238515165 0.0343520678
0 0.1091382576 0.4488265003 0.0213068182 0.0501584472
0 0.0822192513 0.4260497128 0.0173796791 0.0389681125
0 0.4076337412 0.4341991695 0.0288837874 0.0530950973
0 0.3651960784 0.4466230937 0.0361519608 0.0501089325
0 0.6977306548 0.7490079365 0.0316220238 0.0548941799
0 0.7100950517 0.5034319412 0.0317972462 0.0399326655
0 0.7553437755 0.9291960262 0.0200892857 0.0522486772
0 0.7573240214 0.9794973545 0.0215773810 0.0410052910
0 0.9282751874 0.4512541642 0.0147293871 0.0453654713
0 0.9412202381 0.1025132275 0.0141369048 0.0449735450
0 0.9534970238 0.1524470899 0.0119047619 0.0482804233
0 0.9640997024 0.1623677249 0.0122767857 0.0350529101
0 0.9808407738 0.2750000000 0.0174851190 0.0407407407
0 0.9642857143 0.3594576720 0.0126488095 0.0522486772
0 0.9723443441 0.3192581968 0.0151200095 0.0433644280
0 0.9574032738 0.6987433862 0.0122767857 0.0548941799
0 0.9731284341 0.7641941392 0.0105883700 0.0495522996
0 0.9045732913 0.9112160987 0.0100498460 0.0592046842
0 0.9302455357 0.9623353956 0.0107886905 0.0568783069
0 0.5688244048 0.9728835979 0.0193452381 0.0502645503
0 0.6346809441 0.1471173271 0.0348047786 0.0598394198
0 0.6621153846 0.1465527066 0.0267307692 0.0594871795
0 0.4244791667 0.1998062016 0.0385416667 0.0481481481
0 0.1455965909 0.2119633838 0.0236742424 0.0431397306
0 0.0454249527 0.2571601431 0.0133167614 0.0569128788
0 0.0437040524 0.2034356457 0.0107836174 0.0514414983
0 0.0213068182 0.2535188306 0.0118371212 0.0505050505
0 0.0323127070 0.2409378195 0.0117240178 0.0561309540
0 0.0800179107 0.9574236557 0.0164139362 0.0278079502
0 0.0974824263 0.9836887271 0.0133764873 0.0326225458
0 0.1078657670 0.9803240741 0.0121330492 0.0352483165
0 0.2266780334 0.1038258337 0.0203281437 0.0637270411
0 0.2818226440 0.0574019643 0.0171793194 0.0683451891
0 0.3350694444 0.3822287199 0.0301535088 0.0519818064
0 0.4129425478 0.1402103858 0.0177710605 0.0486890399
0 0.2835937500 0.7425925926 0.0130208333 0.0500000000
0 0.5364010689 0.9430531317 0.0332188045 0.0324122552
0 0.5815393781 0.9263100821 0.0281865126 0.0388500389
0 0.7123977671 0.8834175084 0.0302760147 0.0664983165
0 0.8180837087 0.8282449116 0.0286223724 0.0400400400
0 0.8422243266 0.4138608305 0.0284090909 0.0439580995
0 0.6375736532 0.6121399177 0.0305134680 0.0607931163
0 0.6373106061 0.5663112608 0.0278829966 0.0476992144
0 0.2150150768 0.2136939571 0.0243283991 0.0560428850
0 0.2713178295 0.0177110250 0.0205910853 0.0354220500
0 0.2860545866 0.9484779245 0.0165536176 0.0601931604
0 0.8438085206 0.5503537245 0.0257490637 0.0395339159
0 0.8701427903 0.4759675406 0.0163857678 0.0509779442
0 0.7515318627 0.2129629630 0.0287990196 0.0468409586
0 0.8857630009 0.1877664109 0.0323955669 0.0405891825
0 0.8710171569 0.0669934641 0.0165441176 0.0686274510
0 0.9050245098 0.5130718954 0.0171568627 0.0522875817
0 0.9474627814 0.4272371500 0.0168391431 0.0440167837
0 0.2289212478 0.6371921660 0.0160885689 0.0509016870
0 0.1030759162 0.9018809385 0.0185427574 0.0421756835
0 0.4468551589 0.9649780064 0.0199086521 0.0700439872
0 0.7524379433 0.1007354873 0.0251182033 0.0453112687
0 0.7509604019 0.0524691358 0.0199468085 0.0485946940
0 0.6951765731 0.8263983735 0.0291814421 0.0446545837
0 0.8305629433 0.5200296560 0.0306589835 0.0604135013
0 0.2546893019 0.1144494470 0.0255766369 0.0314153439
0 0.2509704125 0.0962021538 0.0251116071 0.0231481481
0 0.3940972222 0.5457818930 0.0266203704 0.0771604938
0 0.4097336352 0.7592879035 0.0381944444 0.0462962963
0 0.3677662037 0.8539094650 0.0167824074 0.0493827160
0 0.4972112121 0.9550428232 0.0279872390 0.0541185682
0 0.4782986111 0.9753086420 0.0214120370 0.0473251029
0 0.5072838119 0.8733284877 0.0364583333 0.0483539095
0 0.4815163917 0.8952001757 0.0324074074 0.0555555556
0 0.7836345382 0.3162650602 0.0213353414 0.0680499777
0 0.8642695783 0.2973003124 0.0144327309 0.0457385096
0 0.8747924390 0.3141743353 0.0116330707 0.0365330787
0 0.8834597596 0.4440281583 0.0285912167 0.0371527261
0 0.8251356016 0.3569471839 0.0200320513 0.0860179706
0 0.8670067303 0.5929505004 0.0340045574 0.0365850181
0 0.9285981716 0.9276650135 0.0243454462 0.0414307914
0 0.7762802163 0.0267882386 0.0178912214 0.0508905852
0 0.8815696023 0.2272201178 0.0189393939 0.0568181818
0 0.5140467172 0.6770482604 0.0400883838 0.0656565657
0 0.5885416667 0.6776094276 0.0243055556 0.0656565657
0 0.1438474221 0.8629762856 0.0209832134 0.0499600320
0 0.3190104167 0.6967592593 0.0208333333 0.0671296296
0 0.2994791667 0.6930664475 0.0169270833 0.0798611111
0 0.2451171875 0.6585648148 0.0175781250 0.0555555556
0 0.2906536390 0.8493977505 0.0241977208 0.0606188629
0 0.4389852046 0.7937854327 0.0433258871 0.0402457625
0 0.5298950495 0.8273457988 0.0254953380 0.0673400673
0 0.7201704545 0.9502072002 0.0171182984 0.0420875421
0 0.7360139860 0.9502072002 0.0182109557 0.0446775447
0 0.9241331585 0.8744496244 0.0112907925 0.0459725460
0 0.7673008234 0.1375797312 0.0182829686 0.0395258523
0 0.8192380536 0.2049339549 0.0258595571 0.0330225330
0 0.8121357809 0.3907666408 0.0080128205 0.0433825434
0 0.9019157925 0.6070318570 0.0163898601 0.0524475524
0 0.9405230186 0.9650997151 0.0112907925 0.0446775447
0 0.7339743590 0.7976236726 0.0352564103 0.0325692826
0 0.0251436782 0.2984514687 0.0152658046 0.0462962963
0 0.1324533046 0.8895274585 0.0278376437 0.0327266922
0 0.0572467672 0.9653575990 0.0139188218 0.0470945083
0 0.2438293983 0.7601917893 0.0316358025 0.0336076818
0 0.3355601754 0.5221109684 0.0208333333 0.0411522634
0 0.3358943098 0.5165977613 0.0308641975 0.0342935528
0 0.6853187322 0.6116914635 0.0396189459 0.0495937533
0 0.7228009259 0.6330589849 0.0142746914 0.0493827160
0 0.7721249648 0.6203478775 0.0200617284 0.0637860082
0 0.7970679012 0.6430041152 0.0293209877 0.0267489712
0 0.8325617284 0.7318244170 0.0231481481 0.0507544582
0 0.8627733737 0.6329587300 0.0216049383 0.0315500686
0 0.8748243352 0.5244934855 0.0131172840 0.0445816187
0 0.8200231481 0.4609053498 0.0127314815 0.0534979424
0 0.9483565239 0.5632829105 0.0109105786 0.0380432325
0 0.9855324074 0.5610425240 0.0165895062 0.0548696845
0 0.9747299383 0.5233196159 0.0111882716 0.0425240055
0 0.8805005944 0.3939167534 0.0220435536 0.0383976397
0 0.7962740385 0.5235042735 0.0260416667 0.0427350427
0 0.7560096154 0.5544871795 0.0224358974 0.0505698006
0 0.7413862179 0.4344729345 0.0244391026 0.0555555556
0 0.1687609266 0.8173400673 0.0138039044 0.0505050505
0 0.9196714744 0.4433760684 0.0212339744 0.0334757835
0 0.8809639579 0.7249683825 0.0164262821 0.0405982906
0 0.9579326923 0.9604700855 0.0168269231 0.0377492877
0 0.1751077586 0.1386760324 0.0221503831 0.0415070243
0 0.0520833333 0.9175084175 0.0198863636 0.0404040404
0 0.1931818182 0.7445286195 0.0397727273 0.0563973064
0 0.2064245201 0.7016676362 0.0294502618 0.0509016870
0 0.2809925161 0.3747189542 0.0222646310 0.0530110263
0 0.3276081425 0.1826406559 0.0214694656 0.0586655358
0 0.4453064578 0.4325601704 0.0278069543 0.0411296834
0 0.3817098348 0.6092759426 0.0201764264 0.0475475475
0 0.4016516517 0.6192859526 0.0262762763 0.0358692025
0 0.5841779279 0.7519185853 0.0234609610 0.0709042376
0 0.6059364723 0.9135119265 0.0314376877 0.0417083750
0 0.6742680180 0.9033199867 0.0225225225 0.0650650651
0 0.7122747748 0.6422255589 0.0197072072 0.0600600601
0 0.8455615942 0.2512077295 0.0298913043 0.0531400966
0 0.4937259338 0.0386338855 0.0383012080 0.0347002397
0 0.3539010585 0.0466478915 0.0229415860 0.0463929850
0 0.8981792385 0.4296418905 0.0135760814 0.0227711425
0 0.9759099101 0.4394987362 0.0115818639 0.0382385347
0 0.9363385419 0.4854429338 0.0184758305 0.0406897228
0 0.8083641342 0.6802753931 0.0199370008 0.0458403338
0 0.1901498304 0.7832917047 0.0122128371 0.0478771049
0 0.7300160874 0.9254673103 0.0269813180 0.0269002930
0 0.3461551446 0.1086131480 0.0232602254 0.0423983855
0 0.7842446168 0.1373245322 0.0234464972 0.0443208049
0 0.9768540330 0.2031212806 0.0105723067 0.0375904239
0 0.9503227372 0.5116995619 0.0151667265 0.0245118812
0 0.7058079667 0.5477840781 0.0277111321 0.0408155278
0 0.6498087657 0.2764236152 0.0232474533 0.0475281268
0 0.0572097499 0.3250174435 0.0207399908 0.0240283539
0 0.0990608882 0.3808944875 0.0102316410 0.0551199517
0 0.3152062496 0.5431525274 0.0225629462 0.0506330596
0 0.7264811384 0.6777124107 0.0250901666 0.0378293369
0 0.0488350289 0.6403379188 0.0121716486 0.0559434036
0 0.7506934977 0.8528355707 0.0140756170 0.0480039183
0 0.1251878470 0.9621899427 0.0148728372 0.0454447805
0 0.1446536671 0.5703836130 0.0236519426 0.0310103247
0 0.1122048866 0.2753976636 0.0254460326 0.0297274286
0 0.0792462158 0.2630324783 0.0230226009 0.0301582609
0 0.2064159155 0.3026578896 0.0215917272 0.0386227792
0 0.2086119034 0.2740559668 0.0176910512 0.0448065590
0 0.1015417872 0.7600146905 0.0191451102 0.0305890932
0 0.1057827927 0.7932733774 0.0184180807 0.0374824099
0 0.0885764278 0.6429565108 0.0247190031 0.0336049192
0 0.1021476452 0.2450165273 0.0242343168 0.0387749068
0 0.1935110193 0.2236903285 0.0155099627 0.0392057391
0 0.0482262904 0.1361430062 0.0118748152 0.0512690435
0 0.0587682181 0.1148168074 0.0145405901 0.0499765466
0 0.1318346832 0.0344665838 0.0210838556 0.0555773664
0 0.1382010382 0.1867658012 0.0310199255 0.0232649441
0 0.0441064565 0.4441121137 0.0152676196 0.0443757267
0 0.0229014293 0.4441143515 0.0218108851 0.0366207453
0 0.0300724994 0.4765091592 0.0200432922 0.0394246709
0 0.2481132103 0.4663461932 0.0167216786 0.0547157018
0 0.2138193559 0.5095904016 0.0308303437 0.0312112826
0 0.1659584569 0.5083952017 0.0239919736 0.0547157018
0 0.1008147577 0.5563498947 0.0167216786 0.0448065590
0 0.0809426180 0.4746199635 0.0181757376 0.0426523975
0 0.0736723230 0.3263212207 0.0118748152 0.0452373913
0 0.6337747045 0.2365769136 0.0397442795 0.0594548571
0 0.6783419487 0.2804774567 0.0176910512 0.0598856894
0 0.6380874059 0.3529448665 0.0174487081 0.0641940124
0 0.6184563506 0.2984859484 0.0252036894 0.0417907329
0 0.6565061160 0.3426484967 0.0208415124 0.0594548571
0 0.5822975331 0.0967218509 0.0208415124 0.0629015155
0 0.5278642367 0.1158938882 0.0198721397 0.0788423105
0 0.6291204989 0.0225109876 0.0299293812 0.0254191056
0 0.6372684191 0.0679681033 0.0159752616 0.0347423165
0 0.0599072310 0.7802477764 0.0137650919 0.0379132422
0 0.0813497545 0.7500072793 0.0130283687 0.0504590787
0 0.0985124976 0.6890987991 0.0169640217 0.0460990559
0 0.0692519836 0.5891781430 0.0120977709 0.0443929600
0 0.1194674267 0.9501837230 0.0196297966 0.0336049192
0 0.4194548876 0.1199988583 0.0434278956 0.0496318807
0 0.1685498670 0.1808453382 0.0166763119 0.0614111804
0 0.1096602833 0.0566544472 0.0290811801 0.0491148820
0 0.0986336692 0.3388578438 0.0152676196 0.0284349317
0 0.1912087593 0.2801793054 0.0138135606 0.0551465341
0 0.1951111232 0.3565666923 0.0208415124 0.0538540372
0 0.0599966056 0.2164275631 0.0189061731 0.0509585740
0 0.0777049133 0.2154419066 0.0150446638 0.0350180492
0 0.0800314077 0.1122231970 0.0125630698 0.0427385640
0 0.0764592694 0.0697948323 0.0218108851 0.0486840497
0 0.1806673865 0.3989615602 0.0189027671 0.0383440745
0 0.8183500583 0.4466117615 0.0140559037 0.0547157018
0 0.4683662617 0.2223538533 0.0249613463 0.0465298882
0 0.3660915707 0.2324340248 0.0312622686 0.0499765466
0 0.0247190031 0.3865945100 0.0109054425 0.0396365714
0 0.0397404884 0.6055056183 0.0115145963 0.0287644322
0 0.9373744980 0.5354752343 0.0163152610 0.0624721107
0 0.9887044043 0.2516095185 0.0198628027 0.0318061772
0 0.9186301601 0.7491975147 0.0181032285 0.0368300264
0 0.8930859393 0.5877171116 0.0215203835 0.0327526296
0 0.9108878878 0.2326080596 0.0157043212 0.0341530868
0 0.9466519322 0.8749361118 0.0127181694 0.0493561481
0 0.9676822009 0.8786087084 0.0184878756 0.0465436748
0 0.9895385301 0.6221271761 0.0127957193 0.0406705689
0 0.9962508543 0.5468523987 0.0074982915 0.0336049192
0 0.3883474298 0.0186119553 0.0314852243 0.0292276631
0 0.8423654632 0.0346820000 0.0215685419 0.0267116025
0 0.9320913462 0.6438746439 0.0212339744 0.0413105413
0 0.4321941899 0.9651404971 0.0157038373 0.0448065590
0 0.7609714286 0.3781301497 0.0212486489 0.0449444253
0 0.3081758623 0.1878668492 0.0325709217 0.0435657620
0 0.4597873975 0.0277886832 0.0370785046 0.0387749068
0 0.4831073426 0.0734827567 0.0331913202 0.0275732671
0 0.4594714702 0.1893507950 0.0189027671 0.0637631801
0 0.8516522531 0.0657043381 0.0195580630 0.0407395021
0 0.0851230376 0.7085742628 0.0215079561 0.0376978261
0 0.1171002186 0.9196446064 0.0137650919 0.0413599006
0 0.1478293322 0.9784282268 0.0138135606 0.0431435463
0 0.9371924059 0.6901176596 0.0201629515 0.0279179329
0 0.9315700444 0.7185822184 0.0169640217 0.0326786298
0 0.9346770002 0.7615658303 0.0125320499 0.0474260194
0 0.9687368783 0.8288249663 0.0146414048 0.0518377421
0 0.9887614810 0.6837610133 0.0144242653 0.0397055046
0 0.9585946035 0.2106674642 0.0167507597 0.0394297719
0 0.8985890781 0.2829331262 0.0162369922 0.0396365714
0 0.9539644919 0.4623190120 0.0149283391 0.0484255503
0 0.8320297181 0.7911109929 0.0178364571 0.0306063264
0 0.8376905189 0.7551089304 0.0193874534 0.0355695145
0 0.7915941977 0.8056343171 0.0252036894 0.0654865093
0 0.6969924810 0.8627534831 0.0171229989 0.0392643323
0 0.8034043533 0.9599044785 0.0239284228 0.0470707911
0 0.0324933719 0.4043253502 0.0217139478 0.0237130097
0 0.9424531914 0.1919357888 0.0133288742 0.0508382112
0 0.9302101309 0.1807362758 0.0140210063 0.0533818451
0 0.9295897324 0.1404352606 0.0147654845 0.0487495362
0 0.9431412779 0.1439748444 0.0112763633 0.0423525382
0 0.9723209205 0.9063501557 0.0119426713 0.0339151185
0 0.9801815533 0.9313279881 0.0165174899 0.0272185646
0 0.9464645719 0.6093100999 0.0165026003 0.0207350968
0 0.9302721708 0.5950724762 0.0096782167 0.0324261621
0 0.8980281991 0.7935399173 0.0110120735 0.0339151185
0 0.8447142532 0.8632917419 0.0147344646 0.0479085515
0 0.3563844525 0.3509183003 0.0279179329 0.0478671916
0 0.8873263248 0.4844464302 0.0162854609 0.0432900293
0 0.8603081232 0.5195881708 0.0274526340 0.0261946037
0 0.8931240339 0.5605488877 0.0274339653 0.0384766927
0 0.8672277105 0.5501582056 0.0172120881 0.0257397551
0 0.6047995954 0.6366029921 0.0186119553 0.0554912000
0 0.6464239365 0.6888621309 0.0302301865 0.0369075369
0 0.6583004277 0.9022141657 0.0190772542 0.0443929600
0 0.6799417073 0.9831673821 0.0162369922 0.0336652358
0 0.0647696044 0.8887556707 0.0102986153 0.0324261621
0 0.3901338591 0.5147302267 0.0351397593 0.0560081987
0 0.8339257778 0.0961402618 0.0285879633 0.0402349113
0 0.9665537149 0.2872601517 0.0156877510 0.0613565373
0 0.9101255422 0.9775999119 0.0132648150 0.0430979429
0 0.8807422036 0.9741225991 0.0117131239 0.0407643180
