0 0.4256822612 0.5736205870 0.0203460039 0.0729234351
0 0.3895717593 0.6628935185 0.0225231481 0.0712500000
0 0.3642578125 0.6174768519 0.0253906250 0.0659722222
0 0.3909505208 0.7858796296 0.0175781250 0.0671296296
0 0.4983974359 0.8162393162 0.0384615385 0.0427350427
0 0.5459639730 0.7245471187 0.0223812646 0.0718671760
0 0.5730950543 0.7961715224 0.0277290380 0.0699981284
0 0.6206819801 0.7130421019 0.0266648860 0.0679012346
0 0.6414262821 0.7314814815 0.0200320513 0.0783475783
0 0.6706730769 0.7649572650 0.0240384615 0.0683760684
0 0.6107554758 0.8101473798 0.0167785235 0.0509569973
0 0.6029432327 0.8693760875 0.0223713647 0.0658712404
0 0.6791544943 0.8111605167 0.0342737537 0.0542884619
0 0.7409601394 0.7073657652 0.0251895096 0.0612629826
0 0.7473958333 0.7371399177 0.0156250000 0.0565843621
0 0.7612847222 0.7237654321 0.0156250000 0.0545267490
0 0.7233796296 0.7644032922 0.0196759259 0.0596707819
0 0.6889467593 0.9130658436 0.0167824074 0.0462962963
0 0.7171186195 0.8272362818 0.0318287037 0.0288065844
0 0.7637759711 0.8154421359 0.0229223126 0.0440128475
0 0.7960361987 0.8682639452 0.0280517161 0.0636883842
0 0.8321798410 0.8842765678 0.0190344787 0.0561984452
0 0.8523696394 0.8860732077 0.0128533138 0.0602122590
0 0.8645833333 0.8945473251 0.0115740741 0.0462962963
0 0.8417544700 0.9430608770 0.0132503193 0.0589612601
0 0.8527974955 0.9544752914 0.0159246431 0.0605212488
0 0.8585342580 0.9812311680 0.0122074050 0.0313648244
0 0.8797536376 0.9267342740 0.0187665344 0.0518812463
0 0.8315972222 0.6358024691 0.0162037037 0.0720164609
0 0.7214519757 0.3132063989 0.0227650626 0.0711180664
0 0.7572256455 0.4990219092 0.0311766432 0.0397756912
0 0.7704460525 0.4639472867 0.0289435757 0.0538477324
0 0.7643229167 0.3094135802 0.0234375000 0.0725308642
0 0.7504340278 0.2746913580 0.0251736111 0.0802469136
0 0.4711782095 0.3823823824 0.0204814189 0.0809142476
0 0.4502789664 0.3495282975 0.0261662052 0.0630412693
0 0.4240451389 0.4807098765 0.0217013889 0.0570987654
0 0.4574652778 0.4915123457 0.0190972222 0.0632716049
0 0.4817708333 0.4992283951 0.0295138889 0.0447530864
0 0.7434895833 0.5462962963 0.0130208333 0.0617283951
0 0.7381477350 0.6459145792 0.0302526596 0.0293866562
0 0.8173839784 0.5905795067 0.0328108439 0.0596705774
0 0.7957977350 0.6021194967 0.0288578121 0.0296378649
0 0.8006775520 0.3642461836 0.0181749569 0.0638551273
0 0.7275974893 0.4030960175 0.0159588675 0.0626022913
0 0.8588286354 0.3505934848 0.0199622353 0.0314995517
0 0.8508514332 0.3122373260 0.0187832447 0.0596598371
0 0.8896897007 0.3341158059 0.0182291667 0.0648148148
0 0.8654513889 0.2114197531 0.0225694444 0.0617283951
0 0.8406607435 0.1771968046 0.0233353758 0.0704429920
0 0.8147376138 0.1514355742 0.0249365371 0.0741129785
0 0.7885795677 0.0933641975 0.0183269757 0.0725308642
0 0.8007812500 0.0740740741 0.0217013889 0.0740740741
0 0.7653769841 0.1787367725 0.0446428571 0.0580908289
0 0.5627090643 0.8735039465 0.0220824864 0.0564588979
0 0.4225791530 0.8557798276 0.0323541698 0.0586804987
0 0.4124131944 0.9009259259 0.0210069444 0.0685185185
0 0.3697916667 0.8109567901 0.0312500000 0.0570987654
0 0.3958333333 0.9652777778 0.0295138889 0.0663580247
0 0.3424479167 0.9575617284 0.0199652778 0.0694444444
0 0.3193630387 0.9842790874 0.0310153904 0.0299134213
0 0.3034104130 0.9326602999 0.0165430483 0.0659378838
0 0.3073620495 0.8548085122 0.0209740991 0.0489563638
0 0.3105410098 0.8028028028 0.0151792417 0.0430430430
0 0.2610883009 0.7198116608 0.0264345093 0.0665495179
0 0.2766975309 0.6055144033 0.0283950617 0.0423045267
0 0.4687500000 0.1388888889 0.0156250000 0.0709876543
0 0.4179687500 0.2785493827 0.0199652778 0.0787037037
0 0.3806423611 0.2677469136 0.0199652778 0.0725308642
0 0.3959391938 0.2964280337 0.0175728320 0.0650782897
0 0.3036394817 0.2633917910 0.0395706301 0.0811346811
0 0.2885718599 0.1621041331 0.0215881643 0.0526033280
0 0.2643229167 0.1645531401 0.0182291667 0.0570987654
0 0.2736703930 0.2186841313 0.0199017615 0.0639867510
0 0.2792467185 0.2967641326 0.0234057176 0.0809356725
0 0.2983129241 0.3638328989 0.0249019296 0.0878558307
0 0.2567944663 0.3563804861 0.0170611547 0.0681032254
0 0.2744523387 0.4172921869 0.0178439888 0.0511541229
0 0.6618589744 0.4537927350 0.0216346154 0.0585826211
0 0.5267551370 0.9018264840 0.0192636986 0.0634195840
0 0.6245879175 0.9482404594 0.0270021754 0.0447260225
0 0.2600059392 0.9566895663 0.0165872208 0.0666008474
0 0.2417736872 0.9445332319 0.0143692922 0.0701927955
0 0.2276499451 0.9409605312 0.0219034256 0.0578469884
0 0.2114583333 0.9003361238 0.0135416667 0.0604388635
0 0.1925021816 0.8875779634 0.0151358612 0.0457666818
0 0.2633488226 0.8353081646 0.0233192668 0.0469927055
0 0.2359229691 0.8738278998 0.0140833811 0.0556212994
0 0.2542094749 0.8770928463 0.0249714612 0.0317097920
0 0.1883894940 0.9208717880 0.0192339430 0.0439457782
0 0.1617624696 0.8849013247 0.0140663017 0.0452825088
0 0.1984489051 0.8261016491 0.0159671533 0.0560962422
0 0.2224306902 0.8247409826 0.0220926427 0.0529445994
0 0.1809984046 0.6253608896 0.0187399058 0.0552363529
0 0.2050642714 0.6283740263 0.0220924803 0.0591088930
0 0.2146405665 0.5749991498 0.0161661800 0.0465131556
0 0.1690190652 0.6599620014 0.0298939842 0.0317773395
0 0.1556980093 0.6165816441 0.0197238659 0.0531448608
0 0.1726342215 0.5821227994 0.0151917408 0.0627901783
0 0.1898113905 0.5347359194 0.0240384615 0.0679377602
0 0.1219794270 0.5316550005 0.0174806573 0.0633818272
0 0.2388128698 0.0517751479 0.0135601578 0.0509533202
0 0.2209381164 0.0432829279 0.0135601578 0.0558842867
0 0.2056829389 0.0564321718 0.0169501972 0.0536927460
0 0.1723989152 0.0205456936 0.0114028600 0.0410913872
0 0.1585305720 0.0276682007 0.0132519724 0.0509533202
0 0.1768676036 0.0605413105 0.0141765286 0.0564321718
0 0.1727693097 0.1054717075 0.0212647929 0.0334209950
0 0.1924309665 0.1243699321 0.0114028600 0.0525969757
0 0.1221530826 0.1507010074 0.0231371288 0.0680029352
0 0.1175947559 0.0782152502 0.0155509479 0.0381779884
0 0.1377369668 0.0763120941 0.0138230648 0.0421274355
0 0.1545241617 0.0862919132 0.0132519724 0.0531448608
0 0.1055226824 0.1038242384 0.0175665680 0.0345167653
0 0.1011336695 0.1637996174 0.0149522503 0.0558481937
0 0.2093811637 0.1543788359 0.0132519724 0.0553364015
0 0.1948964497 0.1714880561 0.0175665680 0.0635546789
0 0.2445765089 0.1490304848 0.0265039448 0.0531448608
0 0.2451327213 0.1944846505 0.0154092702 0.0536927460
0 0.2655203299 0.0566049019 0.0168739932 0.0438272332
0 0.2457558227 0.2935907777 0.0238392317 0.0667137192
0 0.2211492121 0.3405125279 0.0267056408 0.0416488375
0 0.3336410685 0.4865034651 0.0328363187 0.0378301459
0 0.3302859327 0.4296336735 0.0347996957 0.0410938322
0 0.2480762692 0.3892720752 0.0218774655 0.0632040324
0 0.2362590510 0.4042428894 0.0238054734 0.0628621521
0 0.3419008876 0.3128424282 0.0194156805 0.0635546789
0 0.3685694713 0.3049782971 0.0172583826 0.0525969757
0 0.3093039489 0.1396000012 0.0267958823 0.0466685018
0 0.3136708656 0.0552684467 0.0250322997 0.0631639391
0 0.0554648483 0.5633617194 0.0190885517 0.0544065964
0 0.0218422853 0.6013053848 0.0125106048 0.0593288015
0 0.0233209978 0.5271491228 0.0116913377 0.0602241715
0 0.0427960526 0.5217690058 0.0130921053 0.0557212476
0 0.0394051535 0.3215155945 0.0130208333 0.0584795322
0 0.0504823344 0.7062914796 0.0120048148 0.0591661622
0 0.1253705322 0.7787606281 0.0294819403 0.0384620510
0 0.1341559621 0.8042271956 0.0163739397 0.0581153198
0 0.0827098005 0.8380933751 0.0165052817 0.0515127804
0 0.7025209620 0.4064063994 0.0165267034 0.0786080057
0 0.7171293461 0.4393039848 0.0252403846 0.0847578348
0 0.6758870531 0.1970577023 0.0176282051 0.0491452991
0 0.7104536089 0.2189631356 0.0180808775 0.0559008892
0 0.7247596154 0.2364672365 0.0112179487 0.0683760684
0 0.8507612179 0.1346153846 0.0212339744 0.0754985755
0 0.8649839744 0.1335470085 0.0144230769 0.0576923077
0 0.9143634016 0.1785942475 0.0287880777 0.0359738981
0 0.9030711765 0.3289698984 0.0143704675 0.0753187142
0 0.9197347335 0.5765107212 0.0141489541 0.0487329435
0 0.9182692308 0.3251424501 0.0200320513 0.0733618234
0 0.9363194790 0.2466946852 0.0151828177 0.0674634445
0 0.9512108262 0.2673182442 0.0158475783 0.0716735254
0 0.8592906545 0.7509184286 0.0129892038 0.0437471885
0 0.8734135536 0.7958173691 0.0131704981 0.0643891017
0 0.8834198137 0.8429526806 0.0150425029 0.0493922368
0 0.8926305077 0.8663793103 0.0167624521 0.0505534270
0 0.8874434425 0.7989602601 0.0112973256 0.0462636001
0 0.9660705249 0.5823827732 0.0138296462 0.0467354283
0 0.9358237548 0.3661132397 0.0116738506 0.0436355896
0 0.9457991372 0.3516244824 0.0148621633 0.0487151206
0 0.0788305760 0.9016320497 0.0124758147 0.0272694049
0 0.1705506495 0.4730399028 0.0186080740 0.0716859276
0 0.1091382576 0.4488265003 0.0213068182 0.0501584472
0 0.0822516322 0.4291184200 0.0173149175 0.0451055268
0 0.4115373563 0.4139300463 0.0272413793 0.0710855683
0 0.3651960784 0.4466230937 0.0361519608 0.0501089325
0 0.6977306548 0.7490079365 0.0316220238 0.0548941799
0 0.7097292858 0.5028900659 0.0310657144 0.0388489148
0 0.7554834612 0.9282027054 0.0200892857 0.0522486772
0 0.7565918341 0.9774314964 0.0183607828 0.0424082546
0 0.9289311241 0.4511497365 0.0160412606 0.0455743268
0 0.9418675595 0.1043518519 0.0154315476 0.0412962963
0 0.9518973214 0.1512566138 0.0087053571 0.0506613757
0 0.9635639881 0.1551322751 0.0112053571 0.0495238095
0 0.9792342109 0.2736929658 0.0142719933 0.0381266723
0 0.9574032738 0.6987433862 0.0122767857 0.0548941799
0 0.9731284341 0.7641941392 0.0105883700 0.0495522996
0 0.9045732913 0.9112160987 0.0100498460 0.0592046842
0 0.9318902726 0.9608734073 0.0107886905 0.0568783069
0 0.5688244048 0.9728835979 0.0193452381 0.0502645503
0 0.6346809441 0.1471173271 0.0348047786 0.0598394198
0 0.6616987179 0.1458119658 0.0267307692 0.0594871795
0 0.4257125444 0.2011686026 0.0376292702 0.0444364704
0 0.1455965909 0.2119633838 0.0236742424 0.0431397306
0 0.0454249527 0.2571601431 0.0133167614 0.0569128788
0 0.0435665246 0.2039246333 0.0107836174 0.0514414983
0 0.0207667214 0.2592431591 0.0118371212 0.0505050505
0 0.0323127070 0.2409378195 0.0117240178 0.0561309540
0 0.0831627704 0.9545129071 0.0176768922 0.0439271388
0 0.0962429385 0.9717478303 0.0131534907 0.0502964269
0 0.2266780334 0.1038258337 0.0203281437 0.0637270411
0 0.2824498255 0.0613428350 0.0184336824 0.0604634477
0 0.3350694444 0.3822287199 0.0301535088 0.0519818064
0 0.2833423132 0.7359674330 0.0135237069 0.0632503193
0 0.5400197072 0.9433433433 0.0404560811 0.0318318318
0 0.5785355897 0.9292876353 0.0289920390 0.0381699596
0 0.7157387794 0.8874647003 0.0267249457 0.0596983845
0 0.8240605382 0.8267691512 0.0286223724 0.0400400400
0 0.8412730328 0.4113240472 0.0284090909 0.0439580995
0 0.6373106061 0.5663112608 0.0278829966 0.0476992144
0 0.2127563048 0.2190058480 0.0288459430 0.0454191033
0 0.2713178295 0.0177110250 0.0205910853 0.0354220500
0 0.2860545866 0.9484779245 0.0165536176 0.0601931604
0 0.8442926838 0.5538453133 0.0267173901 0.0325507384
0 0.7462440142 0.2037121879 0.0254594877 0.0385783363
0 0.8805062929 0.1860750911 0.0284610984 0.0411051784
0 0.8710171569 0.0669934641 0.0165441176 0.0686274510
0 0.9050245098 0.5130718954 0.0171568627 0.0522875817
0 0.1030759162 0.9018809385 0.0185427574 0.0421756835
0 0.4467974191 0.9620343363 0.0199086521 0.0653631677
0 0.7524379433 0.1007354873 0.0251182033 0.0453112687
0 0.7509604019 0.0524691358 0.0199468085 0.0485946940
0 0.6962768014 0.8238405776 0.0291814421 0.0446545837
0 0.8303851069 0.5239025361 0.0306589835 0.0536162016
0 0.2491693854 0.0963488931 0.0274214673 0.0257483511
0 0.3951870438 0.5513652338 0.0338351582 0.0783995675
0 0.3677662037 0.8539094650 0.0167824074 0.0493827160
0 0.4889804565 0.9406676430 0.0269624232 0.0520906960
0 0.4777511887 0.9719580692 0.0225068819 0.0540262485
0 0.5078125000 0.8708847737 0.0364583333 0.0483539095
0 0.4711525612 0.8999811579 0.0240878216 0.0462123260
0 0.7836345382 0.3121680429 0.0213353414 0.0680499777
0 0.8642695783 0.2973003124 0.0144327309 0.0457385096
0 0.8747924390 0.3141743353 0.0116330707 0.0365330787
0 0.8251356016 0.3569471839 0.0200320513 0.0860179706
0 0.8670067303 0.5929505004 0.0340045574 0.0365850181
0 0.9290924237 0.9308031221 0.0243454462 0.0414307914
0 0.7738629135 0.0261167656 0.0218924936 0.0522335312
0 0.8794035662 0.2272324555 0.0146073218 0.0568428570
0 0.5013265501 0.6829692414 0.0322476408 0.0405861636
0 0.1438474221 0.8629762856 0.0209832134 0.0499600320
0 0.5279592227 0.8272491904 0.0290876373 0.0678533416
0 0.7360139860 0.9502072002 0.0182109557 0.0446775447
0 0.9226204099 0.8723495449 0.0146729732 0.0501727050
0 0.8192380536 0.2049339549 0.0258595571 0.0330225330
0 0.8121357809 0.3907666408 0.0080128205 0.0433825434
0 0.9405230186 0.9650997151 0.0112907925 0.0446775447
0 0.7373486674 0.7990779200 0.0352564103 0.0325692826
0 0.0251436782 0.2984514687 0.0152658046 0.0462962963
0 0.1329813003 0.9035851824 0.0218932576 0.0427568032
0 0.0572467672 0.9653575990 0.0139188218 0.0470945083
0 0.2336280548 0.7580774696 0.0312356322 0.0315197957
0 0.3004470296 0.5296468162 0.0308641975 0.0342935528
0 0.6817215237 0.6202157885 0.0301097140 0.0624784759
0 0.7228009259 0.6330589849 0.0142746914 0.0493827160
0 0.7645343592 0.6479859422 0.0200617284 0.0637860082
0 0.8307473607 0.7321326916 0.0281982611 0.0549086581
0 0.8647940912 0.6340021903 0.0282881114 0.0312722474
0 0.8776324823 0.5188767753 0.0136350715 0.0539672226
0 0.8200231481 0.4609053498 0.0127314815 0.0534979424
0 0.9507911179 0.5617072642 0.0132391163 0.0472168075
0 0.9855324074 0.5610425240 0.0165895062 0.0548696845
0 0.9535765621 0.4979285125 0.0166975267 0.0487478127
0 0.7932377375 0.5327601440 0.0300472297 0.0348554986
0 0.7568207992 0.5517231457 0.0224358974 0.0505698006
0 0.7438964198 0.4341734098 0.0267885662 0.0503378908
0 0.1680473761 0.8187255769 0.0152310053 0.0532760697
0 0.9187736891 0.4479716032 0.0174595142 0.0309641625
0 0.9590502699 0.9605638027 0.0145917679 0.0379367221
0 0.1712532836 0.1416454057 0.0221503831 0.0415070243
0 0.0510669296 0.9208245793 0.0132319820 0.0375375375
0 0.2776594231 0.3660434735 0.0187401016 0.0420904820
0 0.4520428500 0.4315660594 0.0305778589 0.0431522033
0 0.3808381831 0.6013315627 0.0222348261 0.0512708572
0 0.4014661091 0.6173780710 0.0351356028 0.0328140877
0 0.5934471196 0.7283904922 0.0216629794 0.0581776467
0 0.6749718468 0.9031114448 0.0211148649 0.0654821488
0 0.7122747748 0.6422255589 0.0197072072 0.0600600601
0 0.8441694096 0.2521206142 0.0326756736 0.0549658660
0 0.1965408805 0.6620370370 0.0196540881 0.0384346611
0 0.1792780398 0.7128513472 0.0182783019 0.0681244662
0 0.2496055170 0.4732730973 0.0176886792 0.0506638714
0 0.3550019654 0.0497030049 0.0260416667 0.0401816911
0 0.4994595126 0.0339797345 0.0358687107 0.0471698113
0 0.1906501699 0.7735967783 0.0163578111 0.0632789850
0 0.6451634824 0.9639725933 0.0266775396 0.0490663077
0 0.7224390339 0.9285060923 0.0400357254 0.0268716993
0 0.8043301797 0.6765548651 0.0251436782 0.0363984674
0 0.7840788154 0.4552042810 0.0324926468 0.0667503697
0 0.8474911121 0.3496781151 0.0300762911 0.0515127804
0 0.8962640280 0.4387760945 0.0194395540 0.0341639616
0 0.9352992958 0.4856546688 0.0183392019 0.0456442358
0 0.2697669829 0.5565223686 0.0339598540 0.0384482293
0 0.2081250000 0.7022222222 0.0187500000 0.0459259259
0 0.2900905450 0.8625932254 0.0175751143 0.0492238912
0 0.6545767905 0.7781275841 0.0160256410 0.0587606838
0 0.9470942982 0.5077972710 0.0158991228 0.0526315789
0 0.7947485083 0.2507858824 0.0345560137 0.0621778255
0 0.8614824630 0.6858541372 0.0201577144 0.0650855291
0 0.6932964359 0.5504039255 0.0297142094 0.0462962963
0 0.7737970305 0.1492923939 0.0296628835 0.0508420201
0 0.7810329861 0.1229056437 0.0294518849 0.0672398589
0 0.9780633608 0.1965712211 0.0118062850 0.0404087561
0 0.4189398802 0.1230803975 0.0410159036 0.0459199036
0 0.3065025491 0.6938098330 0.0363258020 0.0827777386
0 0.4239073885 0.7720327178 0.0382658902 0.0416095666
0 0.4320175439 0.7392787524 0.0263157895 0.0614035088
0 0.4542695127 0.7880757246 0.0320023370 0.0462785106
0 0.2009154040 0.9633370744 0.0147306397 0.0505050505
0 0.6284246575 0.7927447996 0.0256849315 0.0532724505
0 0.6558925292 0.2761624646 0.0220692090 0.0612052731
0 0.0569998738 0.3226490334 0.0228161728 0.0253302730
0 0.0740427167 0.3188385768 0.0117877551 0.0453609569
0 0.2264538715 0.6335715646 0.0192573806 0.0586205907
0 0.0622531497 0.7011030378 0.0146360364 0.0533224455
0 0.8595521542 0.4458301839 0.0170068027 0.0529100529
0 0.9214092869 0.6173883685 0.0140931373 0.0413943355
0 0.1006044631 0.3849994981 0.0145769817 0.0653919502
0 0.3299506014 0.0933562428 0.0187929553 0.0496372661
0 0.3386899174 0.1258911099 0.0311426117 0.0496372661
0 0.3610932131 0.1453799160 0.0177190722 0.0505918289
0 0.3014750608 0.5584617464 0.0288929440 0.0331170587
0 0.2988718644 0.5281751386 0.0368765207 0.0283860503
0 0.3360705596 0.5564341714 0.0372566910 0.0398756421
0 0.4393911048 0.8585381451 0.0323144769 0.0486618005
0 0.5850821168 0.9180183833 0.0334549878 0.0304136253
0 0.6890586983 0.9616112463 0.0345954988 0.0256826169
0 0.8810628255 0.9754774306 0.0134277344 0.0441261574
0 0.6910416667 0.1985185185 0.0145833333 0.0488888889
0 0.8416418651 0.4728835979 0.0167410714 0.0617283951
0 0.6393884892 0.6085131894 0.0191097122 0.0472954969
0 0.7291291966 0.6787903011 0.0292266187 0.0413002931
0 0.7905800360 0.6468158806 0.0232314149 0.0413002931
0 0.7540235548 0.6084209209 0.0260416667 0.0435852519
0 0.0470538121 0.6400740348 0.0157340823 0.0575267075
0 0.7407798221 0.8539762806 0.0289478087 0.0377053966
0 0.1111076753 0.9486846230 0.0166301801 0.0404911934
0 0.1437483644 0.5693395852 0.0249875285 0.0242303307
0 0.2784834341 0.6489531168 0.0158163019 0.0478003792
0 0.6101986151 0.8094906068 0.0166359881 0.0525212803
0 0.1211715838 0.2706585083 0.0254460326 0.0297274286
0 0.0947561785 0.2949140683 0.0230226009 0.0301582609
0 0.2035077975 0.3129978648 0.0215917272 0.0386227792
0 0.2086119034 0.2740559668 0.0176910512 0.0448065590
0 0.1012994441 0.7621688520 0.0191451102 0.0305890932
0 0.1055404495 0.7876725576 0.0184180807 0.0374824099
0 0.0832448781 0.6386481878 0.0247190031 0.0336049192
0 0.1021476452 0.2450165273 0.0242343168 0.0387749068
0 0.1792127725 0.2055953720 0.0155099627 0.0392057391
0 0.0482262904 0.1361430062 0.0118748152 0.0512690435
0 0.0587682181 0.1148168074 0.0145405901 0.0499765466
0 0.1318346832 0.0344665838 0.0210838556 0.0555773664
0 0.1382010382 0.1867658012 0.0310199255 0.0232649441
0 0.0407136522 0.4479896043 0.0152676196 0.0443757267
0 0.0229014293 0.4441143515 0.0218108851 0.0366207453
0 0.0279681076 0.4754503458 0.0175815509 0.0426716988
0 0.2138193559 0.5095904016 0.0308303437 0.0312112826
0 0.1947972939 0.4745748663 0.0254460326 0.0473915528
0 0.1015417872 0.5470870003 0.0215685419 0.0417907329
0 0.0883946704 0.4733274666 0.0181757376 0.0426523975
0 0.1088034170 0.4090553097 0.0229856042 0.0259439615
0 0.6252926937 0.2581185285 0.0397442795 0.0594548571
0 0.6783419487 0.2804774567 0.0176910512 0.0598856894
0 0.6380874059 0.3529448665 0.0174487081 0.0641940124
0 0.6184563506 0.2984859484 0.0252036894 0.0417907329
0 0.6565061160 0.3426484967 0.0208415124 0.0594548571
0 0.5822975331 0.0967218509 0.0208415124 0.0629015155
0 0.5278642367 0.1158938882 0.0198721397 0.0788423105
0 0.6346338060 0.0274655590 0.0271424348 0.0280040994
0 0.6374681258 0.0794454757 0.0203568261 0.0496318807
0 0.0593256074 0.7823157714 0.0137650919 0.0379132422
0 0.0813497545 0.7500072793 0.0130283687 0.0504590787
0 0.0721213267 0.7347384334 0.0141140661 0.0435657620
0 0.0985124976 0.6890987991 0.0169640217 0.0460990559
0 0.0656846922 0.5988287865 0.0158201620 0.0405327026
0 0.1091688114 0.9444484835 0.0196297966 0.0336049192
0 0.1577102642 0.1524691376 0.0178674771 0.0631052820
0 0.1096602833 0.0566544472 0.0290811801 0.0491148820
0 0.0999665566 0.3395040923 0.0179333944 0.0297274286
0 0.1912087593 0.2801793054 0.0138135606 0.0551465341
0 0.1951111232 0.3565666923 0.0208415124 0.0538540372
0 0.0599966056 0.2164275631 0.0189061731 0.0509585740
0 0.0777049133 0.2154419066 0.0150446638 0.0350180492
0 0.0800314077 0.1122231970 0.0125630698 0.0427385640
0 0.0764592694 0.0697948323 0.0218108851 0.0486840497
0 0.1783651264 0.4133944421 0.0191451102 0.0361899130
0 0.8183500583 0.4466117615 0.0140559037 0.0547157018
0 0.4683662617 0.2223538533 0.0249613463 0.0465298882
0 0.3728771794 0.2182165589 0.0317469550 0.0456682236
0 0.0244766599 0.3831478516 0.0109054425 0.0396365714
0 0.9408884739 0.5391373088 0.0189810359 0.0491163094
0 0.9468569235 0.4306838084 0.0136886819 0.0440167837
0 0.9890220484 0.2525130393 0.0198628027 0.0318061772
0 0.9202977913 0.7449622608 0.0181032285 0.0368300264
0 0.9024564384 0.6074816295 0.0215203835 0.0327526296
0 0.9073810977 0.2461608718 0.0181438274 0.0292740744
0 0.0823889220 0.3735749015 0.0140210063 0.0178674771
0 0.9466519322 0.8749361118 0.0127181694 0.0493561481
0 0.9676822009 0.8786087084 0.0184878756 0.0465436748
0 0.9928343972 0.6173018543 0.0127957193 0.0406705689
0 0.3883474298 0.0186119553 0.0314852243 0.0292276631
0 0.8600565144 0.0221878633 0.0215685419 0.0267116025
0 0.9320913462 0.6438746439 0.0212339744 0.0413105413
0 0.9137957772 0.7057054666 0.0244728325 0.0316787157
0 0.4321941899 0.9651404971 0.0157038373 0.0448065590
0 0.7609714286 0.3781301497 0.0212486489 0.0449444253
0 0.3297936135 0.1844893738 0.0243688187 0.0623629715
0 0.3081758623 0.1878668492 0.0325709217 0.0435657620
0 0.4597873975 0.0277886832 0.0370785046 0.0387749068
0 0.4658912840 0.0745856874 0.0335015195 0.0281247324
0 0.4594714702 0.1893507950 0.0189027671 0.0637631801
0 0.8536375283 0.0713513432 0.0195580630 0.0407395021
0 0.0851230376 0.7085742628 0.0215079561 0.0376978261
0 0.1171002186 0.9196446064 0.0137650919 0.0413599006
0 0.1478293322 0.9784282268 0.0138135606 0.0431435463
0 0.9397127749 0.6939089839 0.0201629515 0.0279179329
0 0.9256629297 0.7163742028 0.0116930578 0.0310630087
0 0.9346770002 0.7615658303 0.0125320499 0.0474260194
0 0.9687368783 0.8288249663 0.0146414048 0.0518377421
0 0.9887614810 0.6837610133 0.0144242653 0.0397055046
0 0.9564474430 0.4477474278 0.0128441879 0.0486840497
0 0.9582068544 0.2168714493 0.0172160586 0.0352937819
0 0.9068287458 0.2764706417 0.0162369922 0.0396365714
0 0.9688492957 0.2992924661 0.0122767857 0.0443121693
0 0.8259808327 0.7872507355 0.0178364571 0.0306063264
0 0.8397068140 0.7614507818 0.0193874534 0.0355695145
0 0.7928059136 0.8056343171 0.0252036894 0.0654865093
0 0.6969924810 0.8627534831 0.0171229989 0.0392643323
0 0.8111593347 0.9624894722 0.0239284228 0.0470707911
0 0.1022557458 0.8579275646 0.0174952380 0.0244850612
0 0.0328035712 0.4068069442 0.0217139478 0.0237130097
0 0.9409991324 0.1871966335 0.0133288742 0.0508382112
0 0.9302101309 0.1807362758 0.0140210063 0.0533818451
0 0.9295897324 0.1404352606 0.0147654845 0.0487495362
0 0.9431412779 0.1439748444 0.0112763633 0.0423525382
0 0.9774392082 0.9063501557 0.0119426713 0.0339151185
0 0.9801815533 0.9313279881 0.0165174899 0.0272185646
0 0.9464645719 0.6093100999 0.0165026003 0.0207350968
0 0.9303962505 0.5928666149 0.0096782167 0.0324261621
0 0.8489794929 0.8419224599 0.0147344646 0.0479085515
0 0.3563844525 0.3509183003 0.0279179329 0.0478671916
0 0.8701584156 0.4039697159 0.0250177213 0.0466820472
0 0.8906106032 0.4087596287 0.0207833501 0.0380511086
0 0.8873263248 0.4838949649 0.0125630698 0.0443929600
0 0.8603081232 0.5195881708 0.0274526340 0.0261946037
0 0.8931240339 0.5605488877 0.0274339653 0.0384766927
0 0.8698006272 0.5512876066 0.0199438268 0.0257397551
0 0.6094525843 0.6447026393 0.0221016969 0.0413599006
0 0.6332218563 0.6968032318 0.0302301865 0.0369075369
0 0.6564392322 0.9011112350 0.0190772542 0.0377753759
0 0.6799417073 0.9831673821 0.0162369922 0.0336652358
0 0.0647696044 0.8887556707 0.0102986153 0.0324261621
0 0.3901338591 0.5147302267 0.0351397593 0.0560081987
0 0.2518225713 0.6345504324 0.0387749068 0.0348974161
0 0.8339257778 0.0961402618 0.0285879633 0.0402349113
0 0.9665537149 0.2872601517 0.0156877510 0.0613565373
0 0.9824950037 0.4588390038 0.0124706573 0.0423839332
0 0.9101255422 0.9775999119 0.0132648150 0.0430979429
