0 0.4269462719 0.5749269006 0.0178179825 0.0755360624
0 0.3923382675 0.5432504873 0.0253563596 0.0755360624
0 0.3892210621 0.5971726732 0.0274593208 0.0669429028
0 0.3529327883 0.5395700383 0.0267269737 0.0596978558
0 0.3906250000 0.6666666667 0.0182291667 0.0625000000
0 0.3642578125 0.6174768519 0.0253906250 0.0659722222
0 0.4296875000 0.7384259259 0.0208333333 0.0671296296
0 0.4023139169 0.7420579294 0.0358072917 0.0428240741
0 0.3909505208 0.7858796296 0.0175781250 0.0671296296
0 0.4983974359 0.8162393162 0.0384615385 0.0427350427
0 0.5312500000 0.8205128205 0.0288461538 0.0655270655
0 0.5568910256 0.7071558887 0.0320512821 0.0555555556
0 0.5705128205 0.8084045584 0.0336538462 0.0498575499
0 0.5892439139 0.8092768655 0.0257490637 0.0621658824
0 0.6172537657 0.7479878240 0.0248397436 0.0683760684
0 0.6414262821 0.7314814815 0.0200320513 0.0783475783
0 0.6706730769 0.7649572650 0.0240384615 0.0683760684
0 0.6566506410 0.8098290598 0.0152243590 0.0555555556
0 0.6209935897 0.7984330484 0.0240384615 0.0270655271
0 0.6394668247 0.8241764441 0.0139821029 0.0366641810
0 0.6232888627 0.8538628646 0.0167785235 0.0509569973
0 0.6029432327 0.8693760875 0.0223713647 0.0658712404
0 0.6765240492 0.8168655232 0.0290128635 0.0428784489
0 0.7242476852 0.6291152263 0.0190972222 0.0648148148
0 0.7392521740 0.7059569075 0.0173611111 0.0534979424
0 0.7473958333 0.7371399177 0.0156250000 0.0565843621
0 0.7612847222 0.7237654321 0.0156250000 0.0545267490
0 0.7233796296 0.7644032922 0.0196759259 0.0596707819
0 0.6744791667 0.8940329218 0.0179398148 0.0720164609
0 0.6889467593 0.9130658436 0.0167824074 0.0462962963
0 0.7173032407 0.8251028807 0.0318287037 0.0288065844
0 0.7218125780 0.9410748139 0.0181803995 0.0529315208
0 0.7365056818 0.9427609428 0.0200441919 0.0542461654
0 0.7473747774 0.8891267231 0.0331439394 0.0374111485
0 0.7612847222 0.8148148148 0.0179398148 0.0452674897
0 0.7968750000 0.8647119342 0.0150462963 0.0565843621
0 0.7926355077 0.9720950664 0.0239284228 0.0470707911
0 0.8311403170 0.9121471489 0.0173125828 0.0506317464
0 0.8521412037 0.8827160494 0.0133101852 0.0534979424
0 0.8645833333 0.8945473251 0.0115740741 0.0462962963
0 0.8423032407 0.9403292181 0.0121527778 0.0534979424
0 0.8540760709 0.9451577065 0.0160225121 0.0520714182
0 0.8596643519 0.9742798354 0.0144675926 0.0452674897
0 0.8799189815 0.9202674897 0.0190972222 0.0648148148
0 0.8270465067 0.7301487093 0.0148884680 0.0590628507
0 0.8614772017 0.7838483608 0.0167824074 0.0483539095
0 0.8626822606 0.6814262194 0.0177642530 0.0675891247
0 0.8315972222 0.6265432099 0.0162037037 0.0534979424
0 0.8279382415 0.5220249691 0.0185185185 0.0586419753
0 0.7884159899 0.4365959153 0.0381944444 0.0668724280
0 0.7216435185 0.3076131687 0.0231481481 0.0823045267
0 0.7560763889 0.4922839506 0.0283564815 0.0504115226
0 0.7725694444 0.4717078189 0.0266203704 0.0648148148
0 0.7936176098 0.5190353088 0.0219907407 0.0349794239
0 0.8034538944 0.4898283015 0.0248842593 0.0473251029
0 0.7643229167 0.3094135802 0.0234375000 0.0725308642
0 0.7504340278 0.2746913580 0.0251736111 0.0802469136
0 0.4713541667 0.3804012346 0.0208333333 0.0848765432
0 0.4496527778 0.3495370370 0.0190972222 0.0570987654
0 0.4315919413 0.4056734967 0.0208333333 0.0586419753
0 0.4240451389 0.4807098765 0.0217013889 0.0570987654
0 0.4574652778 0.4915123457 0.0190972222 0.0632716049
0 0.4817708333 0.4992283951 0.0295138889 0.0447530864
0 0.6571691176 0.5065359477 0.0226715686 0.0501089325
0 0.7573574152 0.5506338124 0.0205015923 0.0528318564
0 0.7434895833 0.5462962963 0.0130208333 0.0617283951
0 0.7543402778 0.6041666667 0.0312500000 0.0385802469
0 0.7435681313 0.6421382229 0.0295138889 0.0231481481
0 0.7843628703 0.5885856746 0.0190972222 0.0540123457
0 0.8133680556 0.5709876543 0.0225694444 0.0555555556
0 0.8014332987 0.6117242774 0.0321180556 0.0385802469
0 0.8071328257 0.6658950617 0.0199652778 0.0601851852
0 0.8237847222 0.3618827160 0.0156250000 0.0725308642
0 0.8003472222 0.3603395062 0.0190972222 0.0694444444
0 0.7282986111 0.3973765432 0.0173611111 0.0478395062
0 0.8420138889 0.4699074074 0.0173611111 0.0601851852
0 0.8630050505 0.4470632248 0.0152567340 0.0617283951
0 0.8632154882 0.3471754583 0.0285143098 0.0276842499
0 0.8506944444 0.3086419753 0.0190972222 0.0524691358
0 0.8463541667 0.2492283951 0.0329861111 0.0570987654
0 0.8893229167 0.3425925926 0.0182291667 0.0648148148
0 0.8676083754 0.3861298167 0.0286721380 0.0376917321
0 0.8654513889 0.2114197531 0.0225694444 0.0617283951
0 0.8406607435 0.1771968046 0.0233353758 0.0704429920
0 0.8132148693 0.1508714597 0.0279820261 0.0729847495
0 0.7894965278 0.0925925926 0.0164930556 0.0709876543
0 0.8007812500 0.0740740741 0.0217013889 0.0740740741
0 0.7667938220 0.1258060778 0.0217013889 0.0570987654
0 0.7634548611 0.1790123457 0.0407986111 0.0586419753
0 0.7999131944 0.2445987654 0.0355902778 0.0570987654
0 0.5625000000 0.8557098765 0.0260416667 0.0447530864
0 0.4340277778 0.8479938272 0.0277777778 0.0540123457
0 0.4403645833 0.8899691358 0.0203125000 0.0595679012
0 0.4124131944 0.9009259259 0.0210069444 0.0685185185
0 0.3697916667 0.8109567901 0.0312500000 0.0570987654
0 0.3680555556 0.8603395062 0.0295138889 0.0416666667
0 0.3958333333 0.9652777778 0.0295138889 0.0663580247
0 0.3424479167 0.9575617284 0.0199652778 0.0694444444
0 0.3166116831 0.9802327705 0.0269097222 0.0277777778
0 0.3033854167 0.9290123457 0.0164930556 0.0586419753
0 0.2829294988 0.8924449812 0.0365715580 0.0379763822
0 0.3059895833 0.8495370370 0.0182291667 0.0478395062
0 0.2868923611 0.8503086420 0.0303819444 0.0370370370
0 0.3090277778 0.7993827160 0.0121527778 0.0493827160
0 0.3159722222 0.6990740741 0.0190972222 0.0524691358
0 0.2947048611 0.7209876543 0.0164930556 0.0654320988
0 0.2612847222 0.7199074074 0.0260416667 0.0663580247
0 0.2782118056 0.6435185185 0.0182291667 0.0555555556
0 0.2764756944 0.6033950617 0.0217013889 0.0401234568
0 0.2961078811 0.5367319839 0.0362564599 0.0611182888
0 0.3254040184 0.5302322334 0.0344201147 0.0365250208
0 0.3289930556 0.5578703704 0.0364583333 0.0354938272
0 0.4348958333 0.1219135802 0.0156250000 0.0648148148
0 0.4687500000 0.1388888889 0.0156250000 0.0709876543
0 0.4876220160 0.0478272644 0.0345869852 0.0459302935
0 0.4179687500 0.2785493827 0.0199652778 0.0787037037
0 0.3806423611 0.2677469136 0.0199652778 0.0725308642
0 0.3967013889 0.2932098765 0.0190972222 0.0586419753
0 0.3034608998 0.2607689211 0.0392134662 0.0801798175
0 0.3234277872 0.1788881145 0.0241683174 0.0440501430
0 0.2877604167 0.1643518519 0.0199652778 0.0570987654
0 0.2643229167 0.1597222222 0.0182291667 0.0570987654
0 0.2750020187 0.2164979902 0.0251736111 0.0570987654
0 0.2785514795 0.2975040258 0.0247961957 0.0700483092
0 0.2955729167 0.3626543210 0.0303819444 0.0864197531
0 0.2591145833 0.3533950617 0.0217013889 0.0740740741
0 0.2699652778 0.4104938272 0.0190972222 0.0555555556
0 0.6605308219 0.4521816337 0.0199771689 0.0621511923
0 0.5267551370 0.9018264840 0.0192636986 0.0634195840
0 0.4733664773 0.9175084175 0.0343276515 0.0568181818
0 0.6234402976 0.9488202486 0.0271317367 0.0429987722
0 0.6439426370 0.9612841254 0.0274686073 0.0478853488
0 0.6002425799 0.9341704718 0.0249714612 0.0520040589
0 0.2604915811 0.9561390157 0.0175585046 0.0654997463
0 0.2417736872 0.9445332319 0.0143692922 0.0701927955
0 0.2270833333 0.9379629630 0.0145833333 0.0518518519
0 0.2114583333 0.9003361238 0.0135416667 0.0604388635
0 0.1914240868 0.8802638255 0.0149828767 0.0532724505
0 0.2604879459 0.8324194161 0.0221175799 0.0520040589
0 0.2350512369 0.8692353286 0.0113429573 0.0444105885
0 0.2542094749 0.8770928463 0.0249714612 0.0317097920
0 0.2017979452 0.9633434805 0.0178367580 0.0418569254
0 0.1912029110 0.9727042111 0.0185502283 0.0418569254
0 0.1867865297 0.9132420091 0.0142694064 0.0431253171
0 0.1615287162 0.8737070404 0.0114958709 0.0567233901
0 0.1693881381 0.8101017684 0.0150150150 0.0604771438
0 0.2005978797 0.8215538023 0.0147928994 0.0564321718
0 0.2197053748 0.8248411133 0.0166420118 0.0531448608
0 0.2165677134 0.8583675709 0.0169501972 0.0608152531
0 0.1809984046 0.6253608896 0.0187399058 0.0552363529
0 0.2046306713 0.6160457256 0.0187756582 0.0581395349
0 0.2147769890 0.5743495181 0.0201655983 0.0567633709
0 0.1778062291 0.7065257093 0.0166701505 0.0630623763
0 0.1913523176 0.7711483673 0.0178747535 0.0641025641
0 0.2081484221 0.6993754109 0.0187993097 0.0564321718
0 0.2153883225 0.7092730755 0.0191025820 0.0497860866
0 0.2021388067 0.6695156695 0.0265039448 0.0295857988
0 0.1668515779 0.6596537366 0.0298939842 0.0317773395
0 0.1540618836 0.6160968661 0.0197238659 0.0531448608
0 0.1730123828 0.5749602188 0.0151068912 0.0565226920
0 0.1898113905 0.5347359194 0.0240384615 0.0679377602
0 0.1223187870 0.5463122068 0.0154092702 0.0656048215
0 0.2388128698 0.0517751479 0.0135601578 0.0509533202
0 0.2209381164 0.0432829279 0.0135601578 0.0558842867
0 0.2056829389 0.0564321718 0.0169501972 0.0536927460
0 0.1723989152 0.0205456936 0.0114028600 0.0410913872
0 0.1585305720 0.0276682007 0.0132519724 0.0509533202
0 0.1768676036 0.0605413105 0.0141765286 0.0564321718
0 0.1717825444 0.0988932720 0.0212647929 0.0334209950
0 0.1924309665 0.1243699321 0.0114028600 0.0525969757
0 0.1227810651 0.1501205347 0.0218811637 0.0668419899
0 0.1215483235 0.0972496165 0.0175665680 0.0378040763
0 0.1381903353 0.0720468990 0.0138683432 0.0279421433
0 0.1545241617 0.0862919132 0.0132519724 0.0531448608
0 0.1055226824 0.1038242384 0.0175665680 0.0345167653
0 0.1012080868 0.1665570896 0.0151010848 0.0613631383
0 0.2093811637 0.1471071663 0.0132519724 0.0553364015
0 0.1948964497 0.1714880561 0.0175665680 0.0635546789
0 0.2381964990 0.1514902476 0.0265039448 0.0531448608
0 0.2462093195 0.1868288407 0.0154092702 0.0536927460
0 0.2611563116 0.0520490905 0.0169501972 0.0350646504
0 0.3514546351 0.1506684199 0.0157174556 0.0613631383
0 0.2472879684 0.2977755862 0.0187993097 0.0553364015
0 0.2163153353 0.3270874425 0.0209566075 0.0482138944
0 0.2081123176 0.2944720760 0.0215917272 0.0386227792
0 0.3237215744 0.4730730557 0.0379068047 0.0378040763
0 0.3305222193 0.4250169017 0.0367846473 0.0396539944
0 0.2463634122 0.3774928775 0.0206484221 0.0591715976
0 0.2365156307 0.4060745929 0.0231422081 0.0593549714
0 0.3419008876 0.3128424282 0.0194156805 0.0635546789
0 0.3695537897 0.3072281677 0.0172583826 0.0525969757
0 0.3251776486 0.1101780075 0.0149386305 0.0653172552
0 0.3068071705 0.1385300029 0.0218023256 0.0488084984
0 0.3136708656 0.0552684467 0.0250322997 0.0631639391
0 0.0580797697 0.5685307018 0.0174753289 0.0444688109
0 0.0494791667 0.5850389864 0.0208333333 0.0336257310
0 0.0212445175 0.6005116959 0.0137061404 0.0609161793
0 0.0231291118 0.5286306043 0.0113075658 0.0572612086
0 0.0418037281 0.5268031189 0.0150767544 0.0657894737
0 0.0394051535 0.3215155945 0.0130208333 0.0584795322
0 0.0610695423 0.6910537298 0.0121038732 0.0717266562
0 0.0493324531 0.7083333333 0.0143045775 0.0632498696
0 0.1254401408 0.7764736568 0.0293427230 0.0430359937
0 0.1352409515 0.8052742597 0.0185439186 0.0602094479
0 0.0827098005 0.8380933751 0.0165052817 0.0515127804
0 0.1039209214 0.9334246218 0.0244498239 0.0316640584
0 0.7021619068 0.4095735114 0.0146351810 0.0887380593
0 0.7181490385 0.4391025641 0.0252403846 0.0847578348
0 0.6828926282 0.1955128205 0.0228365385 0.0548433048
0 0.7087339744 0.2129629630 0.0176282051 0.0641025641
0 0.7261618590 0.2378917379 0.0140224359 0.0655270655
0 0.8507612179 0.1346153846 0.0212339744 0.0754985755
0 0.8649839744 0.1335470085 0.0144230769 0.0576923077
0 0.9122596154 0.1773504274 0.0320512821 0.0384615385
0 0.9030711765 0.3289698984 0.0143704675 0.0753187142
0 0.9194033648 0.6309403876 0.0148237179 0.0512820513
0 0.9320913462 0.6438746439 0.0212339744 0.0413105413
0 0.8938301282 0.5576923077 0.0288461538 0.0327635328
0 0.9234185343 0.5759041251 0.0196314103 0.0470085470
0 0.9182692308 0.3251424501 0.0200320513 0.0733618234
0 0.9320913462 0.2510683761 0.0140224359 0.0719373219
0 0.9515224359 0.2735042735 0.0152243590 0.0840455840
0 0.8571714744 0.7485754986 0.0172275641 0.0484330484
0 0.8734135536 0.7958173691 0.0131704981 0.0643891017
0 0.8834198137 0.8429526806 0.0150425029 0.0493922368
0 0.8922713123 0.8676564496 0.0167624521 0.0505534270
0 0.8879986944 0.7963163579 0.0124078295 0.0515514045
0 0.9653077107 0.5757769264 0.0149664751 0.0564069817
0 0.9358237548 0.3661132397 0.0116738506 0.0436355896
0 0.9457991372 0.3516244824 0.0148621633 0.0487151206
0 0.6999519337 0.9728607918 0.0206537356 0.0542784163
0 0.4283951185 0.7866222191 0.0355691057 0.0451671183
0 0.0793483714 0.8964268658 0.0147756478 0.0386937745
0 0.1693840580 0.4710144928 0.0166062802 0.0687063875
0 0.1180239824 0.4175613788 0.0358455882 0.0435729847
0 0.1081495098 0.4504357298 0.0232843137 0.0533769063
0 0.0837928922 0.4207516340 0.0205269608 0.0495642702
0 0.4069206787 0.4333540583 0.0327818627 0.0517429194
0 0.3651960784 0.4466230937 0.0361519608 0.0501089325
0 0.6977306548 0.7490079365 0.0316220238 0.0548941799
0 0.6622557194 0.6734501225 0.0319940476 0.0462962963
0 0.7126715971 0.5603332658 0.0327380952 0.0522486772
0 0.7099121687 0.5025649406 0.0314314803 0.0381986644
0 0.7545056610 0.9319276586 0.0200892857 0.0522486772
0 0.7588034126 0.9785267742 0.0215773810 0.0410052910
0 0.9291294643 0.4490740741 0.0130208333 0.0410052910
0 0.9412202381 0.1025132275 0.0141369048 0.0449735450
0 0.9534970238 0.1524470899 0.0119047619 0.0482804233
0 0.9640997024 0.1623677249 0.0122767857 0.0350529101
0 0.9778645833 0.2751322751 0.0115327381 0.0410052910
0 0.9642857143 0.3594576720 0.0126488095 0.0522486772
0 0.9777938564 0.3436362082 0.0122767857 0.0443121693
0 0.9574032738 0.6987433862 0.0122767857 0.0548941799
0 0.9732142857 0.7619047619 0.0104166667 0.0449735450
0 0.9034598214 0.9107142857 0.0122767857 0.0582010582
0 0.9250372024 0.8703703704 0.0100446429 0.0502645503
0 0.9302455357 0.9623353956 0.0107886905 0.0568783069
0 0.5091145833 0.9755291005 0.0204613095 0.0436507937
0 0.4819568452 0.9828042328 0.0174851190 0.0317460317
0 0.5688244048 0.9728835979 0.0193452381 0.0502645503
0 0.6316666667 0.1422222222 0.0408333333 0.0696296296
0 0.6650000000 0.1451851852 0.0325000000 0.0622222222
0 0.4244791667 0.1998062016 0.0385416667 0.0481481481
0 0.1455965909 0.2119633838 0.0236742424 0.0431397306
0 0.1223068489 0.2806766671 0.0181703930 0.0298714133
0 0.0454249527 0.2571601431 0.0133167614 0.0569128788
0 0.0437040524 0.2036801395 0.0107836174 0.0514414983
0 0.0213068182 0.2453573680 0.0118371212 0.0505050505
0 0.0328480114 0.2464225589 0.0106534091 0.0457702020
0 0.0727982955 0.9603324916 0.0142045455 0.0436658249
0 0.0967577704 0.9837428585 0.0103582027 0.0325142831
0 0.1078657670 0.9803240741 0.0121330492 0.0352483165
0 0.2249634503 0.1068875893 0.0237573099 0.0698505523
0 0.2694092940 0.1082821129 0.0338084795 0.0373619233
0 0.2797880117 0.0581546459 0.0164473684 0.0698505523
0 0.3350694444 0.3822287199 0.0301535088 0.0519818064
0 0.4141081871 0.1263807667 0.0201023392 0.0763482781
0 0.2835937500 0.7425925926 0.0130208333 0.0500000000
0 0.5369791667 0.9416666667 0.0343750000 0.0351851852
0 0.5754945286 0.9362139918 0.0252525253 0.0486344931
0 0.7120159933 0.8796296296 0.0310395623 0.0589225589
0 0.8114478114 0.8230452675 0.0278829966 0.0392817059
0 0.8238110269 0.9820426487 0.0178872054 0.0336700337
0 0.8422243266 0.4138608305 0.0284090909 0.0439580995
0 0.6375736532 0.6121399177 0.0305134680 0.0607931163
0 0.6373106061 0.5663112608 0.0278829966 0.0476992144
0 0.2843137255 0.3910675381 0.0183823529 0.0544662309
0 0.2170377747 0.2176894099 0.0243283991 0.0560428850
0 0.2713178295 0.0177110250 0.0205910853 0.0354220500
0 0.1174903101 0.9155900086 0.0339147287 0.0549095607
0 0.2861555233 0.9495047373 0.0163517442 0.0581395349
0 0.2299174174 0.6359693026 0.0178303303 0.0542208876
0 0.6378160112 0.8832709114 0.0316011236 0.0478568456
0 0.8438085206 0.6549105285 0.0234082397 0.0364128173
0 0.8718984082 0.5409904286 0.0163857678 0.0520183104
0 0.8438085206 0.5503537245 0.0257490637 0.0395339159
0 0.8701427903 0.4759675406 0.0163857678 0.0509779442
0 0.7515318627 0.2129629630 0.0287990196 0.0468409586
0 0.8872549020 0.1879084967 0.0294117647 0.0403050109
0 0.8805147059 0.2118736383 0.0196078431 0.0577342048
0 0.8710171569 0.0669934641 0.0165441176 0.0686274510
0 0.9050245098 0.5130718954 0.0171568627 0.0522875817
0 0.9469497875 0.4289091429 0.0168400060 0.0402987980
0 0.7537936022 0.1044289044 0.0254370629 0.0468364968
0 0.1039623949 0.9015205573 0.0176581613 0.0392403585
0 0.4475576978 0.9684717040 0.0188730409 0.0566757985
0 0.2512557195 0.0927737955 0.0278072439 0.0239976215
0 0.9664035622 0.2901806193 0.0113442517 0.0599855590
0 0.7832601857 0.3170030115 0.0159186906 0.0712738081
0 0.8644602924 0.5834012912 0.0209504014 0.0291921509
0 0.8055305691 0.6370471245 0.0238932292 0.0292271916
0 0.5138886898 0.6796078619 0.0359984232 0.0594259684
0 0.5878024903 0.6798134460 0.0190953889 0.0567405843
0 0.5125095566 0.8585287122 0.0398031346 0.0344886171
0 0.9304301128 0.9249630560 0.0232278526 0.0393953874
0 0.8192069486 0.2054538797 0.0295973348 0.0300671338
0 0.8990991183 0.6087433536 0.0113851355 0.0394152059
0 0.2441952720 0.6594883420 0.0159387144 0.0453367876
0 0.7285146938 0.8004334792 0.0280400963 0.0256366595
0 0.2447599932 0.7660446140 0.0306994559 0.0241938439
0 0.1309504883 0.8872041085 0.0267138996 0.0311953163
0 0.3532291078 0.0492122429 0.0255270092 0.0442026134
0 0.2211538783 0.5142015085 0.0245910144 0.0284426191
0 0.3475425090 0.1042912425 0.0209625397 0.0328169776
0 0.7857837432 0.1398969693 0.0206957672 0.0419263088
0 0.0558958580 0.3236981677 0.0220613752 0.0232870072
0 0.1000432312 0.3850962345 0.0130898727 0.0592349797
0 0.7266654221 0.6782594006 0.0265490473 0.0389264382
0 0.0488532302 0.6372038474 0.0123260458 0.0555841197
0 0.7517251200 0.8517591261 0.0142324790 0.0433056625
0 0.1352485726 0.9850025339 0.0094407658 0.0299949322
0 0.1408466669 0.5672116751 0.0244525049 0.0298863949
0 0.1037228757 0.2736743344 0.0254460326 0.0297274286
0 0.0682196017 0.2654020559 0.0232649441 0.0314507578
0 0.1082062243 0.7567834483 0.0222955714 0.0258499379
0 0.1135377740 0.8126608308 0.0213261988 0.0340357515
0 0.0924539184 0.6494189953 0.0276271211 0.0267116025
0 0.1021476452 0.2450165273 0.0242343168 0.0387749068
0 0.1956921079 0.2267061546 0.0155099627 0.0392057391
0 0.0482262904 0.1361430062 0.0118748152 0.0512690435
0 0.0587682181 0.1148168074 0.0145405901 0.0499765466
0 0.1318346832 0.0344665838 0.0210838556 0.0555773664
0 0.1721848206 0.1447596521 0.0159946491 0.0495457143
0 0.1382010382 0.1867658012 0.0310199255 0.0232649441
0 0.0472569177 0.4482050205 0.0215685419 0.0361899130
0 0.0229014293 0.4441143515 0.0218108851 0.0366207453
0 0.0313827810 0.4783444359 0.0252050078 0.0312365135
0 0.2529600737 0.4521287273 0.0167216786 0.0547157018
0 0.1535989554 0.5295059843 0.0239919736 0.0547157018
0 0.0906363447 0.4529061649 0.0167216786 0.0409290683
0 0.1003300714 0.5569961432 0.0138135606 0.0435140621
0 0.0754898967 0.4866832679 0.0174487081 0.0443757267
0 0.0742781809 0.3319220406 0.0111477857 0.0478223851
0 0.6352287635 0.2258061062 0.0397442795 0.0594548571
0 0.6397951801 0.2663714851 0.0264154053 0.0344665838
0 0.6783419487 0.2804774567 0.0176910512 0.0598856894
0 0.6380874059 0.3529448665 0.0174487081 0.0641940124
0 0.6184563506 0.2984859484 0.0252036894 0.0417907329
0 0.6565061160 0.3426484967 0.0208415124 0.0594548571
0 0.5822975331 0.0967218509 0.0208415124 0.0629015155
0 0.5278642367 0.1158938882 0.0198721397 0.0788423105
0 0.6207596596 0.0163716273 0.0267789200 0.0254191056
0 0.6294019599 0.0281247324 0.0151997635 0.0377753759
0 0.0599072310 0.7802477764 0.0137650919 0.0379132422
0 0.0813497545 0.7500072793 0.0130283687 0.0504590787
0 0.0985124976 0.6890987991 0.0169640217 0.0460990559
0 0.0697172825 0.5798032322 0.0120977709 0.0443929600
0 0.1301382810 0.9775364040 0.0196297966 0.0336049192
0 0.0948046472 0.7742165718 0.0164793354 0.0330879205
0 0.1441941847 0.8635812612 0.0172063649 0.0409290683
0 0.0552542422 0.9633189381 0.0157523059 0.0516998758
0 0.4488617769 0.0920947120 0.0419389392 0.0591170846
0 0.1096602833 0.0566544472 0.0290811801 0.0491148820
0 0.0988760124 0.3371345146 0.0152676196 0.0284349317
0 0.1902393866 0.2754401501 0.0138135606 0.0551465341
0 0.1951111232 0.3565666923 0.0208415124 0.0538540372
0 0.0599966056 0.2164275631 0.0189061731 0.0509585740
0 0.0777049133 0.2154419066 0.0150446638 0.0350180492
0 0.0800314077 0.1122231970 0.0125630698 0.0427385640
0 0.0764592694 0.0697948323 0.0218108851 0.0486840497
0 0.6830162767 0.6118020395 0.0441064565 0.0538540372
0 0.8183500583 0.4466117615 0.0140559037 0.0547157018
0 0.4683662617 0.2223538533 0.0249613463 0.0465298882
0 0.3436748277 0.2494519005 0.0353821025 0.0348974161
0 0.0247190031 0.3904720007 0.0109054425 0.0396365714
0 0.0377055813 0.5940351392 0.0128050252 0.0248821162
0 0.9376063281 0.5330453401 0.0133288742 0.0607473540
0 0.9712920284 0.5335217247 0.0147829332 0.0301582609
0 0.9846385607 0.2472048545 0.0198628027 0.0318061772
0 0.9126743344 0.7535033561 0.0217561349 0.0361241508
0 0.8930859393 0.5877171116 0.0215203835 0.0327526296
0 0.9132511595 0.2072643007 0.0100629631 0.0403873804
0 0.9466519322 0.8749361118 0.0127181694 0.0493561481
0 0.9676822009 0.8836821896 0.0184878756 0.0465436748
0 0.9794570544 0.6221271761 0.0127957193 0.0344665838
0 0.9937320363 0.5784403335 0.0101784130 0.0336049192
0 0.9772294360 0.4414677771 0.0130865311 0.0348974161
0 0.3883474298 0.0186119553 0.0314852243 0.0292276631
0 0.7490376046 0.0519152919 0.0232649441 0.0508382112
0 0.7774839378 0.0259576460 0.0186604239 0.0519152919
0 0.8283095595 0.0346820000 0.0215685419 0.0267116025
0 0.9496023149 0.5442053471 0.0121171584 0.0465298882
0 0.4320003154 0.9692764872 0.0157038373 0.0448065590
0 0.7430944492 0.4344979121 0.0213261988 0.0728106584
0 0.7578694361 0.3788194814 0.0231098445 0.0386025739
0 0.3081758623 0.1878668492 0.0325709217 0.0435657620
0 0.4597873975 0.0277886832 0.0370785046 0.0387749068
0 0.4594714702 0.1893507950 0.0189027671 0.0637631801
0 0.8499647692 0.0527338733 0.0205507006 0.0451512248
0 0.1478293322 0.9784282268 0.0138135606 0.0431435463
0 0.9359322215 0.6883943304 0.0176425826 0.0313645913
0 0.9327211745 0.7242907463 0.0146617616 0.0404336112
0 0.9346770002 0.7615658303 0.0125320499 0.0474260194
0 0.9687368783 0.8288249663 0.0146414048 0.0518377421
0 0.9887614810 0.6837610133 0.0144242653 0.0397055046
0 0.9798420116 0.1980478578 0.0125320499 0.0390437462
0 0.9585946035 0.2106674642 0.0167507597 0.0394297719
0 0.8922881557 0.2794864678 0.0113901289 0.0482532174
0 0.9516379975 0.4696259277 0.0164793354 0.0525615404
0 0.8324950170 0.7893187305 0.0169058594 0.0341908512
0 0.7915941977 0.8056343171 0.0252036894 0.0654865093
0 0.6969924810 0.8627534831 0.0171229989 0.0392643323
0 0.0360606633 0.4084613403 0.0223343463 0.0215071483
0 0.9424531914 0.1919357888 0.0133288742 0.0508382112
0 0.9302101309 0.1807362758 0.0140210063 0.0533818451
0 0.9295897324 0.1404352606 0.0147654845 0.0487495362
0 0.9431412779 0.1439748444 0.0112763633 0.0423525382
0 0.9650312380 0.9190338586 0.0113222728 0.0394297719
0 0.9612817331 0.9565022491 0.0112445989 0.0295903067
0 0.9801815533 0.9313279881 0.0165174899 0.0272185646
0 0.8936665700 0.4477201464 0.0317289272 0.0462962963
0 0.9464645719 0.6093100999 0.0165026003 0.0207350968
0 0.9298999317 0.6083076444 0.0096782167 0.0324261621
0 0.8998893946 0.7910583233 0.0110120735 0.0339151185
0 0.8432601942 0.8739763829 0.0153160882 0.0527338733
0 0.3563844525 0.3509183003 0.0279179329 0.0478671916
0 0.9367243153 0.4849987333 0.0191082741 0.0330879205
0 0.8914352241 0.4039030183 0.0263048968 0.0324261621
0 0.8873263248 0.4844464302 0.0162854609 0.0432900293
0 0.8603081232 0.5195881708 0.0274526340 0.0261946037
0 0.8647481017 0.5494205656 0.0134936676 0.0336393858
0 0.6596187746 0.8940800519 0.0217139478 0.0281247324
0 0.6799417073 0.9831673821 0.0162369922 0.0336652358
0 0.0511344084 0.9157119692 0.0152676196 0.0400674037
0 0.0647696044 0.8887556707 0.0102986153 0.0324261621
0 0.0829783006 0.7076895007 0.0211323242 0.0248159404
0 0.3901338591 0.5147302267 0.0351397593 0.0560081987
0 0.8339257778 0.0961402618 0.0285879633 0.0402349113
0 0.9614267227 0.4783903325 0.0124079702 0.0437725615
0 0.9102780113 0.9746182933 0.0132648150 0.0430979429
0 0.8805436760 0.9790637286 0.0117131239 0.0407643180
