0 0.0956049926 0.0928139158 0.0181060526 0.0482994920
0 0.1120283019 0.0911949686 0.0117924528 0.0428022362
0 0.1152577421 0.1429591816 0.0177954356 0.0447636745
0 0.1231234681 0.1075190297 0.0202971814 0.0299238142
0 0.1518379015 0.0925326927 0.0183080808 0.0364758698
0 0.1441877414 0.1275000987 0.0294349747 0.0306449248
0 0.1870127917 0.1879867478 0.0162146226 0.0462962963
0 0.1673296103 0.1892572135 0.0255503145 0.0349406010
0 0.1707045391 0.1602203584 0.0220168477 0.0360059553
0 0.1758453936 0.1100883148 0.0238878446 0.0480367586
0 0.2053388293 0.2221618985 0.0148697530 0.0425558853
0 0.1942210894 0.3381832743 0.0142492138 0.0497903564
0 0.2892644046 0.2620506536 0.0326844260 0.0313180828
0 0.2751717705 0.2967741119 0.0195530998 0.0435705125
0 0.2554203053 0.2930651600 0.0187130530 0.0562532035
0 0.1207941729 0.4456070732 0.0150767544 0.0402046784
0 0.1249693335 0.4928938593 0.0121166375 0.0616372286
0 0.0764422875 0.7310333402 0.0209476967 0.0345127016
0 0.1884594298 0.5140107212 0.0150767544 0.0560428850
0 0.2473619763 0.6199189439 0.0245068165 0.0575017054
0 0.3157184223 0.5898410018 0.0348227339 0.0489684860
0 0.3029797091 0.5150471588 0.0199786246 0.0566712114
0 0.2408482615 0.4151772294 0.0184289791 0.0642238545
0 0.2626156940 0.4202593877 0.0160091969 0.0554136141
0 0.2582363043 0.7866889701 0.0154626649 0.0588286121
0 0.2520411416 0.7500894973 0.0207830455 0.0362260783
0 0.1362379449 0.7551907581 0.0159904971 0.0487329435
0 0.1694535819 0.8746057560 0.0155336257 0.0462962963
0 0.1693851523 0.9124789768 0.0204331736 0.0274822069
0 0.0801802547 0.7753873840 0.0133806268 0.0385199257
0 0.2926569836 0.7784689619 0.0213468310 0.0533907147
0 0.3159217481 0.7198794542 0.0158946184 0.0533271102
0 0.3391812865 0.8231806368 0.0214729532 0.0430474334
0 0.3630475427 0.8662468136 0.0301535088 0.0324886290
0 0.3787542245 0.9253708977 0.0195848093 0.0562306613
0 0.3075570273 0.8966593482 0.0206618074 0.0398065636
0 0.2780920060 0.9351013910 0.0287518854 0.0201106083
0 0.2132320234 0.9602286424 0.0307818352 0.0298238313
0 0.3242328668 0.9616360397 0.0242141813 0.0503573749
0 0.3351017405 0.8986204983 0.0180149098 0.0622736905
0 0.4471153846 0.8001181294 0.0256410256 0.0464873880
0 0.5452288287 0.9634736485 0.0265295221 0.0417136717
0 0.5928374288 0.9412613693 0.0313390313 0.0310575083
0 0.6196899781 0.9216248744 0.0201009513 0.0576741612
0 0.5844191554 0.7665393466 0.0393379269 0.0411923089
0 0.4669783184 0.4579478349 0.0164034454 0.0519267626
0 0.4433782409 0.5372291444 0.0329559225 0.0514198096
0 0.4092131541 0.6062093857 0.0205159994 0.0713931304
0 0.4603365385 0.5997150997 0.0192307692 0.0584045584
0 0.3726689295 0.6411346984 0.0336255557 0.0471494530
0 0.3807326290 0.5423261581 0.0242857708 0.0606468292
0 0.3488096299 0.4924313421 0.0316276329 0.0551798184
0 0.3374229118 0.5601222495 0.0242412551 0.0515546411
0 0.3563290771 0.4249850515 0.0216525453 0.0545883015
0 0.2830345291 0.4687585165 0.0240438482 0.0391097864
0 0.3037078070 0.3767855702 0.0247710786 0.0603823479
0 0.3666692884 0.2885635123 0.0189845647 0.0570323146
0 0.3329312627 0.3492887204 0.0315072016 0.0285779607
0 0.2989258593 0.3311217693 0.0248251399 0.0345323741
0 0.3081766230 0.2981580084 0.0277134774 0.0307850586
0 0.3764045061 0.2000500822 0.0246113309 0.0586416656
0 0.4025008631 0.1696832429 0.0155685630 0.0620305871
0 0.4186498079 0.1658909840 0.0190116587 0.0520687945
0 0.4181152562 0.2341685657 0.0288699604 0.0534435144
0 0.4246675803 0.3467290917 0.0211661314 0.0627463884
0 0.4227615248 0.4471368532 0.0284426714 0.0564749146
0 0.4957958846 0.4084957782 0.0341200240 0.0452057294
0 0.4988238725 0.2918634097 0.0272490640 0.0597583924
0 0.5248260518 0.6036244277 0.0176503855 0.0636702118
0 0.5612424747 0.6324493349 0.0216450216 0.0529100529
0 0.5844904547 0.6953463203 0.0363031831 0.0342712843
0 0.5459665698 0.6839519409 0.0175629845 0.0737510767
0 0.5953206659 0.7174855618 0.0249035399 0.0474539767
0 0.5841586084 0.6412380183 0.0281789952 0.0378702837
0 0.6228085660 0.6033687001 0.0292361658 0.0344151612
0 0.6222716386 0.7151549780 0.0192701574 0.0577132077
0 0.6275679138 0.6493685796 0.0356688257 0.0435087848
0 0.6626773050 0.6579327555 0.0347222222 0.0420278434
0 0.6511734701 0.6921046841 0.0348280008 0.0590530431
0 0.6609657245 0.7815195208 0.0217543942 0.0390545541
0 0.6962553381 0.8380624395 0.0235507246 0.0426731079
0 0.7322849608 0.7663597707 0.0211720867 0.0624811804
0 0.7873052168 0.8570460705 0.0182079946 0.0398976212
0 0.7957020226 0.8321886006 0.0190188945 0.0516221629
0 0.8182147912 0.8308641975 0.0218462491 0.0407407407
0 0.8417555170 0.7841405474 0.0152439024 0.0579644685
0 0.7814476061 0.7905426549 0.0189137308 0.0589534218
0 0.6444833473 0.9014926298 0.0253448997 0.0574136009
0 0.6816953991 0.4661224476 0.0277426501 0.0445161796
0 0.6543200829 0.4244579946 0.0241850375 0.0584914182
0 0.7162768799 0.4775153889 0.0301844788 0.0398857074
0 0.7202478214 0.5230659020 0.0183823529 0.0601378644
0 0.7610038707 0.5428198526 0.0223959140 0.0546320063
0 0.7428674953 0.5038882998 0.0200427520 0.0352493901
0 0.7967130829 0.6030512378 0.0272560449 0.0479754366
0 0.7994560585 0.5682199901 0.0263534217 0.0471816266
0 0.7822239160 0.5179162903 0.0165142276 0.0496838302
0 0.7975697400 0.5127458987 0.0157763885 0.0619197975
0 0.7701239883 0.4555652812 0.0200954712 0.0632097910
0 0.7465126596 0.4193048160 0.0210786632 0.0511806006
0 0.7619481143 0.3995304805 0.0181091915 0.0490609610
0 0.7786246612 0.4031165312 0.0169376694 0.0579644685
0 0.8300564577 0.4614258503 0.0241701728 0.0308520031
0 0.8391249255 0.4360923386 0.0280001491 0.0376918660
0 0.8224532958 0.5835288285 0.0127032520 0.0511894008
0 0.8364244580 0.5676001204 0.0105860434 0.0436615477
0 0.8480691057 0.5822794339 0.0143970190 0.0504366155
0 0.8633130081 0.5901836796 0.0118563686 0.0602228245
0 0.8647392365 0.6654779528 0.0118563686 0.0511894008
0 0.7354342712 0.7004311194 0.0186327700 0.0490697470
0 0.6976250261 0.6060487039 0.0248304305 0.0486065586
0 0.7419357721 0.6574993059 0.0208710031 0.0595873563
0 0.7691408947 0.7153353100 0.0207486450 0.0609756098
0 0.8010201887 0.7194295319 0.0222222222 0.0551641072
0 0.8052411417 0.7708515602 0.0200951444 0.0503062117
0 0.8339625392 0.7597852505 0.0184404541 0.0470725762
0 0.8843274069 0.7355842728 0.0210433489 0.0406424781
0 0.8728788562 0.8217088754 0.0118930446 0.0474408856
0 0.8876609079 0.8107497742 0.0232892954 0.0436615477
0 0.9105219068 0.8234953404 0.0148107512 0.0465691210
0 0.8582147696 0.9320009033 0.0169037940 0.0405450166
0 0.8773057273 0.6222845590 0.0119410569 0.0554055141
0 0.9009658264 0.6373052308 0.0119233608 0.0566038372
0 0.9212717968 0.6236912126 0.0135501355 0.0474254743
0 0.8232143615 0.5043385413 0.0324928457 0.0447609607
0 0.8447993267 0.5379463882 0.0125181368 0.0524441540
0 0.8565014368 0.4910600255 0.0118534483 0.0625798212
0 0.8677143664 0.4662258130 0.0157569040 0.0565912523
0 0.8754054789 0.5234887238 0.0143970190 0.0421057914
0 0.8927422087 0.5152815417 0.0165142276 0.0519421861
0 0.8828174305 0.5515080455 0.0224424119 0.0248419151
0 0.9070267312 0.5689927733 0.0141985702 0.0453929539
0 0.9222261152 0.5728038899 0.0148702774 0.0372997739
0 0.9372855900 0.5520911239 0.0119622476 0.0432396839
0 0.9306412264 0.6205343763 0.0186314363 0.0331225534
0 0.9510484749 0.6051803437 0.0122549020 0.0363108206
0 0.9614788010 0.5675498752 0.0199558099 0.0246971432
0 0.9375382788 0.4963377567 0.0114329268 0.0504366155
0 0.9579522358 0.4998494429 0.0139735772 0.0496838302
0 0.9266960337 0.5382209025 0.0187228921 0.0247830957
0 0.9103287001 0.5126118178 0.0135501355 0.0459199036
0 0.9067751853 0.4482329125 0.0121317828 0.0378129242
0 0.8925608407 0.4516339900 0.0124446903 0.0537133376
0 0.8783589517 0.4144195999 0.0126176085 0.0421047530
0 0.9010963978 0.3995075260 0.0149530083 0.0613423146
0 0.9321222900 0.4068804577 0.0215955285 0.0293586269
0 0.9218710638 0.4727811446 0.0236007300 0.0236508145
0 0.9517394804 0.4640433718 0.0117152213 0.0243558424
0 0.9441400484 0.3834284155 0.0111071041 0.0417736075
0 0.9604364273 0.4286861387 0.0157802620 0.0384422363
0 0.9782774390 0.4411321891 0.0139735772 0.0451671183
0 0.9882283198 0.4618337850 0.0177845528 0.0444143330
0 0.9911234319 0.5002489048 0.0148409498 0.0358422939
0 0.9725609756 0.3970942487 0.0177845528 0.0398976212
0 0.9619622030 0.3681144690 0.0219736282 0.0323220480
0 0.9371253688 0.3419258399 0.0209050890 0.0304340345
0 0.9558932266 0.3097737523 0.0135501355 0.0566313516
0 0.8314634157 0.3895148541 0.0184967796 0.0471073096
0 0.8077841151 0.3420929775 0.0228077342 0.0399419027
0 0.8042316368 0.3768204263 0.0209439109 0.0402759641
0 0.7456448837 0.3074944603 0.0283268044 0.0352168408
0 0.7179404322 0.3097799728 0.0152927611 0.0569858476
0 0.6961506371 0.3151170261 0.0266966989 0.0475679328
0 0.6576927911 0.2949552344 0.0179046056 0.0511415670
0 0.7109953704 0.2171986349 0.0201388889 0.0561377095
0 0.7693089431 0.2367509786 0.0203252033 0.0459199036
0 0.7803061018 0.1565801770 0.0272988506 0.0587484036
0 0.7687791061 0.1721425478 0.0206894224 0.0637077466
0 0.7856114499 0.2318578741 0.0190548780 0.0391448359
0 0.8019592211 0.2401696622 0.0153344314 0.0601605250
0 0.8406588753 0.1656127672 0.0156673442 0.0526949714
0 0.8208260071 0.2379145099 0.0188280343 0.0425054846
0 0.8649472144 0.1826506375 0.0243396661 0.0330378651
0 0.7575522079 0.2562422138 0.0179838195 0.0382296851
0 0.8606477130 0.3235375012 0.0291744987 0.0316356631
0 0.8734059400 0.2976744324 0.0261869615 0.0457063379
0 0.8810594431 0.2658490457 0.0233477011 0.0383141762
0 0.9098915989 0.2386329419 0.0169376694 0.0511894008
0 0.8856458614 0.2238322427 0.0138536021 0.0466495790
0 0.8963649880 0.1828536418 0.0224424119 0.0248419151
0 0.8809752334 0.1545347996 0.0247972185 0.0228041671
0 0.8578238593 0.1701373465 0.0211364488 0.0525573016
0 0.7413617886 0.1437819934 0.0186314363 0.0587172538
0 0.7136934345 0.1541986908 0.0188901371 0.0547108247
0 0.7024436395 0.0773037400 0.0147033642 0.0474717922
0 0.6906857763 0.1272207167 0.0207486450 0.0421559771
0 0.6308486961 0.1345101877 0.0335328710 0.0596833283
0 0.7537702920 0.0306723111 0.0139735772 0.0391153149
0 0.7221582696 0.0770181869 0.0262533875 0.0293586269
0 0.7195500820 0.0986861915 0.0249919769 0.0287484746
0 0.6816829692 0.0748237228 0.0199017615 0.0481782596
0 0.7716444862 0.1073538326 0.0170090160 0.0443095220
0 0.7794877820 0.3096207377 0.0219298246 0.0386928817
0 0.7776766981 0.3539359744 0.0264555468 0.0419022156
0 0.9171972143 0.1670829127 0.0212816834 0.0367802044
0 0.9393207995 0.2118729711 0.0182079946 0.0444143330
0 0.9530014493 0.2017317953 0.0176082360 0.0320851835
0 0.9548245443 0.2451132278 0.0144744306 0.0417368306
0 0.9435441614 0.2676966675 0.0196588015 0.0269046076
0 0.9275846026 0.2613039102 0.0125781589 0.0360630133
0 0.9274080770 0.2593204559 0.0192677980 0.0309002982
0 0.7821689225 0.8919477864 0.0210788217 0.0407957852
0 0.8263418517 0.9709935959 0.0364553665 0.0363475432
0 0.9038207244 0.8722974864 0.0172045343 0.0405724088
0 0.8567455296 0.8774397233 0.0206639566 0.0451054729
0 0.8859027721 0.9007866778 0.0205721083 0.0268351826
0 0.9905572493 0.8419903643 0.0080453930 0.0398976212
0 0.9580938325 0.9115343011 0.0203252033 0.0218307739
0 0.6735000827 0.3829140260 0.0260313307 0.0431541586
0 0.7097186520 0.4133644363 0.0125442999 0.0587819133
0 0.8154219072 0.3045816333 0.0247713415 0.0333391081
0 0.5693424380 0.8108139481 0.0162939979 0.0670425247
0 0.6902109061 0.9125108577 0.0297896055 0.0269843198
0 0.7472788916 0.9515775936 0.0242245653 0.0372084247
0 0.7110516489 0.9337194426 0.0291541776 0.0289395217
0 0.2332156309 0.8530288763 0.0155131827 0.0579096045
0 0.1615415041 0.7602618247 0.0188230450 0.0356466393
0 0.1833214120 0.7759267225 0.0198970037 0.0338119018
0 0.1114200800 0.8753524609 0.0179790490 0.0484410965
0 0.0537605932 0.9584902699 0.0167725989 0.0510043942
0 0.1754373400 0.7306810098 0.0207450565 0.0588512241
0 0.2012730997 0.5367878480 0.0178357474 0.0449428226
0 0.1316531206 0.6594374573 0.0167276851 0.0415954416
0 0.1553268396 0.4170313142 0.0151387543 0.0577801347
0 0.1385950284 0.4376872461 0.0147322335 0.0505514337
0 0.1802406354 0.3833409744 0.0288133609 0.0389499002
0 0.2307570977 0.2539372179 0.0202566379 0.0543532330
0 0.3974273714 0.1115221654 0.0342848899 0.0464273468
0 0.4525845888 0.1350061031 0.0276864487 0.0514232189
0 0.4542009967 0.2217087844 0.0219361660 0.0663858608
0 0.4399406300 0.2589869281 0.0231518283 0.0605936819
0 0.4775762460 0.2336007300 0.0137473881 0.0577119425
0 0.5320423864 0.1166459175 0.0362048707 0.0320948753
0 0.4799843936 0.0823876711 0.0388418079 0.0353107345
0 0.5032559401 0.1015801712 0.0291834489 0.0418015313
0 0.3233301740 0.1282991101 0.0271335117 0.0478587791
0 0.3414258975 0.0748330639 0.0194209040 0.0541431262
0 0.4707496488 0.6104524863 0.0153893288 0.0422951232
0 0.5318818934 0.4949618736 0.0208716299 0.0639978214
0 0.6413140457 0.5760441292 0.0178526778 0.0516154452
0 0.6365036266 0.7601586840 0.0183150609 0.0528384324
0 0.7086802844 0.5672262438 0.0235145502 0.0445161876
0 0.8086579782 0.1272930562 0.0267486980 0.0430997409
0 0.7804844802 0.0735677550 0.0321261682 0.0406715126
0 0.1682291667 0.5890432099 0.0260416667 0.0459876543
0 0.2838577438 0.6209554335 0.0284526671 0.0501119251
0 0.1505772791 0.7169475389 0.0272120787 0.0265293383
0 0.7527334014 0.8730180672 0.0188482567 0.0297816946
0 0.7529865459 0.6072543857 0.0325810495 0.0574101554
0 0.8940435009 0.5897020091 0.0138679253 0.0446913460
0 0.6727600763 0.5113773905 0.0330201525 0.0290486565
0 0.7502042484 0.3391152459 0.0204248366 0.0261994284
0 0.3937917900 0.4518938352 0.0317439255 0.0577245682
0 0.5106943127 0.7171791152 0.0260033718 0.0681006042
0 0.3555702179 0.3338435242 0.0268279104 0.0400361787
0 0.4009870397 0.3486089874 0.0376428693 0.0556506432
0 0.5002780488 0.4593447417 0.0295271214 0.0398836492
0 0.3351234937 0.7255350287 0.0230529184 0.0428738865
0 0.4274595033 0.7508402734 0.0189940592 0.0566859691
0 0.1346587312 0.8084475129 0.0282739104 0.0435660797
0 0.3281860750 0.1969890398 0.0248069058 0.0495833694
0 0.3744208860 0.1567660500 0.0294478396 0.0452387100
0 0.4486552404 0.0936817230 0.0318436960 0.0301515036
0 0.4172655599 0.3959126575 0.0316400198 0.0393602201
0 0.7124470148 0.7088504089 0.0166824495 0.0612794613
0 0.5201699053 0.9588982589 0.0206730769 0.0439458689
0 0.3781111401 0.0964797828 0.0301128229 0.0303845746
0 0.6157301547 0.8743914985 0.0214332091 0.0563961658
0 0.8883291575 0.3377589735 0.0129442402 0.0376195231
0 0.1524717642 0.6669993440 0.0299704520 0.0203093812
0 0.7624563334 0.6667985666 0.0207862579 0.0303017118
0 0.1385416667 0.0756172840 0.0236111111 0.0265432099
0 0.3512809358 0.2865694194 0.0170138889 0.0358024691
0 0.1905533878 0.3020802007 0.0226508932 0.0588297947
0 0.2245470947 0.7791285981 0.0303828719 0.0370370370
0 0.4996870758 0.5166156300 0.0265957447 0.0630417652
0 0.8211137821 0.5384615385 0.0180288462 0.0284900285
0 0.7232544319 0.2745868805 0.0255349261 0.0316286950
0 0.8695436508 0.3546626984 0.0285218254 0.0292107584
0 0.9019714673 0.2907483126 0.0169144605 0.0432668068
0 0.7496722028 0.1107226107 0.0229458042 0.0349650350
0 0.1678059099 0.3497234170 0.0223171828 0.0510738823
0 0.4172602700 0.2874204345 0.0345010616 0.0442321302
0 0.6285665884 0.9688863099 0.0138888889 0.0364865927
0 0.6706143843 0.8874734607 0.0235536093 0.0448218920
0 0.6606154711 0.5797058578 0.0252402924 0.0432201106
0 0.9536124795 0.3744754607 0.0169334975 0.0337529648
0 0.8203444520 0.2765427583 0.0266525786 0.0294944230
0 0.9001253858 0.2074331276 0.0202546296 0.0342935528
0 0.5426175387 0.8163549414 0.0125213328 0.0490157990
0 0.5392599240 0.9165149124 0.0196081606 0.0414354753
0 0.8385942109 0.3173611472 0.0230973644 0.0511960792
0 0.6580774854 0.1494476933 0.0169042398 0.0568551007
0 0.1791243155 0.2776703928 0.0173134532 0.0461026386
0 0.2790052841 0.3909404776 0.0192665635 0.0641089196
0 0.3639156044 0.0728823303 0.0265945252 0.0459757525
0 0.4577688295 0.3910340395 0.0188608410 0.0713416149
0 0.4453475576 0.4300591884 0.0233671171 0.0710710711
0 0.2129181338 0.8116849244 0.0194395540 0.0339071466
0 0.7262228261 0.8917069243 0.0212862319 0.0442834138
0 0.7618055556 0.9740740741 0.0267210145 0.0281803543
0 0.8529922059 0.7913980421 0.0233759843 0.0240594926
0 0.6468735347 0.4678073400 0.0266568241 0.0488480607
0 0.9412802419 0.4427601885 0.0193212366 0.0453172707
0 0.9164178331 0.3541676039 0.0126844863 0.0511698725
0 0.8991523693 0.3366013072 0.0089528867 0.0487170177
0 0.8540219907 0.3647119342 0.0338541667 0.0411522634
0 0.8654513889 0.3958333333 0.0156250000 0.0303497942
0 0.4711163123 0.8715465756 0.0295205696 0.0466801120
0 0.2038724923 0.3872599451 0.0262827932 0.0432956104
0 0.2195148395 0.4173930917 0.0247742778 0.0618298571
0 0.2178507194 0.4666854479 0.0236061151 0.0591684060
0 0.2340297901 0.4843366048 0.0163966049 0.0612997257
0 0.2000382900 0.4156143854 0.0147087191 0.0555846843
0 0.2664561170 0.4925137904 0.0182845745 0.0462962963
0 0.1634438306 0.6368426437 0.0195672192 0.0429711479
0 0.1754719153 0.6544757677 0.0240561694 0.0568147833
0 0.2190300060 0.6932422754 0.0354976803 0.0317836961
0 0.8235807457 0.7615805286 0.0131944444 0.0592592593
0 0.8625408497 0.2221011862 0.0142973856 0.0532558702
0 0.8754765795 0.2351125635 0.0129357298 0.0344952796
0 0.8490944989 0.2423747277 0.0200844227 0.0381263617
0 0.8448632189 0.2720855872 0.0205428297 0.0486890338
0 0.1624028497 0.1057858377 0.0167314335 0.0359815774
0 0.3482956522 0.1793967132 0.0296848014 0.0455766647
0 0.4833258393 0.1415534239 0.0247302158 0.0393018918
0 0.2140334081 0.3417670358 0.0247302158 0.0426325606
0 0.2348431648 0.2999375780 0.0253979401 0.0518102372
0 0.2123292860 0.9060981716 0.0303645926 0.0406792657
0 0.3018830128 0.9490740741 0.0228365385 0.0434472934
0 0.3894230769 0.8457977208 0.0152243590 0.0633903134
0 0.5272435897 0.8636039886 0.0352564103 0.0320512821
0 0.5964856028 0.5903975764 0.0198310031 0.0579563350
0 0.8573808183 0.5379546213 0.0096189940 0.0475475475
0 0.9255992384 0.5027379530 0.0198812724 0.0278773397
0 0.9294316969 0.3664086091 0.0156710914 0.0348246477
0 0.9179261983 0.2916666667 0.0173611111 0.0514403292
0 0.9345213780 0.3052832244 0.0127655229 0.0447833454
0 0.8117525077 0.1890003429 0.0258005401 0.0428669410
0 0.7925704811 0.4812898554 0.0236236666 0.0321791991
0 0.6691649729 0.7335892803 0.0207486450 0.0534477567
0 0.7046434313 0.6608325978 0.0330348809 0.0346098284
0 0.1283882621 0.5943806856 0.0171384162 0.0432738110
0 0.7696053751 0.8324992770 0.0284000815 0.0345114914
0 0.5066446857 0.1680135063 0.0179132047 0.0647895221
0 0.4852709566 0.2059413756 0.0318119736 0.0353466373
0 0.4993252760 0.2425413747 0.0288811746 0.0531148039
0 0.4719930263 0.3750400469 0.0174282950 0.0663049801
0 0.6234659487 0.5049403367 0.0287997359 0.0392166617
0 0.9414828776 0.5885999250 0.0146907024 0.0211421749
0 0.3586058238 0.6063313214 0.0375973162 0.0302369950
0 0.5064712156 0.6633359680 0.0353574375 0.0307874286
0 0.5930823561 0.6943886988 0.0226465416 0.0450476000
0 0.5877654777 0.8259188493 0.0265047995 0.0380363387
0 0.8870628933 0.8435434147 0.0184883915 0.0355697517
0 0.7888391858 0.2026249461 0.0191989603 0.0278441062
0 0.3828885186 0.3385395824 0.0331991738 0.0361351552
0 0.3318250620 0.4501356047 0.0194031274 0.0619332147
0 0.1231553664 0.7006002416 0.0248443826 0.0321220301
0 0.2813490716 0.9642713366 0.0189934330 0.0409621578
0 0.4188419044 0.5046084788 0.0335924753 0.0385691383
0 0.1941512116 0.8227182792 0.0154483192 0.0205753353
0 0.1961243322 0.6536038698 0.0186748888 0.0291071897
0 0.0509279320 0.1860006430 0.0194650032 0.0293793161
0 0.1422896562 0.1676649788 0.0252036894 0.0375685764
0 0.0971796102 0.1896810313 0.0214231360 0.0347250832
0 0.0527096390 0.2190823623 0.0198721397 0.0310199255
0 0.0455605155 0.2423730149 0.0145405901 0.0427385640
0 0.0551534275 0.3439551552 0.0131524484 0.0560288787
0 0.1160339087 0.3151919531 0.0189997043 0.0289519304
0 0.1111288829 0.2333473714 0.0130283687 0.0377753759
0 0.1334632293 0.2397774034 0.0151997635 0.0532164054
0 0.0800701826 0.3654254326 0.0149283391 0.0292965963
0 0.0878251639 0.4123859293 0.0141528410 0.0372239105
0 0.1291638685 0.3811975265 0.0277628333 0.0223343463
0 0.0609203681 0.5406124886 0.0173711583 0.0289519304
0 0.1715267129 0.5162101472 0.0187670549 0.0545950688
0 0.0368361615 0.5785239638 0.0191935789 0.0417045664
0 0.0584047034 0.5060263699 0.0118748152 0.0525615404
0 0.0528308105 0.1553150434 0.0172063649 0.0370515776
0 0.0980035770 0.1425193242 0.0139589665 0.0344665838
0 0.0690968840 0.6656963461 0.0189221545 0.0275732671
0 0.0657234671 0.7556922002 0.0157038373 0.0358452472
0 0.0718547492 0.8612116835 0.0155099627 0.0396365714
0 0.0620398509 0.8131738823 0.0138135606 0.0409290683
0 0.1180211226 0.6268353268 0.0133288742 0.0491148820
0 0.0845171797 0.6126262538 0.0124200873 0.0398519876
0 0.0476204324 0.4546253914 0.0247190031 0.0564390310
0 0.0351397593 0.3469981873 0.0176910512 0.0366207453
0 0.0523461242 0.4770294169 0.0133288742 0.0443757267
0 0.0647540944 0.5705078723 0.0145405901 0.0430832298
0 0.0197509682 0.6403256738 0.0159946491 0.0452373913
0 0.0572899248 0.6103173734 0.0186119553 0.0275732671
0 0.2347093578 0.9417773232 0.0261730621 0.0491148820
0 0.1630407282 0.9324265253 0.0244188853 0.0280585566
0 0.0977854681 0.9370381680 0.0203568261 0.0413599006
0 0.1200418691 0.9413086053 0.0230226009 0.0206799503
0 0.0571203763 0.8637772961 0.0102440202 0.0410819621
0 0.0444205333 0.7293455726 0.0189841944 0.0341908512
0 0.0361091320 0.5120174005 0.0201144829 0.0400674037
0 0.0598441365 0.2494731488 0.0108634261 0.0491289443
0 0.2597834142 0.0511828770 0.0195813279 0.0413599006
0 0.2854029602 0.1713127083 0.0207151062 0.0372680278
0 0.2911450117 0.1883598807 0.0222955714 0.0448065590
0 0.3153301465 0.0489425491 0.0306321764 0.0368792447
0 0.3504589679 0.0258499379 0.0285964938 0.0245574410
0 0.2990104435 0.2784291567 0.0316378870 0.0534370673
0 0.2324493318 0.1772416711 0.0168720657 0.0586854460
0 0.2661849719 0.0173711583 0.0309268657 0.0210108295
0 0.2008451362 0.1259753639 0.0240404422 0.0337772522
0 0.2090341954 0.0629015155 0.0164793354 0.0365345789
0 0.2217628785 0.1539697350 0.0242690528 0.0377044999
0 0.2084943071 0.0923285333 0.0169145450 0.0453172159
0 0.2266673158 0.0646593113 0.0198527523 0.0562494648
0 0.3111985355 0.0990914285 0.0344127298 0.0271424348
0 0.4979340163 0.0269270186 0.0298082096 0.0258499379
0 0.5613352687 0.0336049192 0.0482262904 0.0383440745
0 0.5669336896 0.0585931925 0.0329586708 0.0280040994
0 0.6357358799 0.0792731428 0.0346550730 0.0443757267
0 0.6525558804 0.0400674037 0.0327163276 0.0443757267
0 0.6055389982 0.1081389068 0.0176910512 0.0460990559
0 0.5908286001 0.2003407844 0.0184180807 0.0590240248
0 0.5677558941 0.1033997515 0.0189027671 0.0641940124
0 0.6241275163 0.1757795776 0.0227802578 0.0547157018
0 0.6273991691 0.2312362679 0.0310551651 0.0351932310
0 0.6148220422 0.3472136034 0.0305352391 0.0551465341
0 0.6121130313 0.2663598714 0.0312899733 0.0466724144
0 0.6161035823 0.4109685056 0.0184786665 0.0484686335
0 0.1761866143 0.4604378734 0.0269685476 0.0444576067
0 0.2664913269 0.5560902225 0.0173711583 0.0366724452
0 0.2742849154 0.1486199095 0.0210935493 0.0521134748
0 0.1342956955 0.2564914114 0.0127075501 0.0532059315
0 0.0482204741 0.4050723517 0.0200601980 0.0257775581
0 0.1099759615 0.5299145299 0.0124198718 0.0527065527
0 0.0340899287 0.7952212153 0.0171974467 0.0249993026
0 0.2727841351 0.8410774026 0.0285088183 0.0488381719
0 0.4210101829 0.0374824099 0.0215685419 0.0581623602
0 0.4691173996 0.0245574410 0.0285964938 0.0392057391
0 0.1702460753 0.0437294782 0.0276271211 0.0224032795
0 0.0514979231 0.2901655527 0.0189027671 0.0439448944
0 0.1407677209 0.5109381025 0.0195425530 0.0424628313
0 0.9926817792 0.2087065800 0.0146364416 0.0472054332
0 0.1322285683 0.9632149050 0.0159723607 0.0309218810
0 0.0869333411 0.8811206163 0.0241955419 0.0259188710
0 0.4412012925 0.6516306405 0.0321640203 0.0336215242
0 0.1128349788 0.5886917552 0.0168670845 0.0210246161
0 0.1472165359 0.2944887780 0.0186604239 0.0301582609
0 0.1490053258 0.3102896129 0.0246710526 0.0377680312
0 0.4692252547 0.6875520391 0.0224894460 0.0620398509
0 0.1265232204 0.9043169813 0.0204918521 0.0286235394
0 0.1982915699 0.7483049220 0.0191698040 0.0280219015
0 0.2169156846 0.6359368032 0.0283491157 0.0344927399
0 0.2127830463 0.6661575522 0.0286624111 0.0251468196
0 0.7428314891 0.4632821459 0.0276877069 0.0492656733
0 0.8589430930 0.9586014968 0.0181466564 0.0308820591
0 0.3041789834 0.8645413575 0.0335432103 0.0360504805
0 0.2526919437 0.3857771967 0.0145405901 0.0392057391
0 0.2371497635 0.1373916340 0.0242044756 0.0345596712
0 0.0820474547 0.4740127614 0.0251574077 0.0250727026
0 0.0808016712 0.5044625361 0.0227802578 0.0180949565
0 0.1020216267 0.4394298052 0.0136318032 0.0463144720
0 0.3689545533 0.6629280313 0.0345726763 0.0420750822
0 0.7954861090 0.0430832298 0.0234588186 0.0299859279
0 0.8326135741 0.1142460408 0.0256678251 0.0402059594
0 0.0902883073 0.5490252566 0.0225330206 0.0229089585
0 0.1340904389 0.5509921912 0.0270683592 0.0333958141
0 0.0828676369 0.6878361413 0.0146065599 0.0483187468
0 0.0966066781 0.6932740218 0.0136820941 0.0420734666
0 0.1070901205 0.6711881235 0.0247017267 0.0444400991
0 0.9055589343 0.9367215062 0.0193768036 0.0481215274
0 0.9192726474 0.8424506451 0.0208559489 0.0378661199
0 0.8885922544 0.9396140571 0.0251454703 0.0339217324
0 0.8815322938 0.9242309458 0.0094665300 0.0273477533
0 0.4130448576 0.0798260640 0.0272919756 0.0238529495
0 0.1134942143 0.8202693806 0.0190586422 0.0447242804
0 0.0461221398 0.7803467890 0.0131147853 0.0348339801
0 0.0396364744 0.7468974627 0.0212445175 0.0292397661
0 0.0551587599 0.9037370853 0.0193635805 0.0379478742
0 0.9683687527 0.1225174226 0.0093006174 0.0333399181
0 0.9138610360 0.1236016475 0.0201259262 0.0284609057
0 0.8865690604 0.0963604950 0.0237851855 0.0238529495
0 0.9740863454 0.3269470258 0.0091481483 0.0276477370
0 0.9335002807 0.2373596843 0.0156128397 0.0401163242
0 0.0464969882 0.0784111504 0.0167838027 0.0213375476
0 0.1393628905 0.2016278981 0.0210407410 0.0417426617
0 0.0727277786 0.4002995044 0.0163141977 0.0577349801
0 0.0630459884 0.3736492544 0.0164666669 0.0444532241
0 0.0971644545 0.3994474100 0.0189330600 0.0494363233
