0 0.0950766509 0.0877009085 0.0191627358 0.0585255066
0 0.1120283019 0.0911949686 0.0117924528 0.0428022362
0 0.1124330713 0.1555081740 0.0177954356 0.0447636745
0 0.1248525943 0.1135344536 0.0205385220 0.0333126866
0 0.1542352176 0.0865636254 0.0183080808 0.0364758698
0 0.1474027984 0.1242706364 0.0220783241 0.0241860000
0 0.1870127917 0.1879867478 0.0162146226 0.0462962963
0 0.1670597484 0.1964535290 0.0255503145 0.0349406010
0 0.1719765954 0.1585124368 0.0245609602 0.0394217987
0 0.1696820175 0.1242690058 0.0238878446 0.0480367586
0 0.1777890938 0.0811693984 0.0238410044 0.0242916587
0 0.2174606850 0.1628551214 0.0280070755 0.0296995108
0 0.2002157466 0.2122033702 0.0127751572 0.0349406010
0 0.1662696980 0.2418178928 0.0298611111 0.0290123457
0 0.2362175708 0.2926220737 0.0258205582 0.0362836303
0 0.2130296906 0.3259521885 0.0187450865 0.0534918763
0 0.1962952044 0.3349056604 0.0142492138 0.0497903564
0 0.2809758772 0.2691276803 0.0274122807 0.0438596491
0 0.2778919956 0.3032407407 0.0157620614 0.0365497076
0 0.2561053541 0.3021377127 0.0253734923 0.0524792885
0 0.1224064684 0.4502887017 0.0150767544 0.0402046784
0 0.1152823465 0.4919294765 0.0236019737 0.0362468672
0 0.0710337353 0.7395054884 0.0187799563 0.0431615042
0 0.0492969190 0.7547038825 0.0212445175 0.0292397661
0 0.1355047776 0.2567442913 0.0127075501 0.0532059315
0 0.1490053258 0.3102896129 0.0246710526 0.0377680312
0 0.1884594298 0.5140107212 0.0150767544 0.0560428850
0 0.2188501603 0.4636036478 0.0185032895 0.0621345029
0 0.2347176535 0.4878654971 0.0280975877 0.0280214425
0 0.2457145468 0.6193266732 0.0171235380 0.0527046784
0 0.3114080775 0.5860095841 0.0348227339 0.0489684860
0 0.3044613226 0.4952008242 0.0260416667 0.0633528265
0 0.2408482615 0.4151772294 0.0184289791 0.0642238545
0 0.2657072368 0.4122076023 0.0233004386 0.0633528265
0 0.2641858553 0.4323830409 0.0171326754 0.0438596491
0 0.2054805631 0.5972899245 0.0260820024 0.0435604190
0 0.1603354019 0.6294720252 0.0169917258 0.0604150250
0 0.2585954997 0.7834961221 0.0154626649 0.0588286121
0 0.2350146199 0.7761858350 0.0196454678 0.0438596491
0 0.2039473684 0.7651072125 0.0278691520 0.0324886290
0 0.1386147661 0.7480506823 0.0159904971 0.0487329435
0 0.1694535819 0.8808479532 0.0155336257 0.0462962963
0 0.1880789064 0.9156141833 0.0137061404 0.0479207277
0 0.2049374183 0.9173129830 0.0149183075 0.0498873267
0 0.0922590741 0.8099513184 0.0166255685 0.0500234278
0 0.2956597222 0.7967297084 0.0267361111 0.0398739165
0 0.3195681263 0.7547720031 0.0241905837 0.0644499741
0 0.3391812865 0.8199317739 0.0214729532 0.0430474334
0 0.3725350148 0.8575443345 0.0301535088 0.0324886290
0 0.3688815202 0.9038654072 0.0232052295 0.0555956422
0 0.3785396138 0.9320478385 0.0178179825 0.0504148940
0 0.3042306287 0.8979044834 0.0182748538 0.0446718648
0 0.2814274916 0.9337671968 0.0287518854 0.0201106083
0 0.2260583904 0.9602289240 0.0309574079 0.0316764133
0 0.3243499283 0.9578492075 0.0242141813 0.0503573749
0 0.3366445497 0.8978227726 0.0182269649 0.0672504834
0 0.4417438272 0.7994970279 0.0257201646 0.0445816187
0 0.4899833087 0.9731367170 0.0289351852 0.0537265661
0 0.4857102804 0.8779539922 0.0353756696 0.0405342898
0 0.5425193212 0.8966962034 0.0232946909 0.0629397318
0 0.5491393247 0.9616141740 0.0276807804 0.0380289619
0 0.5908465862 0.9400934065 0.0201194406 0.0395368188
0 0.6101051481 0.9420070452 0.0229366336 0.0567723750
0 0.5872027207 0.8981666626 0.0367056697 0.0276139097
0 0.5709522220 0.7588586374 0.0383631771 0.0365652023
0 0.4437657450 0.4330102177 0.0270061728 0.0823045267
0 0.4671424897 0.4611339735 0.0160751029 0.0582990398
0 0.4271089565 0.5617260743 0.0376026867 0.0560174444
0 0.4105471256 0.6253942237 0.0218621399 0.0516728647
0 0.4515630868 0.6096665658 0.0154320988 0.0651577503
0 0.3822659465 0.6377457705 0.0276491770 0.0388660265
0 0.3807326290 0.5423261581 0.0242857708 0.0606468292
0 0.3375029677 0.4992877493 0.0308641975 0.0491540924
0 0.3340406379 0.5594421582 0.0186471193 0.0491540924
0 0.3563290771 0.4249850515 0.0216525453 0.0545883015
0 0.3261948256 0.4062040342 0.0228111520 0.0386628820
0 0.3140452239 0.4349214855 0.0266869086 0.0273161542
0 0.3057854097 0.3810539678 0.0294386977 0.0553152620
0 0.3481867284 0.2856652949 0.0225051440 0.0548696845
0 0.3661908436 0.2930955647 0.0199331276 0.0582990398
0 0.3311036988 0.3507507715 0.0315072016 0.0285779607
0 0.2958709243 0.3409482607 0.0250771605 0.0480109739
0 0.3118891461 0.3021371918 0.0277134774 0.0307850586
0 0.3724356849 0.1896944179 0.0180041152 0.0582990398
0 0.3954475309 0.1696387746 0.0154320988 0.0651577503
0 0.4198160834 0.1800844054 0.0198123471 0.0627541121
0 0.4135663441 0.2444079882 0.0242047603 0.0592320716
0 0.4285357406 0.3296127918 0.0211661314 0.0627463884
0 0.4412660840 0.3041738012 0.0257931543 0.0556250695
0 0.4288837449 0.4508459076 0.0295781893 0.0491540924
0 0.5086162551 0.3919753086 0.0270061728 0.0594421582
0 0.4963048986 0.3045800430 0.0278012387 0.0652643384
0 0.4715391900 0.3958399574 0.0261545118 0.0740301662
0 0.5151709640 0.5419098409 0.0257708437 0.0448022767
0 0.5265525249 0.6080431638 0.0218621399 0.0553325823
0 0.5619703048 0.6342640333 0.0289351852 0.0480109739
0 0.5761287104 0.6949178330 0.0371719176 0.0434707826
0 0.5491790998 0.6782539214 0.0236941659 0.0595555333
0 0.5909491278 0.7154254416 0.0302211934 0.0411522634
0 0.5979272041 0.6593205009 0.0282921811 0.0628715135
0 0.6176737066 0.6163481053 0.0327932099 0.0445816187
0 0.6260715660 0.7105606363 0.0218621399 0.0571559214
0 0.6276774819 0.6437793538 0.0343820716 0.0480839107
0 0.6648662551 0.6548925469 0.0308641975 0.0388660265
0 0.6717901115 0.7055942253 0.0360082305 0.0422953818
0 0.6618588186 0.7596971546 0.0206065098 0.0507427569
0 0.7083333333 0.8107497742 0.0160907859 0.0526949714
0 0.7290204164 0.7855349408 0.0178138680 0.0646121418
0 0.7656269439 0.8406524966 0.0292204130 0.0424835315
0 0.7865372026 0.8574849975 0.0217919081 0.0394480830
0 0.7988813073 0.8393367961 0.0176474384 0.0466350497
0 0.8132579607 0.8195046673 0.0230436992 0.0427130382
0 0.8356343286 0.8053117590 0.0152439024 0.0579644685
0 0.7814476061 0.7905426549 0.0189137308 0.0589534218
0 0.6443638456 0.9016235547 0.0160907859 0.0511894008
0 0.6613028443 0.4775720887 0.0242285552 0.0587823712
0 0.6546152920 0.4265900609 0.0235946192 0.0627555508
0 0.7060400549 0.4912503422 0.0296064376 0.0535544901
0 0.7134146341 0.5307136405 0.0177845528 0.0602228245
0 0.7642819557 0.5118877568 0.0230648025 0.0482324042
0 0.7344605241 0.5301698521 0.0208673201 0.0407811534
0 0.7953506098 0.5999698886 0.0224424119 0.0557061126
0 0.8160569106 0.6047939878 0.0206639566 0.0548153167
0 0.7822239160 0.5179162903 0.0165142276 0.0496838302
0 0.7990911914 0.4951738907 0.0157860850 0.0584521332
0 0.7837526291 0.4703231423 0.0322749058 0.0485136071
0 0.7642276423 0.4576934658 0.0228658537 0.0587172538
0 0.7465881947 0.4161128113 0.0203167505 0.0520452289
0 0.7636655575 0.3939550126 0.0146743050 0.0602118969
0 0.7786246612 0.4031165312 0.0169376694 0.0579644685
0 0.7932334011 0.4204305932 0.0148204607 0.0669978922
0 0.8111152311 0.4268597866 0.0224424119 0.0361336947
0 0.8233250830 0.4583005507 0.0262533875 0.0368864800
0 0.8349424119 0.4452725083 0.0262533875 0.0504366155
0 0.8247798103 0.5713640470 0.0127032520 0.0511894008
0 0.8364244580 0.5676001204 0.0105860434 0.0436615477
0 0.8468555346 0.5826390105 0.0143970190 0.0504366155
0 0.8633130081 0.5901836796 0.0118563686 0.0602228245
0 0.8667005420 0.6699789220 0.0118563686 0.0511894008
0 0.7375508130 0.7048838824 0.0228658537 0.0489310449
0 0.6945112742 0.6689567712 0.0271002710 0.0376392653
0 0.7419969512 0.6594399277 0.0207486450 0.0557061126
0 0.7704498733 0.7084387329 0.0257924876 0.0550072723
0 0.8008553523 0.7136404697 0.0232892954 0.0511894008
0 0.8274022508 0.7202286511 0.0232892954 0.0489310449
0 0.8050108932 0.7616194626 0.0190631808 0.0320745582
0 0.8336720867 0.7422463114 0.0228658537 0.0466726889
0 0.8823170437 0.7305279243 0.0249830623 0.0316169828
0 0.8580199864 0.7825203252 0.0148204607 0.0624811804
0 0.8710468575 0.8102288353 0.0155031196 0.0461975469
0 0.8876609079 0.8107497742 0.0232892954 0.0436615477
0 0.9115853659 0.8227943391 0.0169376694 0.0451671183
0 0.8575965447 0.9349593496 0.0156673442 0.0346281241
0 0.8798272358 0.6221770551 0.0127032520 0.0564588979
0 0.9001524390 0.6372327612 0.0135501355 0.0564588979
0 0.9158197832 0.6281993375 0.0135501355 0.0474254743
0 0.8163229553 0.5141482930 0.0292174797 0.0278530563
0 0.8445716863 0.5335902535 0.0114329268 0.0436615477
0 0.8548441734 0.5197982535 0.0135501355 0.0564588979
0 0.8628299947 0.5121573396 0.0152439024 0.0436615477
0 0.8678275145 0.4628453403 0.0155306078 0.0499190756
0 0.8717818428 0.5118689150 0.0143970190 0.0421057914
0 0.8927422087 0.5152815417 0.0165142276 0.0519421861
0 0.8825796070 0.5506624511 0.0224424119 0.0248419151
0 0.9077743902 0.5706112617 0.0127032520 0.0421559771
0 0.9147563487 0.5533319050 0.0118563686 0.0398976212
0 0.9330003744 0.5843134400 0.0199641635 0.0358296090
0 0.9331808943 0.6180367359 0.0186314363 0.0331225534
0 0.9510484749 0.6051803437 0.0122549020 0.0363108206
0 0.9621409878 0.5676222612 0.0186314363 0.0248419151
0 0.9401676829 0.5017314062 0.0114329268 0.0504366155
0 0.9579522358 0.4998494429 0.0139735772 0.0496838302
0 0.9316988482 0.5404998494 0.0215955285 0.0286058416
0 0.9234417344 0.4983438723 0.0220189702 0.0286058416
0 0.9103287001 0.5135331371 0.0135501355 0.0459199036
0 0.9123234427 0.4672229136 0.0137808724 0.0326323621
0 0.9073509485 0.4384974405 0.0118563686 0.0429087624
0 0.8928173354 0.4454789172 0.0135501355 0.0414031918
0 0.8806345069 0.4163564463 0.0151646779 0.0483106041
0 0.8955595855 0.3608163656 0.0156673442 0.0459199036
0 0.9024036839 0.3942140578 0.0156673442 0.0511965565
0 0.9153963415 0.3775218308 0.0118563686 0.0504366155
0 0.9303189784 0.3765105484 0.0228658537 0.0271002710
0 0.9321222900 0.4068804577 0.0215955285 0.0293586269
0 0.9281713133 0.4710794208 0.0241361789 0.0203252033
0 0.9477896341 0.4604253480 0.0190548780 0.0240891298
0 0.9477534081 0.4077040990 0.0118563686 0.0481782596
0 0.9610791643 0.4275976174 0.0146059635 0.0464619520
0 0.9782774390 0.4411321891 0.0139735772 0.0451671183
0 0.9882283198 0.4618337850 0.0177845528 0.0444143330
0 0.9911234319 0.5002489048 0.0148409498 0.0358422939
0 0.9725609756 0.3970942487 0.0177845528 0.0398976212
0 0.9676913957 0.3632189100 0.0190548780 0.0323697681
0 0.9530217431 0.3711069996 0.0232892954 0.0263474857
0 0.9350863821 0.3421409214 0.0249830623 0.0308641975
0 0.9119354913 0.3205391707 0.0247062533 0.0424507161
0 0.9348746612 0.3041252635 0.0194783198 0.0421559771
0 0.9563017754 0.3143648545 0.0135501355 0.0436615477
0 0.8708065609 0.3924980088 0.0256633010 0.0442552768
0 0.8342874005 0.3941772057 0.0171714445 0.0475509385
0 0.8329760114 0.3261560232 0.0222734282 0.0446029660
0 0.8189202038 0.3556869938 0.0298616498 0.0381639426
0 0.8036362150 0.3749403536 0.0194783198 0.0301114122
0 0.7364375710 0.2878432458 0.0237127371 0.0587172538
0 0.7158482166 0.3334363046 0.0213862227 0.0586220823
0 0.6977472900 0.3172990063 0.0262533875 0.0474254743
0 0.6690879918 0.2843218740 0.0197995237 0.0592804117
0 0.7093919377 0.2280939476 0.0241361789 0.0557061126
0 0.7693089431 0.2367509786 0.0203252033 0.0459199036
0 0.7930784463 0.1651598795 0.0272988506 0.0587484036
0 0.7694562622 0.1756301071 0.0194517540 0.0542148535
0 0.7856114499 0.2318578741 0.0190548780 0.0391448359
0 0.8019592211 0.2401696622 0.0153344314 0.0601605250
0 0.8196079806 0.1875524369 0.0177845528 0.0427999950
0 0.8406588753 0.1656127672 0.0156673442 0.0526949714
0 0.8213922764 0.2386329419 0.0194783198 0.0376392653
0 0.8513158458 0.2438038223 0.0295124287 0.0385789490
0 0.8593180544 0.1848633046 0.0232338099 0.0415122159
0 0.8635962760 0.2110835955 0.0138304831 0.0542057336
0 0.7656627619 0.2833280446 0.0313346883 0.0255947004
0 0.7563939702 0.2533122553 0.0156673442 0.0323697681
0 0.8567496612 0.2879403794 0.0292174797 0.0368864800
0 0.8787686314 0.3541854863 0.0232892954 0.0323697681
0 0.8628048289 0.3186539325 0.0249830623 0.0271002710
0 0.8556910569 0.3470340259 0.0254065041 0.0346281241
0 0.8788182458 0.3003133054 0.0287940379 0.0278530563
0 0.8855962644 0.2650063857 0.0233477011 0.0383141762
0 0.9098915989 0.2386329419 0.0169376694 0.0511894008
0 0.8986703930 0.2066395664 0.0173611111 0.0444143330
0 0.8844062471 0.2080023674 0.0094734137 0.0501510762
0 0.8944359756 0.1772809395 0.0224424119 0.0248419151
0 0.8810975610 0.1550737730 0.0245596206 0.0225835592
0 0.8602832671 0.1433804557 0.0271002710 0.0331225534
0 0.7413617886 0.1437819934 0.0186314363 0.0587172538
0 0.7128291164 0.1650131348 0.0183072844 0.0388385301
0 0.7033446101 0.0824056614 0.0148204607 0.0602228245
0 0.6886432927 0.1272207167 0.0207486450 0.0421559771
0 0.6285145664 0.1373833183 0.0317581301 0.0474254743
0 0.7530064363 0.0391448359 0.0131266938 0.0451671183
0 0.7252710027 0.0756549232 0.0262533875 0.0293586269
0 0.7212483062 0.0997440530 0.0215955285 0.0308641975
0 0.6805978997 0.0677506775 0.0199017615 0.0481782596
0 0.7705675871 0.1103509571 0.0143970190 0.0466726889
0 0.7790481030 0.3135350798 0.0245596206 0.0308641975
0 0.7776766981 0.3539359744 0.0264555468 0.0419022156
0 0.9170901084 0.2822944896 0.0118563686 0.0436615477
0 0.9204776423 0.1690003011 0.0177845528 0.0383920506
0 0.9390239475 0.2082725094 0.0188016985 0.0351261645
0 0.9628590480 0.2124836706 0.0110094851 0.0398976212
0 0.9609163279 0.2608401084 0.0105860434 0.0504366155
0 0.9497964111 0.2700183149 0.0133475571 0.0350913437
0 0.9276761518 0.2604637157 0.0110094851 0.0376392653
0 0.9295565345 0.2551280154 0.0212308222 0.0360134919
0 0.7771976626 0.8980578139 0.0310213415 0.0285757302
0 0.8167344173 0.9756097561 0.0457317073 0.0391448359
0 0.9035399729 0.8800060223 0.0143970190 0.0466726889
0 0.8618309621 0.8702198133 0.0190548780 0.0346281241
0 0.8819444444 0.8980728696 0.0211720867 0.0255947004
0 0.9780657182 0.8514001807 0.0143970190 0.0346281241
0 0.9905572493 0.8419903643 0.0080453930 0.0398976212
0 0.9547764228 0.9180216802 0.0203252033 0.0218307739
0 0.6729759485 0.3842968985 0.0249830623 0.0459199036
0 0.7006506517 0.4127348701 0.0238341980 0.0575711955
0 0.8154026882 0.3008744012 0.0288962141 0.0355808953
0 0.5788559942 0.8013320338 0.0210160819 0.0601039636
0 0.6761598700 0.9012345679 0.0240100473 0.0413711584
0 0.7459736178 0.9555346726 0.0210631127 0.0326797386
0 0.7147421441 0.9360327448 0.0317861520 0.0285947712
0 0.2331832627 0.8517733836 0.0154484463 0.0604205901
0 0.2094515066 0.8017733836 0.0161252354 0.0483050847
0 0.1593185431 0.7668269747 0.0180967514 0.0486503453
0 0.1804444269 0.7681523331 0.0203168199 0.0501150868
0 0.1119939354 0.8645013593 0.0145656780 0.0470809793
0 0.0537605932 0.9584902699 0.0167725989 0.0510043942
0 0.2069834397 0.7386322753 0.0201227361 0.0312971645
0 0.1679417359 0.7235996791 0.0207450565 0.0588512241
0 0.2022863701 0.5300533584 0.0198622881 0.0525737602
0 0.1356753086 0.6391967781 0.0169020699 0.0510619863
0 0.2026181798 0.4617859385 0.0158898305 0.0572818581
0 0.1905896893 0.3793942247 0.0141242938 0.0478656623
0 0.1604856928 0.4213520750 0.0260416667 0.0362561357
0 0.1414691030 0.4542355610 0.0180967514 0.0439422473
0 0.1679554356 0.3814672672 0.0274018192 0.0444706786
0 0.2502799674 0.2270999310 0.0304836710 0.0272381489
0 0.4022275998 0.1118130064 0.0339749737 0.0510130329
0 0.4462674406 0.1479710643 0.0293401187 0.0431469605
0 0.4634128302 0.2406272798 0.0203871774 0.0558291342
0 0.4383821719 0.2489777914 0.0238645690 0.0626049779
0 0.4891831052 0.2499427393 0.0220035979 0.0631775844
0 0.5307239178 0.1194308715 0.0388418079 0.0376647834
0 0.4884134092 0.0706460472 0.0388418079 0.0353107345
0 0.4942918289 0.1131640115 0.0278072034 0.0502197112
0 0.5061502013 0.1793805138 0.0251998306 0.0522253059
0 0.3495476478 0.1547964703 0.0345472730 0.0325288421
0 0.3236670198 0.1250959462 0.0278072034 0.0439422473
0 0.3441913842 0.0772912743 0.0194209040 0.0541431262
0 0.4507940845 0.0957391215 0.0308442634 0.0625257611
0 0.4674175197 0.6117322695 0.0144919021 0.0388240161
0 0.5314031863 0.4997276688 0.0199142157 0.0544662309
0 0.6355698529 0.5678104575 0.0275735294 0.0490196078
0 0.6368286062 0.7609564571 0.0189650202 0.0461551539
0 0.6884346300 0.5634134084 0.0296818996 0.0627240143
0 0.3760221963 0.0638629283 0.0209306854 0.0553824853
0 0.8072916667 0.1196780893 0.0267718069 0.0337487020
0 0.7929322430 0.0841986847 0.0321261682 0.0406715126
0 0.1682291667 0.5890432099 0.0260416667 0.0459876543
0 0.2836351751 0.6221450327 0.0273134951 0.0505195385
0 0.2044188834 0.3839762335 0.0133463542 0.0538194444
0 0.2271665769 0.3625768088 0.0123697917 0.0532407407
0 0.1361111111 0.7098765432 0.0236111111 0.0333333333
0 0.7520541720 0.8742265087 0.0260810830 0.0292811732
0 0.7507847687 0.5863186557 0.0274337306 0.0389337368
0 0.8953549073 0.5819890580 0.0111448197 0.0459896607
0 0.8535803326 0.3807613421 0.0149495499 0.0467676066
0 0.6836230645 0.4954069664 0.0243283991 0.0570295881
0 0.7497479839 0.3384607726 0.0176411290 0.0248904819
0 0.9324596774 0.4420051772 0.0190412186 0.0248904819
0 0.1576602412 0.9289519759 0.0136217949 0.0320512821
0 0.4102036117 0.4846247745 0.0243671406 0.0586341550
0 0.5056423611 0.7010995370 0.0130208333 0.0424382716
0 0.3310934533 0.3164928026 0.0297254861 0.0333007572
0 0.3960901247 0.3513687240 0.0431146640 0.0404082952
0 0.4997227341 0.4590579603 0.0364498021 0.0465987942
0 0.3391350211 0.7211087670 0.0171413502 0.0427801219
0 0.4304051837 0.7504374453 0.0176345144 0.0678040245
0 0.2822856693 0.9056577201 0.0216049383 0.0253772291
0 0.1441137252 0.8225689097 0.0218413978 0.0497809638
0 0.1824652778 0.6891975309 0.0232638889 0.0438271605
0 0.2085956047 0.6726602947 0.0190412186 0.0537634409
0 0.4597361066 0.3122955819 0.0186258278 0.0735835173
0 0.3177083333 0.1846240180 0.0211489899 0.0381593715
0 0.3676801802 0.1335710711 0.0281531532 0.0519269269
0 0.4245143581 0.1185560561 0.0214667793 0.0419169169
0 0.4133514859 0.3973695273 0.0285050676 0.0362862863
0 0.7107638889 0.7052469136 0.0166666667 0.0672839506
0 0.5298611111 0.9785493827 0.0194444444 0.0410493827
0 0.3850694444 0.1003086420 0.0222222222 0.0475308642
0 0.5593039773 0.6112689394 0.0307765152 0.0326178451
0 0.6167979003 0.8692767571 0.0164041995 0.0575969670
0 0.8890548407 0.3325163399 0.0134037990 0.0388071895
0 0.1444347994 0.6714677641 0.0226658951 0.0252914952
0 0.2846165695 0.7359547755 0.0313755020 0.0345827755
0 0.1858998494 0.4542614904 0.0247866466 0.0429495761
0 0.7601147343 0.6480586867 0.0161030596 0.0465199499
0 0.1397336171 0.0738861555 0.0195155824 0.0295544622
0 0.7509521593 0.1131348874 0.0197613899 0.0381085936
0 0.1899687458 0.2980121261 0.0214341629 0.0647266046
0 0.8218514359 0.5426604810 0.0225613669 0.0325329340
0 0.1977739730 0.8886294177 0.0183053461 0.0251944548
0 0.6584855400 0.1558576287 0.0178744489 0.0575008727
0 0.8238800180 0.2809287555 0.0223260045 0.0367864790
0 0.1710713975 0.3432077473 0.0208065939 0.0561527354
0 0.6603295459 0.5794621735 0.0279239939 0.0435752201
0 0.6919530058 0.6014603992 0.0297214674 0.0355962370
0 0.5417168072 0.8101840998 0.0176992042 0.0556029795
0 0.7312612480 0.8647253016 0.0185156415 0.0506695208
0 0.6740963145 0.8772068009 0.0320960756 0.0371231718
0 0.6304004420 0.9668396704 0.0194386024 0.0503318319
0 0.1786820030 0.2846493531 0.0151570739 0.0538918184
0 0.6745768197 0.4647340001 0.0236197735 0.0424847168
0 0.1776526576 0.6521189013 0.0211753784 0.0399688899
0 0.7257794123 0.8930353213 0.0226727891 0.0469149151
0 0.7693516319 0.9674650749 0.0321344563 0.0326445271
0 0.8759842512 0.2362141044 0.0118924734 0.0281895665
0 0.2286252637 0.2588016534 0.0176345891 0.0500670258
0 0.2209627414 0.4220337911 0.0179262463 0.0526089486
0 0.1310695519 0.5984576683 0.0170299340 0.0483566027
0 0.4847739290 0.2072739215 0.0347602229 0.0450595482
0 0.3546373985 0.6054359341 0.0351826410 0.0326978244
0 0.6732213109 0.7305807972 0.0175200229 0.0361121245
0 0.5993572986 0.8185898861 0.0307222229 0.0308427022
0 0.3508310360 0.3303073786 0.0263845925 0.0264880615
0 0.3382374499 0.4434337656 0.0334131865 0.0594012204
0 0.2793080485 0.9831752161 0.0171758796 0.0295655352
0 0.4392704940 0.5139243942 0.0201278963 0.0438847215
0 0.1928157981 0.8186923358 0.0200798093 0.0162032078
0 0.1980228929 0.6500605198 0.0147092051 0.0389868225
0 0.0501214139 0.1921770548 0.0213261988 0.0258499379
0 0.1443253388 0.1686989763 0.0211323242 0.0472192199
0 0.1012994441 0.1959280997 0.0248159404 0.0248159404
0 0.0529519821 0.2167127847 0.0203568261 0.0262807702
0 0.0463360136 0.2503003292 0.0145405901 0.0427385640
0 0.0533542718 0.3611608739 0.0132765281 0.0463230887
0 0.1160339087 0.3151919531 0.0189997043 0.0289519304
0 0.1131451781 0.2325201734 0.0130283687 0.0377753759
0 0.1449406017 0.2403288687 0.0195425530 0.0416356333
0 0.0906363447 0.3226868686 0.0193874534 0.0451512248
0 0.0839476733 0.3806766722 0.0141528410 0.0372239105
0 0.1291638685 0.3811975265 0.0277628333 0.0223343463
0 0.1156705366 0.5516417954 0.0269873351 0.0184740889
0 0.1726899601 0.5115226918 0.0170609590 0.0612126529
0 0.0360606633 0.5919659315 0.0191935789 0.0417045664
0 0.0608281351 0.5043030408 0.0118748152 0.0525615404
0 0.0528308105 0.1553150434 0.0172063649 0.0370515776
0 0.0980035770 0.1425193242 0.0139589665 0.0344665838
0 0.0699499319 0.6623875540 0.0206282504 0.0341908512
0 0.0752233192 0.7949841058 0.0176425826 0.0379132422
0 0.0718547492 0.8612116835 0.0155099627 0.0396365714
0 0.0598587624 0.8226521929 0.0138135606 0.0409290683
0 0.1226256428 0.6451456995 0.0099360699 0.0486840497
0 0.1096602833 0.6293210054 0.0124200873 0.0398519876
0 0.0461663734 0.4585028821 0.0247190031 0.0564390310
0 0.0410771669 0.3379507090 0.0184180807 0.0383440745
0 0.0533154969 0.4485944852 0.0133288742 0.0443757267
0 0.0653357180 0.5763671915 0.0145405901 0.0430832298
0 0.0323528129 0.6480806552 0.0159946491 0.0452373913
0 0.0490502571 0.5767124541 0.0184180807 0.0389472397
0 0.2617306210 0.8846920438 0.0312622686 0.0323124223
0 0.1465133119 0.9273971614 0.0229299289 0.0285879633
0 0.0994818703 0.9355302549 0.0237496304 0.0383440745
0 0.1313499968 0.9491014723 0.0230226009 0.0206799503
0 0.0530704149 0.8553067884 0.0102440202 0.0410819621
0 0.0451650115 0.7301176241 0.0207213102 0.0242644750
0 0.0407136522 0.5163257235 0.0201144829 0.0400674037
0 0.0598441365 0.2494731488 0.0108634261 0.0491289443
0 0.2628854067 0.0556635329 0.0195813279 0.0413599006
0 0.2835665806 0.1721950529 0.0239908103 0.0344445252
0 0.2802880378 0.1983551900 0.0207445751 0.0372239105
0 0.3145546484 0.0504935453 0.0275301838 0.0413599006
0 0.3836599818 0.0314507578 0.0276271211 0.0305890932
0 0.2358421362 0.1785341680 0.0168720657 0.0586854460
0 0.2506750091 0.0238784493 0.0386198072 0.0212314156
0 0.2062736232 0.1318346832 0.0240404422 0.0337772522
0 0.2078709482 0.0573868621 0.0164793354 0.0365345789
0 0.2084943071 0.0923285333 0.0169145450 0.0453172159
0 0.2266673158 0.0646593113 0.0198527523 0.0562494648
0 0.3027165247 0.0973680993 0.0344127298 0.0271424348
0 0.4979340163 0.0269270186 0.0298082096 0.0258499379
0 0.5654551026 0.0336049192 0.0399866227 0.0383440745
0 0.5819589660 0.0618244348 0.0373208478 0.0292965963
0 0.6357358799 0.0792731428 0.0346550730 0.0443757267
0 0.6504959635 0.0381286584 0.0353821025 0.0336049192
0 0.6055389982 0.1081389068 0.0176910512 0.0460990559
0 0.5901015706 0.2124040888 0.0184180807 0.0590240248
0 0.5648477761 0.1064155776 0.0208415124 0.0616090186
0 0.6204923688 0.1859041366 0.0324739845 0.0491148820
0 0.6569378931 0.2222222222 0.0176886792 0.0462962963
0 0.6143373559 0.3437669450 0.0305352391 0.0551465341
0 0.6241199759 0.2576070135 0.0293841091 0.0366207453
0 0.6161035823 0.4109685056 0.0184786665 0.0484686335
0 0.2736259098 0.5570552868 0.0192323538 0.0341908512
0 0.2708727236 0.1480684442 0.0164405605 0.0631427816
0 0.0343855874 0.3964694923 0.0152210897 0.0200423185
0 0.1099759615 0.5299145299 0.0124198718 0.0527065527
0 0.0323528129 0.8058975843 0.0155099627 0.0318815901
0 0.2658822016 0.8332190215 0.0212191358 0.0480109739
0 0.4263417326 0.0387749068 0.0201144829 0.0590240248
0 0.4691173996 0.0245574410 0.0285964938 0.0392057391
0 0.1770316839 0.0437294782 0.0276271211 0.0224032795
0 0.0512555800 0.2914580496 0.0189027671 0.0439448944
0 0.0920516288 0.4371766294 0.0130283687 0.0303305938
0 0.0897639093 0.5126881639 0.0226833205 0.0413599006
0 0.1396044737 0.5193479490 0.0175262579 0.0454958907
0 0.9926817792 0.2221623343 0.0146364416 0.0472054332
0 0.4337565104 0.6576967593 0.0330946181 0.0308641975
0 0.1619843227 0.2840545582 0.0186604239 0.0301582609
0 0.4729476457 0.6936181579 0.0237302430 0.0581795935
0 0.1361348748 0.8991994394 0.0166862224 0.0340012953
0 0.7473875407 0.4691414652 0.0224530945 0.0492656733
0 0.8645266796 0.9569471008 0.0181466564 0.0308820591
0 0.3040265142 0.8604755138 0.0335432103 0.0360504805
0 0.0849062510 0.4760456832 0.0251574077 0.0250727026
0 0.1048134200 0.4501833794 0.0136318032 0.0463144720
0 0.3640689150 0.6467976701 0.0300747871 0.0506227950
0 0.6040960842 0.5102796586 0.0322316413 0.0387749068
0 0.7954861090 0.0453235577 0.0234588186 0.0255052720
0 0.8350951682 0.1165401366 0.0244766599 0.0232649441
0 0.0877796769 0.5483520812 0.0224383553 0.0192064934
0 0.1348300116 0.5596698437 0.0270683592 0.0333958141
0 0.0813529921 0.6809360928 0.0146065599 0.0483187468
0 0.1023383661 0.6214902289 0.0177497437 0.0318837989
0 0.0840154536 0.5738906754 0.0164185129 0.0423364258
0 0.1012474965 0.5835360176 0.0215955215 0.0341846916
0 0.0674426658 0.5455694473 0.0131348104 0.0403905279
0 0.1055370179 0.6643511852 0.0207080343 0.0439141808
0 0.9055589343 0.9367215062 0.0193768036 0.0481215274
0 0.9281475193 0.8258842177 0.0223350942 0.0236663250
0 0.8885922544 0.9396140571 0.0251454703 0.0339217324
0 0.4130448576 0.0798260640 0.0272919756 0.0238529495
0 0.1150189057 0.8226411227 0.0190586422 0.0447242804
0 0.1176432807 0.7001101474 0.0213456793 0.0386255149
0 0.0475272953 0.7739628723 0.0131147853 0.0348339801
0 0.9683687527 0.1225174226 0.0093006174 0.0333399181
0 0.9138610360 0.1236016475 0.0201259262 0.0284609057
0 0.8850443690 0.0931078200 0.0237851855 0.0238529495
0 0.9740863454 0.3269470258 0.0091481483 0.0276477370
0 0.9335002807 0.2373596843 0.0156128397 0.0401163242
0 0.0520590623 0.0754620585 0.0103435063 0.0213375476
0 0.1393628905 0.2016278981 0.0210407410 0.0417426617
0 0.0676962971 0.4108706979 0.0163141977 0.0577349801
0 0.0630459884 0.3806967168 0.0164666669 0.0368636493
0 0.1004185742 0.4039177158 0.0192288890 0.0583769349
