0 0.0956049926 0.0928139158 0.0181060526 0.0482994920
0 0.1119204203 0.0952462651 0.0117924528 0.0428022362
0 0.1126434894 0.1494801615 0.0199887932 0.0493600060
0 0.1265134660 0.1001585324 0.0190501824 0.0299651208
0 0.1492892127 0.0943828131 0.0183080808 0.0364758698
0 0.1373915336 0.1240130857 0.0216514270 0.0291988147
0 0.1887896782 0.1798360228 0.0142116884 0.0419310500
0 0.1661044153 0.2061025960 0.0186723463 0.0520476180
0 0.1699061520 0.1621031919 0.0198477291 0.0322402884
0 0.2852249469 0.2524152113 0.0346358904 0.0323218315
0 0.2760879423 0.2984630888 0.0177207563 0.0469484663
0 0.2547459527 0.2846893018 0.0200617583 0.0622935098
0 0.1207941729 0.4456070732 0.0150767544 0.0402046784
0 0.1308038519 0.4843416133 0.0146807058 0.0442580335
0 0.0817858228 0.7280716422 0.0183504875 0.0337853075
0 0.1873138135 0.5145362029 0.0160071712 0.0569010472
0 0.2504339017 0.6202271859 0.0306506673 0.0357961054
0 0.2967890986 0.5491417884 0.0260846406 0.0548282980
0 0.2381675017 0.4158580573 0.0184289791 0.0642238545
0 0.2657538730 0.4333611999 0.0160091969 0.0554136141
0 0.2582363043 0.7866889701 0.0154626649 0.0588286121
0 0.1349676514 0.7599389774 0.0194430895 0.0311297890
0 0.1694535819 0.8746057560 0.0155336257 0.0462962963
0 0.1883522110 0.8945612415 0.0161274989 0.0493112898
0 0.0791750878 0.7842858662 0.0109142781 0.0354168716
0 0.2764543497 0.7288022818 0.0314402377 0.0643574021
0 0.3185590355 0.7064731692 0.0188355948 0.0708320699
0 0.3391812865 0.8231806368 0.0214729532 0.0430474334
0 0.3538563663 0.8655659857 0.0301535088 0.0324886290
0 0.3803500715 0.9115401648 0.0195848093 0.0562306613
0 0.3012216423 0.9021060621 0.0132876476 0.0420684785
0 0.2802789548 0.9402071563 0.0198622881 0.0553201507
0 0.2144676691 0.9592303942 0.0307818352 0.0298238313
0 0.3261289889 0.9540203395 0.0242141813 0.0503573749
0 0.3373827624 0.8979446400 0.0180149098 0.0622736905
0 0.4501774267 0.8022548815 0.0195169414 0.0507608922
0 0.5372309982 0.9632251462 0.0425251832 0.0340706681
0 0.5866529304 0.9367623118 0.0246108059 0.0513838014
0 0.6194482966 0.9105135691 0.0223978076 0.0499537329
0 0.6078612334 0.7964583296 0.0302711229 0.0358989697
0 0.4676629363 0.4393511261 0.0176917392 0.0644058043
0 0.4526864793 0.5315741071 0.0340544872 0.0356125356
0 0.4092131541 0.6062093857 0.0205159994 0.0713931304
0 0.4726291779 0.5902275256 0.0252891243 0.0617980234
0 0.3546853166 0.6429064148 0.0377046144 0.0385349793
0 0.3789385303 0.5430000345 0.0295003904 0.0494846804
0 0.3604269070 0.4809606957 0.0327093349 0.0497720307
0 0.3379096579 0.5600894691 0.0252147474 0.0514890803
0 0.3563290771 0.4282453541 0.0216525453 0.0545883015
0 0.2585840265 0.4718413937 0.0255047251 0.0338869798
0 0.3031708654 0.3825129471 0.0247710786 0.0603823479
0 0.3665988024 0.2949259332 0.0212867058 0.0543557529
0 0.3334508603 0.3469748556 0.0318621207 0.0291897705
0 0.3012710552 0.3175215639 0.0286918626 0.0464954350
0 0.3139092883 0.2955012668 0.0270644944 0.0450921839
0 0.3745315839 0.2030363766 0.0277817742 0.0581800568
0 0.4090547272 0.1510878217 0.0155685630 0.0620305871
0 0.4247952482 0.1528569657 0.0169907312 0.0588914570
0 0.4295865190 0.2174564270 0.0260416667 0.0592320261
0 0.4246588028 0.4377512849 0.0284426714 0.0564749146
0 0.4857042380 0.4075863230 0.0297598257 0.0322548423
0 0.5028169742 0.2866208930 0.0160963424 0.0670405983
0 0.5225122760 0.6028381976 0.0160865592 0.0634594073
0 0.6062557234 0.7088420838 0.0306204212 0.0330687831
0 0.5836123205 0.6369016410 0.0277619492 0.0373078292
0 0.6178043735 0.6098478436 0.0255023641 0.0383290041
0 0.6111322335 0.7482887335 0.0274120611 0.0423414712
0 0.6639775414 0.6560228565 0.0321217494 0.0404407747
0 0.6358867623 0.6837249679 0.0235764432 0.0488050181
0 0.6524360139 0.8035911850 0.0298407054 0.0359098844
0 0.6936714841 0.8510495598 0.0235507246 0.0426731079
0 0.7321220654 0.7664182218 0.0233907186 0.0604346862
0 0.7847794384 0.8456272913 0.0242084267 0.0405839785
0 0.8207722685 0.8256053156 0.0197997453 0.0435717424
0 0.8408611913 0.7790303099 0.0194219835 0.0584355546
0 0.7820134842 0.7921888564 0.0176230062 0.0579391925
0 0.6388482625 0.9125077952 0.0261483429 0.0438000423
0 0.6910844503 0.4356968846 0.0214666820 0.0636795821
0 0.6498195895 0.4221233225 0.0268725723 0.0567487775
0 0.7415483533 0.4834385473 0.0302895981 0.0282374573
0 0.7279246795 0.5277430132 0.0244162088 0.0594915887
0 0.7529155344 0.5664821524 0.0198143116 0.0349369297
0 0.7646706832 0.4971014044 0.0212426670 0.0481064924
0 0.7931257366 0.6050317571 0.0272560449 0.0479754366
0 0.7881727431 0.5674651100 0.0291232639 0.0379092861
0 0.7822239160 0.5179162903 0.0165142276 0.0496838302
0 0.7736940938 0.4512139691 0.0230107066 0.0424138957
0 0.7434805559 0.4100220064 0.0221285239 0.0540537654
0 0.7632168109 0.3993407649 0.0155717983 0.0521921494
0 0.7810031596 0.3970241434 0.0123420221 0.0457796929
0 0.8381112549 0.4637071136 0.0275933612 0.0240848910
0 0.8362209858 0.4353338393 0.0284668699 0.0406766073
0 0.8266662821 0.5613607144 0.0133892826 0.0428549920
0 0.8341815349 0.5704419582 0.0118293474 0.0435807039
0 0.8471659265 0.5844203031 0.0143970190 0.0504366155
0 0.8683767718 0.5903980999 0.0150529865 0.0540569471
0 0.8650813710 0.6699789220 0.0118563686 0.0511894008
0 0.7352031741 0.7007177083 0.0190949642 0.0551760457
0 0.6990637401 0.5918104549 0.0155629960 0.0402293140
0 0.7421801018 0.6552879990 0.0213596625 0.0551647427
0 0.7681634008 0.7202112224 0.0207486450 0.0609756098
0 0.8013888889 0.7156278229 0.0222222222 0.0551641072
0 0.8043520820 0.7770912760 0.0218732638 0.0378267802
0 0.8843274069 0.7355842728 0.0210433489 0.0406424781
0 0.8747793815 0.8194430578 0.0118930446 0.0474408856
0 0.8903588808 0.8095431198 0.0190085158 0.0405515004
0 0.9121053866 0.8173287545 0.0162930508 0.0457639373
0 0.8582147696 0.9320009033 0.0169037940 0.0405450166
0 0.8773057273 0.6222845590 0.0119410569 0.0554055141
0 0.9009658264 0.6373052308 0.0119233608 0.0566038372
0 0.9069900416 0.5998583980 0.0208864392 0.0323659361
0 0.8231528567 0.5067794773 0.0284851746 0.0370121287
0 0.8445890142 0.5313410171 0.0125181368 0.0524441540
0 0.8547923064 0.4835968165 0.0096913520 0.0392386962
0 0.8677143664 0.4662258130 0.0157569040 0.0565912523
0 0.8751092376 0.5250239188 0.0188555595 0.0449418316
0 0.8932079946 0.5113661566 0.0155826558 0.0515635396
0 0.8815112661 0.5489983652 0.0249430564 0.0243176262
0 0.9070267312 0.5689927733 0.0141985702 0.0453929539
0 0.9271769345 0.5587831139 0.0192815967 0.0372413291
0 0.9443341041 0.5218186767 0.0141191462 0.0369302271
0 0.9305675012 0.6184743034 0.0156245464 0.0323897991
0 0.9470722569 0.6194032493 0.0137739565 0.0237395973
0 0.9624825016 0.5669825662 0.0197521605 0.0251658601
0 0.9586953722 0.5025211314 0.0117269637 0.0482686238
0 0.9207706532 0.5395985768 0.0201512897 0.0370456291
0 0.9088939821 0.5135649101 0.0113305328 0.0478260882
0 0.9051819715 0.4482769968 0.0108166126 0.0365227155
0 0.8916442095 0.4522295928 0.0176375069 0.0523309379
0 0.8777808007 0.4134277729 0.0143698561 0.0372618183
0 0.9016166834 0.3997988818 0.0149530083 0.0613423146
0 0.9326598872 0.4041501062 0.0183455680 0.0360560486
0 0.9239583610 0.4708169576 0.0236007300 0.0236508145
0 0.9574540043 0.4559082892 0.0128517316 0.0236491903
0 0.9413284497 0.3734191494 0.0139204816 0.0552300033
0 0.9606481481 0.4264403292 0.0179398148 0.0246913580
0 0.9782774390 0.4411321891 0.0139735772 0.0451671183
0 0.9885477728 0.4515610086 0.0130208333 0.0385802469
0 0.9911234319 0.5002489048 0.0148409498 0.0358422939
0 0.9745206576 0.4013750530 0.0173636391 0.0324383053
0 0.9661953644 0.3690416934 0.0172361368 0.0329687599
0 0.9383470686 0.3275265684 0.0214453300 0.0233788807
0 0.9541232129 0.2954034851 0.0128836988 0.0379439018
0 0.8314634157 0.3895148541 0.0184967796 0.0471073096
0 0.8040360434 0.3292779071 0.0260416667 0.0366300366
0 0.8048527783 0.3760620112 0.0216123862 0.0379925743
0 0.7489408894 0.3081275720 0.0320252974 0.0339506173
0 0.7266426988 0.2846306739 0.0219814334 0.0493487636
0 0.6967252179 0.3097611801 0.0278458606 0.0368562407
0 0.7086805556 0.2213653016 0.0178240741 0.0562405902
0 0.7693089431 0.2367509786 0.0203252033 0.0459199036
0 0.7748454439 0.1465742061 0.0301587302 0.0705246914
0 0.7654222804 0.1810637983 0.0169556720 0.0534856213
0 0.7856114499 0.2318578741 0.0190548780 0.0391448359
0 0.8019592211 0.2401696622 0.0153344314 0.0601605250
0 0.8406235885 0.1595089331 0.0180527326 0.0330096357
0 0.8165454805 0.2527697934 0.0198717149 0.0293491107
0 0.8740725240 0.1822369348 0.0191437252 0.0221752217
0 0.7575522079 0.2562422138 0.0179838195 0.0382296851
0 0.8794621101 0.2704659691 0.0239705166 0.0244710328
0 0.9098915989 0.2386329419 0.0169376694 0.0511894008
0 0.8871581587 0.2266349661 0.0188992446 0.0445658256
0 0.8969354581 0.1834673709 0.0213014717 0.0260693733
0 0.8809752334 0.1545347996 0.0247972185 0.0228041671
0 0.7413617886 0.1437819934 0.0186314363 0.0587172538
0 0.7136934345 0.1541986908 0.0188901371 0.0547108247
0 0.7025399099 0.0837582350 0.0145108234 0.0603807822
0 0.6972446237 0.1375945838 0.0240815412 0.0363401035
0 0.6308486961 0.1345101877 0.0335328710 0.0596833283
0 0.7538160403 0.0283968330 0.0145765251 0.0432063340
0 0.7192028598 0.1054763150 0.0249919769 0.0287484746
0 0.7786489043 0.3036921497 0.0216280592 0.0514395866
0 0.7796062762 0.3485911987 0.0207024513 0.0458030122
0 0.9168198529 0.1615377633 0.0205269608 0.0256899056
0 0.9461947112 0.2306476777 0.0204734079 0.0365492734
0 0.9324642397 0.1847897858 0.0205886497 0.0237846573
0 0.9505086211 0.2094856242 0.0207980280 0.0411808697
0 0.9412725619 0.2593118336 0.0167862437 0.0308538640
0 0.7768213997 0.8960088044 0.0168437243 0.0474822770
0 0.8298138216 0.9747538929 0.0248952832 0.0331902408
0 0.9035399729 0.8800060223 0.0143970190 0.0466726889
0 0.8564953635 0.8777152055 0.0205685659 0.0422903868
0 0.9905572493 0.8419903643 0.0080453930 0.0398976212
0 0.6740328988 0.3850232187 0.0270969629 0.0473725440
0 0.7098451244 0.4383883547 0.0142618313 0.0604709648
0 0.8156497271 0.3041732294 0.0243157016 0.0341559160
0 0.5670475803 0.7901058098 0.0196098785 0.0542967976
0 0.6980950543 0.9076725518 0.0281326034 0.0351446337
0 0.7298166233 0.9345570630 0.0227385483 0.0425667857
0 0.6981025324 0.9498492346 0.0224300487 0.0347790956
0 0.2355259941 0.8530222924 0.0201339092 0.0578964366
0 0.1137290253 0.8846022918 0.0145291290 0.0427612284
0 0.0548733763 0.9532430467 0.0146591476 0.0452935176
0 0.1736782392 0.7334624567 0.0172268549 0.0644141179
0 0.2032771018 0.5329386308 0.0149612832 0.0583443050
0 0.1553268396 0.4170313142 0.0151387543 0.0577801347
0 0.1394883359 0.4261521306 0.0151357108 0.0562137967
0 0.1730439768 0.3819341523 0.0167828461 0.0506589950
0 0.2326221955 0.2558304431 0.0165264423 0.0581396835
0 0.3906621534 0.1225427533 0.0188415307 0.0526218987
0 0.4534118147 0.1414640320 0.0293409005 0.0385073612
0 0.4555376838 0.1999945596 0.0225949755 0.0556263740
0 0.4393787606 0.2667774960 0.0288711553 0.0660403050
0 0.4740912990 0.2182861883 0.0262125071 0.0510875774
0 0.5273590202 0.1162926089 0.0361664967 0.0328014925
0 0.5061929934 0.0665192556 0.0173611111 0.0640316934
0 0.3305188634 0.1343712311 0.0295683177 0.0344865510
0 0.3437240879 0.0814906947 0.0246165008 0.0635710337
0 0.4440515550 0.6401743075 0.0336392805 0.0364314901
0 0.5293133677 0.5033425171 0.0225776442 0.0512916846
0 0.6413140457 0.5765038088 0.0178526778 0.0516154452
0 0.6390127566 0.7547248209 0.0198759467 0.0582713638
0 0.7039967775 0.5368703844 0.0187174479 0.0585937500
0 0.7996746078 0.1275577595 0.0369728655 0.0397468316
0 0.7740439386 0.0680271621 0.0283465146 0.0361100277
0 0.2848774534 0.6196360913 0.0304920863 0.0527506095
0 0.7552996288 0.6184209140 0.0160476013 0.0541518900
0 0.8898822743 0.5934131009 0.0132514601 0.0453349581
0 0.6597336620 0.5072086585 0.0333074508 0.0319429210
0 0.7502042484 0.3391152459 0.0204248366 0.0261994284
0 0.3851906845 0.4358637474 0.0388978587 0.0463115141
0 0.5085374733 0.7233024686 0.0220225712 0.0835366757
0 0.4152496936 0.3350631275 0.0392922794 0.0391602374
0 0.5080160961 0.4744986376 0.0181720267 0.0458356492
0 0.3403746212 0.7288230191 0.0259461762 0.0390311564
0 0.4335751847 0.7252051411 0.0214554222 0.0573299816
0 0.1325267078 0.8061535939 0.0282739104 0.0429058599
0 0.3252939403 0.1948261150 0.0226657958 0.0513880751
0 0.3861136112 0.1751444435 0.0331210363 0.0485502506
0 0.4221549203 0.3963411467 0.0351925725 0.0358782259
0 0.7097148670 0.7090109824 0.0206260639 0.0609583143
0 0.5128459305 0.9159527199 0.0188365272 0.0667446746
0 0.3758428624 0.0934220922 0.0252925690 0.0320699861
0 0.6157301547 0.8743914985 0.0214332091 0.0563961658
0 0.8892846201 0.3331101731 0.0129442402 0.0376195231
0 0.7632220962 0.6734294477 0.0223437298 0.0285295793
0 0.3470038483 0.2917033070 0.0258180371 0.0411851176
0 0.1894696159 0.3017308344 0.0220941742 0.0490283364
0 0.2413775679 0.7636849515 0.0237155878 0.0521184838
0 0.5016101444 0.5050158337 0.0201339486 0.0683679001
0 0.8202981681 0.5435154098 0.0192090530 0.0305118729
0 0.6952576046 0.2852870335 0.0279868132 0.0281522331
0 0.7496722028 0.1107226107 0.0229458042 0.0349650350
0 0.4097732756 0.2948100932 0.0310365652 0.0274739851
0 0.6256149449 0.9678311090 0.0146848403 0.0500287772
0 0.6685295012 0.8865909705 0.0254714112 0.0540686672
0 0.6609254290 0.5907096393 0.0258699634 0.0309032017
0 0.8205984323 0.2806518231 0.0244309889 0.0352683006
0 0.9001253858 0.2074331276 0.0202546296 0.0342935528
0 0.5429212838 0.8146359776 0.0155667461 0.0566957025
0 0.5409672233 0.9064079718 0.0282485492 0.0649526958
0 0.8377269132 0.3061735253 0.0232656185 0.0430868810
0 0.6637015716 0.1521767381 0.0225968567 0.0660168941
0 0.1881805006 0.2719200394 0.0286281580 0.0401740825
0 0.2804144736 0.3725509436 0.0173368846 0.0611167055
0 0.3599877451 0.0945669935 0.0222120098 0.0599128540
0 0.4654234854 0.3712950958 0.0302542892 0.0585511983
0 0.4456037854 0.4371228401 0.0206175465 0.0743890860
0 0.2156351964 0.8354970816 0.0235990234 0.0486014636
0 0.7308075413 0.8944414891 0.0268213573 0.0382568197
0 0.7511261185 0.9733455130 0.0250315410 0.0382499590
0 0.8557028511 0.7926183934 0.0182481752 0.0452825088
0 0.6358012482 0.4661314268 0.0270086146 0.0356383810
0 0.9413992496 0.4288558912 0.0135028642 0.0428614098
0 0.9149615575 0.3474039276 0.0127108135 0.0490647095
0 0.9006752796 0.3296657047 0.0133815837 0.0436507937
0 0.8690476190 0.3936755117 0.0228174603 0.0346654374
0 0.2056582628 0.3979351562 0.0211004274 0.0531912789
0 0.2197056565 0.4110079011 0.0211875157 0.0561819831
0 0.2178507194 0.4666854479 0.0236061151 0.0591684060
0 0.1634438306 0.6368426437 0.0195672192 0.0429711479
0 0.1722942000 0.6552566616 0.0276542470 0.0456712753
0 0.2341316185 0.6890994486 0.0260499032 0.0316945650
0 0.8178630473 0.7740282575 0.0188533840 0.0644790974
0 0.8788574275 0.2380636140 0.0129357298 0.0344952796
0 0.8532128997 0.2589955735 0.0208807481 0.0522616454
0 0.8303468089 0.2432576426 0.0175471230 0.0381760729
0 0.1599441803 0.1352625671 0.0152675603 0.0451885655
0 0.3542762899 0.2250183430 0.0182540723 0.0584394519
0 0.1993687433 0.3584925986 0.0287419360 0.0265705543
0 0.2184715850 0.3074824176 0.0329992777 0.0328136913
0 0.3212705475 0.9859972312 0.0296554065 0.0280055376
0 0.4144630426 0.7767043518 0.0240970832 0.0513077921
0 0.4724744465 0.8384967769 0.0320428652 0.0423796655
0 0.5964197090 0.5873125590 0.0158321188 0.0435086001
0 0.8588033775 0.5435867694 0.0103556727 0.0482926666
0 0.9236964484 0.4990476936 0.0198812724 0.0278773397
0 0.9239308614 0.3610994286 0.0142865456 0.0476285785
0 0.9191919192 0.2923681257 0.0214646465 0.0370370370
0 0.9353445608 0.2946444290 0.0131492622 0.0380961026
0 0.8119781941 0.1799732375 0.0239339869 0.0431797695
0 0.7947607237 0.4615295305 0.0287644925 0.0463695752
0 0.6640034081 0.7525008836 0.0201935345 0.0561611298
0 0.1687632076 0.3530655014 0.0245745305 0.0410798122
0 0.1326721294 0.6025987376 0.0153442588 0.0512127813
0 0.2209094419 0.7469499367 0.0225420545 0.0314453871
0 0.7480828103 0.8695085385 0.0229712230 0.0273592096
0 0.7599469529 0.8383943810 0.0265690860 0.0321461072
0 0.8409507889 0.7386324911 0.0224635016 0.0420797970
0 0.5031073325 0.1793763571 0.0178062678 0.0688509022
0 0.2202668600 0.5650373651 0.0190882732 0.0390086304
0 0.9312659921 0.5891687657 0.0191648629 0.0280583614
0 0.8753644907 0.3195380033 0.0217803030 0.0409652076
0 0.8883073777 0.2952221363 0.0258838384 0.0246913580
0 0.9522357724 0.3789521229 0.0152439024 0.0397470641
0 0.6292972505 0.5060487083 0.0261695231 0.0313758134
0 0.4978344338 0.2410643880 0.0291473088 0.0410884710
0 0.1348686415 0.7112293908 0.0140224359 0.0420227920
0 0.1520691662 0.7185377466 0.0180288462 0.0413105413
0 0.1604567308 0.7581908832 0.0164262821 0.0349002849
0 0.3609262115 0.6030514442 0.0430610236 0.0349956255
0 0.5948525485 0.6923413926 0.0300824264 0.0258990208
0 0.7903211806 0.2061287478 0.0244915675 0.0220458554
0 0.8492463425 0.1938632045 0.0266203704 0.0360082305
0 0.4461043471 0.3587411984 0.0304711513 0.0359245502
0 0.3277595230 0.4933807626 0.0193643162 0.0783475783
0 0.7324651756 0.6213668418 0.0162673318 0.0406812160
0 0.8895815604 0.8405647824 0.0216697080 0.0405515004
0 0.7977421120 0.5163781535 0.0218731129 0.0562130972
0 0.9239004630 0.2595164609 0.0162037037 0.0344650206
0 0.8687453677 0.2066469021 0.0202546296 0.0329218107
0 0.6525242208 0.2736255138 0.0224187174 0.0572112300
0 0.8588639019 0.3229923849 0.0194704050 0.0437002423
0 0.8454748377 0.3811928812 0.0263798701 0.0493025493
0 0.4851456881 0.2143734923 0.0129560531 0.0400773908
0 0.4060352234 0.3749045437 0.0362435567 0.0405689194
0 0.1920021186 0.8272128060 0.0167725989 0.0294256121
0 0.2215748588 0.8976381042 0.0295727401 0.0235404896
0 0.5437271062 0.6732295482 0.0165979853 0.0778388278
0 0.4568738553 0.8688441188 0.0203182234 0.0498575499
0 0.9398674242 0.4903799904 0.0092442280 0.0404842072
0 0.3202614379 0.6021544420 0.0360838780 0.0338900992
0 0.4218294925 0.4977423352 0.0217608447 0.0526382547
0 0.1913182947 0.6555511565 0.0223431201 0.0465695684
0 0.0465851424 0.1884270905 0.0194650032 0.0293793161
0 0.1465548960 0.1623226583 0.0182242062 0.0489425491
0 0.0953620365 0.1842956276 0.0177879885 0.0368792447
0 0.0527096390 0.2190823623 0.0198721397 0.0310199255
0 0.0463360136 0.2423730149 0.0180303317 0.0227479453
0 0.0537265109 0.3371169850 0.0160062815 0.0529406728
0 0.1160339087 0.3151919531 0.0189997043 0.0289519304
0 0.1063207945 0.2347260348 0.0130283687 0.0377753759
0 0.0995739607 0.2829295663 0.0209384497 0.0358452472
0 0.0564174894 0.4205719667 0.0160915863 0.0361899130
0 0.0833660497 0.4323765479 0.0141528410 0.0372239105
0 0.1285434699 0.3696167543 0.0277628333 0.0223343463
0 0.0399819184 0.5237927956 0.0142691657 0.0317092571
0 0.1698981668 0.5146936175 0.0220241471 0.0515620094
0 0.0388718441 0.5723199787 0.0155099627 0.0396365714
0 0.0577988455 0.4913780718 0.0159946491 0.0379132422
0 0.0528308105 0.1553150434 0.0172063649 0.0370515776
0 0.0980035770 0.1425193242 0.0139589665 0.0344665838
0 0.0659948914 0.6656963461 0.0189221545 0.0275732671
0 0.0616521018 0.7336335866 0.0157038373 0.0358452472
0 0.0705218618 0.8528104537 0.0172063649 0.0383440745
0 0.0584047034 0.8183438699 0.0138135606 0.0409290683
0 0.1164458920 0.6240349169 0.0169640217 0.0486840497
0 0.0633121525 0.6088564712 0.0124200873 0.0398519876
0 0.0559812717 0.4681966088 0.0273847779 0.0361899130
0 0.0317469550 0.3534606717 0.0176910512 0.0366207453
0 0.0513767515 0.5033101870 0.0133288742 0.0443757267
0 0.0618459764 0.5518959170 0.0145405901 0.0430832298
0 0.0101784130 0.6054282577 0.0133288742 0.0452373913
0 0.2078092662 0.9368227518 0.0300505528 0.0280040994
0 0.1731123820 0.9384739087 0.0336277163 0.0206823369
0 0.0977854681 0.9370381680 0.0203568261 0.0413599006
0 0.1129901715 0.9350404296 0.0165426626 0.0307316194
0 0.0535468809 0.8508597719 0.0126263505 0.0457407413
0 0.0440482941 0.7280220558 0.0182397162 0.0368378848
0 0.0370785046 0.5066319967 0.0220532283 0.0292965963
0 0.0652758495 0.2313462624 0.0095293211 0.0413360773
0 0.0659173416 0.2399330251 0.0231098445 0.0306063264
0 0.2597834142 0.0511828770 0.0195813279 0.0413599006
0 0.2847577457 0.1546363964 0.0184320397 0.0413268127
0 0.3010326130 0.1697479254 0.0222955714 0.0448065590
0 0.3201770099 0.0458405565 0.0306321764 0.0368792447
0 0.3302233134 0.0241266087 0.0249613463 0.0374824099
0 0.3929038144 0.2512178134 0.0344279248 0.0472279440
0 0.2297835570 0.1931824661 0.0168720657 0.0586854460
0 0.2777864240 0.0138142068 0.0265840761 0.0276284136
0 0.2060797486 0.1304560198 0.0240404422 0.0337772522
0 0.2090341954 0.0629015155 0.0164793354 0.0365345789
0 0.2200664763 0.1563393126 0.0208762484 0.0329653447
0 0.2084943071 0.0923285333 0.0169145450 0.0453172159
0 0.2266673158 0.0646593113 0.0198527523 0.0562494648
0 0.3111985355 0.0990914285 0.0344127298 0.0271424348
0 0.4858168579 0.0295120124 0.0298082096 0.0258499379
0 0.4752435322 0.0920965468 0.0344796309 0.0413423866
0 0.4409786133 0.0943386775 0.0235224832 0.0566828763
0 0.5541861453 0.0370515776 0.0358667888 0.0452373913
0 0.6398557138 0.0857356273 0.0346550730 0.0443757267
0 0.6424986390 0.0370515776 0.0242343168 0.0504073789
0 0.6055389982 0.1021072546 0.0176910512 0.0460990559
0 0.5898592274 0.1887083124 0.0184180807 0.0590240248
0 0.5677558941 0.1033997515 0.0189027671 0.0641940124
0 0.6226734573 0.1757795776 0.0227802578 0.0547157018
0 0.5965870771 0.2832890815 0.0228348849 0.0648510370
0 0.6167607876 0.3510910941 0.0329586708 0.0516998758
0 0.6103977535 0.2685057333 0.0312899733 0.0466724144
0 0.6161035823 0.4109685056 0.0184786665 0.0484686335
0 0.1757243814 0.4629622814 0.0260440818 0.0444576067
0 0.2638546333 0.5569174205 0.0173711583 0.0366724452
0 0.2742849154 0.1486199095 0.0210935493 0.0521134748
0 0.1455249085 0.2535134985 0.0242469624 0.0463677613
0 0.0523151043 0.4076090922 0.0175786040 0.0334980728
0 0.1099759615 0.5299145299 0.0124198718 0.0527065527
0 0.1670701291 0.5844418362 0.0260416667 0.0462962963
0 0.0280348393 0.7832213295 0.0207709421 0.0129994168
0 0.2665801500 0.8402502046 0.0303700138 0.0372573998
0 0.4190714376 0.0439448944 0.0215685419 0.0581623602
0 0.4553038391 0.0288657640 0.0242343168 0.0400674037
0 0.1702460753 0.0437294782 0.0276271211 0.0224032795
0 0.0514979231 0.2901655527 0.0189027671 0.0439448944
0 0.1390616250 0.5109381025 0.0195425530 0.0424628313
0 0.9948531740 0.2199564729 0.0102936521 0.0472054332
0 0.1101840722 0.9702171913 0.0159723607 0.0309218810
0 0.1002719090 0.8681611808 0.0241955419 0.0259188710
0 0.4373238018 0.6554908979 0.0321640203 0.0336215242
0 0.1065340565 0.5909320831 0.0186119553 0.0227479453
0 0.1388307903 0.3117895986 0.0237776788 0.0347680597
0 0.4692252547 0.6875520391 0.0224894460 0.0620398509
0 0.1384768986 0.9456771903 0.0325681684 0.0281439653
0 0.1969257006 0.7448037788 0.0172004110 0.0259889797
0 0.2169156846 0.6377290656 0.0283491157 0.0309082152
0 0.2127830463 0.6661575522 0.0286624111 0.0251468196
0 0.7414743674 0.4524251720 0.0265244597 0.0344450422
0 0.8572369971 0.9586014968 0.0181466564 0.0308820591
0 0.3053225019 0.8611531544 0.0358302473 0.0428268866
0 0.2531386307 0.3736890764 0.0148383813 0.0453821509
0 0.5554097036 0.6331719966 0.0217691013 0.0522482945
0 0.5492206938 0.6441578032 0.0261008201 0.0591968938
0 0.8008396187 0.8353585177 0.0238251989 0.0561227969
0 0.2399132666 0.1307846380 0.0293503090 0.0348984915
0 0.1821114186 0.0820738755 0.0222748085 0.0573013763
0 0.1356596966 0.0674776306 0.0237533369 0.0255887500
0 0.0705169761 0.4902761360 0.0207739200 0.0406584367
0 0.0808513031 0.5049037084 0.0199016087 0.0366241920
0 0.1061317668 0.4361210131 0.0203010872 0.0534835215
0 0.1918000766 0.4434233787 0.0242633979 0.0228341118
0 0.3806645751 0.6983596795 0.0347277759 0.0379390922
0 0.5144000134 0.5518104219 0.0215200733 0.0499765466
0 0.7954861090 0.0472192199 0.0242343168 0.0320539230
0 0.8261117978 0.1005697003 0.0273553090 0.0513235007
0 0.0931755990 0.5441447345 0.0222490247 0.0313236518
0 0.1340904389 0.5509921912 0.0270683592 0.0333958141
0 0.0801696758 0.6849751456 0.0152692170 0.0553870892
0 0.1129697231 0.7007157662 0.0216325002 0.0335272937
0 0.0958671054 0.7014914958 0.0136820941 0.0420734666
0 0.1097525820 0.6659289402 0.0247017267 0.0444400991
0 0.9055589343 0.9367215062 0.0193768036 0.0481215274
0 0.8871352573 0.9028055001 0.0163824421 0.0216234198
0 0.9088446730 0.8496820222 0.0233704959 0.0286625491
0 0.8862995792 0.9404029346 0.0205601198 0.0323439774
0 0.8798661845 0.9244463620 0.0113446895 0.0292864986
0 0.4916997310 0.1531728888 0.0247302158 0.0498900264
0 0.4086232526 0.0803681765 0.0272919756 0.0238529495
0 0.1134942143 0.8202693806 0.0190586422 0.0447242804
0 0.0430386039 0.7840938705 0.0149102619 0.0312256794
0 0.0396364744 0.7468974627 0.0212445175 0.0292397661
0 0.0585130809 0.8969606792 0.0193635805 0.0379478742
0 0.9685212219 0.1122172853 0.0093006174 0.0333399181
0 0.9138610360 0.1236016475 0.0201259262 0.0284609057
0 0.8927440605 0.1020526761 0.0205833336 0.0330688618
0 0.9740863454 0.3269470258 0.0091481483 0.0276477370
0 0.9335002807 0.2373596843 0.0156128397 0.0401163242
0 0.1393628905 0.2016278981 0.0210407410 0.0417426617
0 0.0727277786 0.4002995044 0.0163141977 0.0577349801
0 0.0630459884 0.3736492544 0.0164666669 0.0444532241
0 0.0950936511 0.3989214916 0.0189330600 0.0494363233
